[Header]
; VSM Data File (default extension .dat)
; Copyright (c) 2003-2013, Quantum Design, Inc. All rights reserved.
TITLE,KYBSE2_HPARA_AB_0P2T_FCW
FILEOPENTIME,44255847.98,05/28/2026,1:39 pm
BYAPP,VSM,2.0,2.0
INFO,PPMS VSM Option Release 1.4.10 Build 1,APPNAME
INFO,Quantum Design Linear Motor Servo Controller,MOTOR_MODULE_NAME
INFO,3101-100 M1,MOTOR_HW_VERSION
INFO,MMC920,MOTOR_SERIAL_NUMBER
INFO,SRV No X-over 01.03.11,MOTOR_SOFTWARE_VERSION
INFO,Quantum Design VSM Detection Module,VSM_MODULE_NAME
INFO,3101-150 F0,VSM_HW_VERSION
INFO,VSM672,VSM_SERIAL_NUMBER
INFO,VSM No X-over 01.02.05 May 20 2008 13:51:47,VSM_SOFTWARE_VERSION
INFO,659,PREAMP_SERIAL_NUMBER
INFO,749,COIL_SERIAL_NUMBER
INFO,0,MOMENT_UNITS
INFO,KYbSe2,SAMPLE_MATERIAL
INFO,TB001,SAMPLE_COMMENT
INFO,3,SAMPLE_MASS
INFO,,SAMPLE_VOLUME
INFO,370.06,SAMPLE_MOLECULAR_WEIGHT
INFO,,SAMPLE_SIZE
INFO,,SAMPLE_SHAPE
DATATYPE,COMMENT,1
DATATYPE,TIME,2
STARTUPAXIS,X,2
STARTUPAXIS,Y1,5
[Data]
Comment,Time Stamp (sec),Temperature (K),Magnetic Field (Oe),Moment (emu),M. Std. Err. (emu),Transport Action,Averaging Time (sec),Frequency (Hz),Peak Amplitude (mm),Center Position (mm),Coil Signal' (mV),Coil Signal" (mV),Range (mV),M. Quad. Signal (emu),M. Raw' (emu),M. Raw" (emu),Min. Temperature (K),Max. Temperature (K),Min. Field (Oe),Max. Field (Oe),Mass (grams),Motor Lag (deg),Pressure (Torr),VSM Status (code),Motor Status (code),Measure Status (code),Measure Count,PPMS Status (code),System Temp. (K),System Field (Oe),Sample Position (deg),Bridge 1 Resistance (ohms),Bridge 1 Excitation (µA),Bridge 2 Resistance (ohms),Bridge 2 Excitation (µA),Bridge 3 Resistance (ohms),Bridge 3 Excitation (µA),Bridge 4 Resistance (ohms),Bridge 4 Excitation (µA),Signal 1 Vin (V),Signal 2 Vin (V),Digital Inputs (code),Drive 1 Iout (mA),Drive 1 Ipower (W),Drive 2 Iout (mA),Drive 2 Ipower (W),Pressure (),Map 20 (),Map 21 (),Map 22 (),Map 23 (),Map 24 (),Map 25 (),Map 26 (),Map 27 (),Map 28 (),Map 29 ()
,44255880.41,4.9937334,1999.80737304687,,,2,,,,20.1560003764033,,,,,,,4.9937334,4.9937334,1999.80737304687,1999.80737304687,,,5.527248,,,,-99999999,4885,5.0031,1999.80737304687,,,,,,,,,,,,,,,,,,,,,,,4.9937334,,,,
,44255979.915,4.998225,1999.80737304687,0.000190305996040749,2.55145416549357E-7,1,0.999253354069792,40.0298881530762,1.99854866151989,20.1399996876717,0.00215093273806429,0.000396612110813476,0.25,1.66693446137842E-6,0.000189295634058833,2.59574421624643E-6,4.9973021,4.9991479,1999.80737304687,1999.80737304687,62.0816267684296,20.7972768346392,5.527248,0,0,0,40,4881,5.00315,1999.80737304687,,,,,,,,,,,,,0,,,,0.1832897,,,,,,4.998225,,,,
,44255986.485,5.0136752,1999.80737304687,0.000190622928826567,2.32641027640292E-7,1,0.999253354069792,40.0298881530762,1.9981305437176,20.1399996876717,0.00215421709411141,0.000396442850153562,0.25,1.60338950448505E-6,0.000189611210093947,2.53409531987041E-6,5.0136752,5.0136752,1999.80737304687,1999.80737304687,60.9701510140834,20.8118775802994,5.527248,0,0,0,40,4882,5.03755,1999.80737304687,,,,,,,,,,,,,0,,,,0.1823742,,,,,,5.0136752,,,,
,44255993.53,5.1548965,1999.80737304687,0.000188754639064653,2.42163071977062E-7,1,0.999253354069792,40.0298881530762,1.99790445663076,20.1399996876717,0.00213357657484546,0.00038850630124691,0.25,1.23343737919266E-6,0.000187754573085012,2.1568866904767E-6,5.1357942,5.1739988,1999.80737304687,1999.80737304687,60.9685877570449,20.8194697870961,5.154188,0,0,0,40,4882,5.18325,1999.80737304687,,,,,,,,,,,,,0,,,,0.1860546,,,,,,5.1548965,,,,
,44256001.75,5.2921987,1999.80737304687,0.000187123576112701,2.2748016729999E-7,1,0.999253354069792,40.0298881530762,1.99827012037045,20.1399996876717,0.00211560011028282,0.000384694553578176,0.25,1.17668349549931E-6,0.000186132370006813,2.09239575427389E-6,5.2921987,5.2921987,1999.80737304687,1999.80737304687,60.9912549841026,20.807283063955,5.527248,0,0,0,40,4882,5.3082,1999.80737304687,,,,,,,,,,,,,0,,,,0.1879226,,,,,,5.2921987,,,,
,44256011.195,5.449244,1999.80737304687,0.000185296648067029,2.15020898772106E-7,1,0.999253354069792,40.0298881530762,1.99857358914086,20.1399996876717,0.00209457829368409,0.00038481298284972,0.25,1.50258003979735E-6,0.00018431344578561,2.40757515600099E-6,5.449244,5.449244,1999.80737304687,1999.80737304687,60.792721340218,20.7922950838522,5.154188,0,0,0,40,4882,5.4839,1999.80737304687,,,,,,,,,,,,,0,,,,0.191715,,,,,,5.449244,,,,
,44256022.53,5.626678,1999.80737304687,0.000183352532802687,2.56724497043032E-7,1,0.999253354069792,40.0298881530762,1.99819444827281,20.1399996876717,0.00207252515629036,0.000379009011749265,0.25,1.3368139469268E-6,0.000182380371064525,2.23310369331225E-6,5.626678,5.626678,1999.80737304687,1999.80737304687,60.833366023218,20.8101370878823,5.527248,0,0,0,40,4882,5.6592,1999.80737304687,,,,,,,,,,,,,0,,,,0.1955839,,,,,,5.626678,,,,
,44256030.605,5.7693911,1999.80737304687,0.000181335458427658,2.3959761815912E-7,1,0.999253354069792,40.0298881530762,1.99843902916683,20.1500002294779,0.00204965181764371,0.000376663611125966,0.25,1.4793988050427E-6,0.000180373204208015,2.36499991038786E-6,5.7693911,5.7693911,1999.80737304687,1999.80737304687,60.6090386381987,20.8078266610872,5.154188,0,0,0,40,4882,5.8058,1999.80737304687,,,,,,,,,,,,,0,,,,0.1995309,,,,,,5.7693911,,,,
,44256039.62,5.92845225,1999.80737304687,0.000180027038564254,2.57119564268001E-7,1,0.999253354069792,40.0298881530762,1.99780850719397,20.1399996876717,0.00203392025374679,0.000375718822413757,0.25,1.63534296760363E-6,0.000179070891714039,2.51367637666487E-6,5.9195557,5.9373488,1999.80737304687,1999.80737304687,60.6340507508141,20.8200918661286,5.527248,0,0,0,40,4882,5.9531,1999.80737304687,,,,,,,,,,,,,0,,,,0.2025459,,,,,,5.92845225,,,,
,44256051.665,6.101603,1999.80737304687,0.00017790363294683,2.21998444234315E-7,1,0.999253354069792,40.0298881530762,1.99858390735645,20.1399996876717,0.0020110175934128,0.000369460671825181,0.25,1.44257351517122E-6,0.000176959601105564,2.31146043422226E-6,6.101603,6.101603,1999.80737304687,1999.80737304687,60.9576449577757,20.7989457526596,5.527248,0,0,0,40,4882,6.1237,1999.80737304687,,,,,,,,,,,,,0,,,,0.2056013,,,,,,6.101603,,,,
,44256060.635,6.27141765,1999.80737304687,0.000176412549715739,2.3733060256434E-7,1,0.999253354069792,40.0298881530762,1.99779421428651,20.1399996876717,0.00199392511307927,0.000363297685655252,0.25,1.1716901406301E-6,0.000175477686917048,2.03465727460297E-6,6.260397,6.2824383,1999.80737304687,1999.80737304687,61.0381526952565,20.821745583439,5.527248,0,0,0,40,4882,6.30405,1999.80737304687,,,,,,,,,,,,,0,,,,0.208708,,,,,,6.27141765,,,,
,44256072.12,6.454149,1999.80737304687,0.000174375325929799,2.06640263619455E-7,1,0.999253354069792,40.0298881530762,1.99811288609494,20.1399996876717,0.00197036479462846,0.000363910717280223,0.25,1.57820657170677E-6,0.000173449168569273,2.4289956000259E-6,6.4386744,6.4696236,1999.80737304687,1999.80737304687,61.1061543764295,20.8107956024962,5.154188,0,0,0,40,4882,6.4963,1999.80737304687,,,,,,,,,,,,,0,,,,0.2118563,,,,,,6.454149,,,,
,44256083.84,6.651258,1999.80737304687,0.000172675902820666,2.72580856044805E-7,1,0.999253354069792,40.0298881530762,1.99767700992006,20.1399996876717,0.0019513002388377,0.000357187202832911,0.25,1.28868193441535E-6,0.000171760098085356,2.13262289481102E-6,6.651258,6.651258,1999.80737304687,1999.80737304687,61.2554454236026,20.8246024199944,5.527248,0,0,0,40,4882,6.6999,1999.80737304687,,,,,,,,,,,,,0,,,,0.2161317,,,,,,6.651258,,,,
,44256095.545,6.8397179,1999.80737304687,0.000170833005256461,2.08250603533389E-7,1,0.999253354069792,40.0298881530762,1.99769007700103,20.1399996876717,0.00193006884844575,0.000355759540761342,0.25,1.48546713034077E-6,0.000169925912751809,2.31929185483262E-6,6.8397179,6.8397179,1999.80737304687,1999.80737304687,61.2796759076988,20.8245202285178,5.154188,0,0,0,40,4882,6.8866,1999.80737304687,,,,,,,,,,,,,0,,,,0.2183017,,,,,,6.8397179,,,,
,44256107.475,7.0407043,1999.80737304687,0.000169066635335965,2.18801144168251E-7,1,0.999253354069792,40.0298881530762,1.99787580298763,20.1399996876717,0.00191024025863455,0.000352346170577059,0.25,1.49078323570517E-6,0.000168168792431864,2.31587714624917E-6,7.0407043,7.0407043,1999.80737304687,1999.80737304687,60.3253074857179,20.82385865414,5.154188,0,0,0,40,4882,7.0799,1999.80737304687,,,,,,,,,,,,,0,,,,0.2204934,,,,,,7.0407043,,,,
,44256119.395,7.235765,1999.80737304687,0.000167429901928645,2.8231837044371E-7,1,0.999253354069792,40.0298881530762,1.99776563491209,20.1399996876717,0.00189177910643521,0.000348166371242961,0.25,1.4100402503051E-6,0.000166541049422351,2.22749531947257E-6,7.2270322,7.2444978,1999.80737304687,1999.80737304687,61.5329235479296,20.8246781407659,5.154188,0,0,0,40,4882,7.2569,1999.80737304687,,,,,,,,,,,,,0,,,,0.22382515,,,,,,7.235765,,,,
,44256130.595,7.4427862,1999.80737304687,0.000165462659522545,1.95084139524127E-7,1,0.999253354069792,40.0298881530762,1.99761992862693,20.1399996876717,0.00186938695707784,0.000344246348917731,0.25,1.41068753623765E-6,0.000164584134360198,2.2184466953502E-6,7.4379692,7.4476032,1999.80737304687,1999.80737304687,60.6754770623333,20.8253184253721,5.154188,0,0,0,40,4882,7.4707,1999.80737304687,,,,,,,,,,,,,0,,,,0.2272015,,,,,,7.4427862,,,,
,44256143.935,7.6560898,1999.80737304687,0.000163569062323476,2.09502520218456E-7,1,0.999253354069792,40.0298881530762,1.99758365587679,20.1399996876717,0.00184822473216197,0.000338795890172243,0.25,1.26154257484239E-6,0.000162701212381939,2.06075768012971E-6,7.6560898,7.6560898,1999.80737304687,1999.80737304687,61.4039548422565,20.8252568826675,5.154188,0,0,0,40,4882,7.6861,1999.80737304687,,,,,,,,,,,,,0,,,,0.2306346,,,,,,7.6560898,,,,
,44256157.39,7.86374425,1999.80737304687,0.000161594028725108,2.15285608923749E-7,1,0.999253354069792,40.0298881530762,1.99816609813544,20.1399996876717,0.00182567786273899,0.000339001212718755,0.25,1.61769475213218E-6,0.000160734793326303,2.40530277460166E-6,7.860599,7.8668895,1999.80737304687,1999.80737304687,61.1460174309103,20.8048128637363,5.527248,0,0,0,40,4882,7.89795,1999.80737304687,,,,,,,,,,,,,0,,,,0.23295015,,,,,,7.86374425,,,,
,44256170.635,8.099493,1999.80737304687,0.000159696700676936,2.40051072977994E-7,1,0.999253354069792,40.0298881530762,1.99760012168932,20.1399996876717,0.00180430114703123,0.000331813914666167,0.25,1.32326469742332E-6,0.000158848869666228,2.10307559032919E-6,8.099493,8.099493,1999.80737304687,1999.80737304687,61.3359531610834,20.8267966004056,5.527248,0,0,0,40,4882,8.12505,1999.80737304687,,,,,,,,,,,,,0,,,,0.2364642,,,,,,8.099493,,,,
,44256184.265,8.3266015,1999.80737304687,0.000158072090366986,2.4249713568719E-7,1,0.999253354069792,40.0298881530762,1.99754471013162,20.1399996876717,0.00178578595197075,0.00032906941513326,0.25,1.36635393450489E-6,0.000157232564323471,2.13793324924602E-6,8.315588,8.337615,1999.80737304687,1999.80737304687,61.2179272546796,20.8276481378611,5.154188,0,0,0,40,4882,8.3727,1999.80737304687,,,,,,,,,,,,,0,,,,0.23765125,,,,,,8.3266015,,,,
,44256198.995,8.5671835,1999.80737304687,0.000156068912344826,2.05975863583899E-7,1,0.999253354069792,40.0298881530762,1.99782731289023,20.1399996876717,0.00176357010767111,0.00032393053656475,0.25,1.25957047258933E-6,0.000155240420281782,2.02184266523279E-6,8.5671835,8.5671835,1999.80737304687,1999.80737304687,60.9427940159103,20.8238279408532,5.527248,0,0,0,40,4882,8.6124,1999.80737304687,,,,,,,,,,,,,0,,,,0.2412362,,,,,,8.5671835,,,,
,44256214.93,8.8252726,1999.80737304687,0.00015415218238819,2.0695242853345E-7,1,0.999253354069792,40.0298881530762,1.99771652407545,20.1399996876717,0.00174202533298861,0.000318756036037291,0.25,1.13988881458413E-6,0.000153334327582261,1.8933477468401E-6,8.8252726,8.8252726,1999.80737304687,1999.80737304687,61.5540275179488,20.8267740213677,5.527248,0,0,0,40,4882,8.8879,1999.80737304687,,,,,,,,,,,,,0,,,,0.2461045,,,,,,8.8252726,,,,
,44256229.47,9.0745716,1999.80737304687,0.000152518216888316,1.8678514537005E-7,1,0.999253354069792,40.0298881530762,1.99771031519947,20.1399996876717,0.00172326285653061,0.000317040730383029,0.25,1.27490342808109E-6,0.000151708254934635,2.01960017849711E-6,9.0745716,9.0745716,1999.80737304687,1999.80737304687,61.2108925980065,20.8253730702387,5.527248,0,0,0,40,4882,9.122,1999.80737304687,,,,,,,,,,,,,0,,,,0.2461045,,,,,,9.0745716,,,,
,44256245.97,9.3315048,1999.80737304687,0.000150661427443517,2.36325684064792E-7,1,0.999253354069792,40.0298881530762,1.99761125213399,20.1399996876717,0.00170194850831434,0.0003146142814938,0.25,1.38737280309859E-6,0.000149860640568534,2.12232824349688E-6,9.3315048,9.3315048,1999.80737304687,1999.80737304687,61.2538821665642,20.826731861935,5.154188,0,0,0,40,4882,9.3975,1999.80737304687,,,,,,,,,,,,,0,,,,0.2510711,,,,,,9.3315048,,,,
,44256260.855,9.5927849,1999.80737304687,0.000148648525200907,2.29341446815653E-7,1,0.999253354069792,40.0298881530762,1.9976580058457,20.1399996876717,0.00167918709534426,0.000310756585120664,0.25,1.39878713343925E-6,0.000147858231760282,2.12376458708859E-6,9.5927849,9.5927849,1999.80737304687,1999.80737304687,61.5720049738911,20.826554649954,5.154188,0,0,0,40,4882,9.6486,1999.80737304687,,,,,,,,,,,,,0,,,,0.2535918,,,,,,9.5927849,,,,
,44256277.565,9.8731799,1999.80737304687,0.000146404860785559,2.62306039592925E-7,1,0.999253354069792,40.0298881530762,1.9978308126893,20.1399996876717,0.00165483654992195,0.000301191611735504,0.25,9.44694704089942E-7,0.000145628564873311,1.66101066677827E-6,9.8656378,9.880722,1999.80737304687,1999.80737304687,61.2671698513911,20.823899497839,5.527248,0,0,0,40,4882,9.9341,1999.80737304687,,,,,,,,,,,,,0,,,,0.2561378,,,,,,9.8731799,,,,
,44256295.74,10.1679192,1999.80737304687,0.000144759355339165,2.34330197051035E-7,1,0.999253354069792,40.0298881530762,1.99867981948629,20.1399996876717,0.00163697385604059,0.000297498376754695,0.25,8.96231584352196E-7,0.000143991901065261,1.60469526060849E-6,10.1679192,10.1679192,1999.80737304687,1999.80737304687,61.4453811537757,20.8004675975067,5.154188,0,0,0,40,4882,10.2335,1999.80737304687,,,,,,,,,,,,,0,,,,0.2613069,,,,,,10.1679192,,,,
,44256312.97,10.4563599,1999.80737304687,0.000142673509144967,2.43575691133713E-7,1,0.999253354069792,40.0298881530762,1.99771645569154,20.1399996876717,0.00161171764311875,0.000298365558321031,0.25,1.35070413142492E-6,0.000141914739843837,2.04649486032589E-6,10.4563599,10.4563599,1999.80737304687,1999.80737304687,61.3046880203142,20.8255090998087,5.527248,0,0,0,40,4882,10.5275,1999.80737304687,,,,,,,,,,,,,0,,,,0.26261865,,,,,,10.4563599,,,,
,44256330.96,10.75862125,1999.80737304687,0.000140873004379221,2.28138986652368E-7,1,0.999253354069792,40.0298881530762,1.99782077630009,20.1399996876717,0.00159224606045303,0.000290111703121687,0.25,9.35718029341352E-7,0.000140125694658635,1.62482493848154E-6,10.7492657,10.7679768,1999.80737304687,1999.80737304687,61.2140191120834,20.8275277760514,5.527248,0,0,0,40,4882,10.8282,1999.80737304687,,,,,,,,,,,,,0,,,,0.2665802,,,,,,10.75862125,,,,
,44256348.815,11.05636785,1999.80737304687,0.000139386207033937,2.07277605420041E-7,1,0.999253354069792,40.0298881530762,1.99755777560816,20.1399996876717,0.00157490752266966,0.000288925539624346,0.25,1.09481935964656E-6,0.000138645874233372,1.77576145443419E-6,11.0388126,11.0739231,1999.80737304687,1999.80737304687,61.1507072020257,20.8289890316632,5.527248,0,0,0,40,4882,11.12685,1999.80737304687,,,,,,,,,,,,,0,,,,0.2665802,,,,,,11.05636785,,,,
,44256368.225,11.3711653,1999.80737304687,0.000137677979861921,1.91546097707318E-7,1,0.999253354069792,40.0298881530762,1.9982621781132,20.1399996876717,0.00155631207936872,0.000284430987801932,0.25,9.88688188790881E-7,0.00013694709209165,1.6617729191478E-6,11.3711653,11.3711653,1999.80737304687,1999.80737304687,61.138201145718,20.8172371104837,5.154188,0,0,0,40,4882,11.45235,1999.80737304687,,,,,,,,,,,,,0,,,,0.2692567,,,,,,11.3711653,,,,
,44256387.825,11.694118,1999.80737304687,0.000135287028526798,2.25216451144071E-7,1,0.999253354069792,40.0298881530762,1.99764283983636,20.1399996876717,0.00152851946906086,0.000281192364634573,0.25,1.12914990031101E-6,0.000134567967776755,1.78971324392009E-6,11.6848106,11.7034254,1999.80737304687,1999.80737304687,61.5634070601796,20.8295076511823,5.154188,0,0,0,40,4882,11.7773,1999.80737304687,,,,,,,,,,,,,0,,,,0.2733252,,,,,,11.694118,,,,
,44256407.54,12.03232,1999.80737304687,0.000133525824804481,2.17313210495371E-7,1,0.999253354069792,40.0298881530762,1.99764843654077,20.1399996876717,0.00150902474586361,0.000275245225199545,0.25,9.12324397927806E-7,0.000132817024688388,1.565353216736E-6,12.03232,12.03232,1999.80737304687,1999.80737304687,61.3781611011219,20.828468013469,5.527248,0,0,0,40,4882,12.1229,1999.80737304687,,,,,,,,,,,,,0,,,,0.2774483,,,,,,12.03232,,,,
,44256429.46,12.3829231,1999.80737304687,0.000132052605742269,2.49684582540554E-7,1,0.999253354069792,40.0298881530762,1.99766747077078,20.1500002294779,0.00149168041847684,0.000276244401842402,0.25,1.25875443468725E-6,0.000131349766872878,1.90269635790727E-6,12.3829231,12.3829231,1999.80737304687,1999.80737304687,60.9764040422372,20.8312490549766,5.527248,0,0,0,40,4882,12.4766,1999.80737304687,,,,,,,,,,,,,0,,,,0.2830474,,,,,,12.3829231,,,,
,44256449.59,12.7190237,1999.80737304687,0.00013044622860407,2.06183617039207E-7,1,0.999253354069792,40.0298881530762,1.99876171873546,20.1399996876717,0.00147458479158234,0.000271415353504239,0.25,1.10115670641526E-6,0.000129752539259508,1.73801454823891E-6,12.7190237,12.7190237,1999.80737304687,1999.80737304687,60.8872983910449,20.7939446700957,5.527248,0,0,0,40,4882,12.81015,1999.80737304687,,,,,,,,,,,,,0,,,,0.2830474,,,,,,12.7190237,,,,
,44256472.735,13.1111722,1999.80737304687,0.000128325619885185,2.40256553887852E-7,1,0.999253354069792,40.0298881530762,1.9978785933585,20.1399996876717,0.00145042053703939,0.000264498774556487,0.25,8.71906062715579E-7,0.000127644127725445,1.49952448485109E-6,13.1005392,13.1218052,1999.80737304687,1999.80737304687,61.4453811537757,20.8291556735318,5.527248,0,0,0,40,4882,13.19715,1999.80737304687,,,,,,,,,,,,,0,,,,0.2916586,,,,,,13.1111722,,,,
,44256496.98,13.5396137,1999.80737304687,,,2,,,,20.1459998345971,,,,,,,13.5396137,13.5396137,1999.80737304687,1999.80737304687,,,5.154188,,,,-99999999,4882,13.6324,1999.80737304687,,,,,,,,,,,,,,,,,,,,,,,13.5396137,,,,
touchdown = 14.8999998345971 mm,44256511.17,13.7970171,1999.80737304687,0.000125293228522886,2.19874213391119E-7,1,0.999253354069792,40.0298881530762,1.99787796523021,20.1299991458654,0.00141592123144396,0.000259515852837301,0.25,9.63340336270651E-7,0.000124627069397746,1.57553384557867E-6,13.7970171,13.7970171,1999.80737304687,1999.80737304687,61.199168170218,20.8251371974331,5.154188,0,0,0,40,4882,13.8904,1999.80737304687,,,,,,,,,,,,,0,,,,0.2975444,,,,,,13.7970171,,,,
,44256514.53,13.8547134,1999.80737304687,0.000124935519024681,2.71810886468511E-7,1,0.999253354069792,40.0298881530762,1.9988693728667,20.1299991458654,0.00141221419383807,0.000260789400066158,0.25,1.12772180744972E-6,0.000124270419294635,1.73728497520836E-6,13.8547134,13.8547134,1999.80737304687,1999.80737304687,61.5165093490257,20.7952656443827,5.527248,0,0,0,40,4882,13.9464,1999.80737304687,,,,,,,,,,,,,0,,,,0.2960656,,,,,,13.8547134,,,,
,44256536.705,14.25348045,1999.80737304687,0.000123101895999246,1.9696692313264E-7,1,0.999253354069792,40.0298881530762,1.99867753638748,20.1299991458654,0.0013914231474822,0.000256572513382099,0.25,1.07887275982997E-6,0.000122446583946437,1.67965832166848E-6,14.2440195,14.2629414,1999.80737304687,1999.80737304687,61.9510948057181,20.7929803523748,5.527248,0,0,0,40,4882,14.3521,1999.80737304687,,,,,,,,,,,,,0,,,,0.2990381,,,,,,14.25348045,,,,
,44256559.18,14.65450285,1999.80737304687,0.000121459014262693,2.4310426203274E-7,1,0.999253354069792,40.0298881530762,1.99781596377695,20.1299991458654,0.00137211885409422,0.000254010556434668,0.25,1.14987968452854E-6,0.000120811890155092,1.74219441194043E-6,14.6436243,14.6653814,1999.80737304687,1999.80737304687,61.6525127113719,20.8285880220953,5.154188,0,0,0,40,4882,14.75405,1999.80737304687,,,,,,,,,,,,,0,,,,0.3050729,,,,,,14.65450285,,,,
,44256584.25,15.100853,1999.80737304687,0.00011934490983148,2.41576792605248E-7,1,0.999253354069792,40.0298881530762,1.99819799051737,20.1299991458654,0.0013488181013441,0.000247704573172048,0.25,9.59351563020711E-7,0.00011870973394299,1.54225502199327E-6,15.100853,15.100853,1999.80737304687,1999.80737304687,61.2187088831988,20.8214658526226,5.154188,0,0,0,40,4882,15.1938,1999.80737304687,,,,,,,,,,,,,0,,,,0.3096749,,,,,,15.100853,,,,
,44256608.865,15.5045662,1999.80737304687,0.000117876731775218,2.14677035459273E-7,1,0.999253354069792,40.0298881530762,1.99789119326822,20.1299991458654,0.00133225623127051,0.000243322390271283,0.25,8.3277170808785E-7,0.000117249790958981,1.40910889315226E-6,15.5045662,15.5045662,1999.80737304687,1999.80737304687,61.5337051764488,20.8284037017102,5.527248,0,0,0,40,4882,15.6079,1999.80737304687,,,,,,,,,,,,,0,,,,0.3096749,,,,,,15.5045662,,,,
,44256636.37,15.9600964,1999.80737304687,0.000116209898460772,2.53431117247694E-7,1,0.999253354069792,40.0298881530762,1.99793172886715,20.1299991458654,0.00131341108147152,0.00024005652805947,0.25,8.3606631977467E-7,0.000115591582167221,1.40417217025948E-6,15.9600964,15.9600964,1999.80737304687,1999.80737304687,60.9732775281603,20.8296421641856,5.154188,0,0,0,40,4882,16.0569,1999.80737304687,,,,,,,,,,,,,0,,,,0.312784,,,,,,15.9600964,,,,
,44256666.69,16.4247246,1999.80737304687,0.000114478236061748,2.46098181004815E-7,1,0.999253354069792,40.0298881530762,1.99823242183908,20.1299991458654,0.00129419800258829,0.000235516380707229,0.25,7.35555740343006E-7,0.000113869393555223,1.29565955548989E-6,16.4247246,16.4247246,1999.80737304687,1999.80737304687,60.874010706218,20.8170897756872,5.527248,0,0,0,40,4882,16.5376,1999.80737304687,,,,,,,,,,,,,0,,,,0.3159243,,,,,,16.4247246,,,,
,44256696.89,16.8852329,1999.80737304687,0.00011305373160894,2.52508304155174E-7,1,0.999253354069792,40.0298881530762,1.99863129286642,20.1299991458654,0.00127796231665747,0.000234753475905251,0.25,9.14022784388586E-7,0.000112451364643282,1.4661627759045E-6,16.8852329,16.8852329,1999.80737304687,1999.80737304687,61.3554938740642,20.8094007770104,5.154188,0,0,0,40,4882,16.9832,1999.80737304687,,,,,,,,,,,,,0,,,,0.32069805,,,,,,16.8852329,,,,
,44256731.625,17.3909378,1999.80737304687,0.000111421978640866,2.3720827240341E-7,1,0.999253354069792,40.0298881530762,1.99883499819937,20.1299991458654,0.00125995955075159,0.000229531995955635,0.25,7.37264972603847E-7,0.000110828682093487,1.28203199817131E-6,17.3909378,17.3909378,1999.80737304687,1999.80737304687,61.8369770419104,20.7989076407336,5.527248,0,0,0,40,4882,17.5255,1999.80737304687,,,,,,,,,,,,,0,,,,0.32391785,,,,,,17.3909378,,,,
,44256760.345,17.8662415,1999.80737304687,0.000109819237090091,2.21997530972196E-7,1,0.999253354069792,40.0298881530762,1.9980995953225,20.1299991458654,0.00124084338764223,0.000229326908966521,0.25,1.0070977503463E-6,0.000109233071188347,1.54273497126101E-6,17.8662415,17.8662415,1999.80737304687,1999.80737304687,61.239812853218,20.824374782515,5.527248,0,0,0,40,4882,18.0009,1999.80737304687,,,,,,,,,,,,,0,,,,0.32716995,,,,,,17.8662415,,,,
,44256790.905,18.390646,1999.80737304687,0.000108328019732556,2.42987904278063E-7,1,0.999253354069792,40.0298881530762,1.99788668158743,20.1299991458654,0.001223563344203,0.000227948057331265,0.25,1.14835097839372E-6,0.000107749192324396,1.6763038429171E-6,18.390646,18.390646,1999.80737304687,1999.80737304687,61.8127465578142,20.8318034548019,5.527248,0,0,0,40,4882,18.5143,1999.80737304687,,,,,,,,,,,,,0,,,,0.3288041,,,,,,18.390646,,,,
,44256822.79,18.90851785,1999.80737304687,0.000107404986159588,2.11172239325543E-7,1,0.999253354069792,40.0298881530762,1.99841391566935,20.1299991458654,0.00121382970538196,0.00022387947118512,0.25,9.44968405073007E-7,0.000106832402589936,1.47010527331912E-6,18.90065,18.9163857,1999.80737304687,1999.80737304687,61.2640433373142,20.8179177273211,5.527248,0,0,0,40,4882,19.05365,1999.80737304687,,,,,,,,,,,,,0,,,,0.3321053,,,,,,18.90851785,,,,
,44256855.025,19.4427586,1999.80737304687,0.000105784544331714,2.00049493250615E-7,1,0.999253354069792,40.0298881530762,1.99775235544449,20.1299991458654,0.00119528034148403,0.000219665394854079,0.25,8.6195527693386E-7,0.000105221487925671,1.38042101691881E-6,19.4427586,19.4427586,1999.80737304687,1999.80737304687,61.1202236897757,20.8321481277133,5.527248,0,0,0,40,4882,19.5939,1999.80737304687,,,,,,,,,,,,,0,,,,0.3354396,,,,,,19.4427586,,,,
,44257113.11,21.5507679,1999.80737304687,,,2,,,,20.1259996823072,,,,,,,21.5507679,21.5507679,1999.80737304687,1999.80737304687,,,5.154188,,,,-99999999,4886,21.6215,1999.80737304687,,,,,,,,,,,,,,,,,,,,,,,21.5507679,,,,
,44257375.925,20.00594425,1999.80737304687,0.000104453922937967,2.4529128235516E-7,1,0.999253354069792,40.0298881530762,1.99773235508488,20.1099999248981,0.0011796118505008,0.000220485755835283,0.25,1.16697682131761E-6,0.00010389693685547,1.678163149778E-6,20.0054779,20.0064106,1999.80737304687,1999.80737304687,61.5962354579873,20.8356587383761,5.154188,0,0,0,40,4881,20.0421,1999.80737304687,,,,,,,,,,,,,0,,,,0.3304547,,,,,,20.00594425,,,,
,44257541.77,19.9849348,1999.80737304687,0.000104424013331778,2.36549699147681E-7,1,0.999253354069792,40.0298881530762,1.99847239364624,20.1099999248981,0.00118000826733648,0.000218686587575823,0.25,1.00641799341916E-6,0.000103867975852006,1.51828782724721E-6,19.9848976,19.984972,1999.80737304687,1999.80737304687,60.9412307588718,20.8122290343639,5.527248,0,0,0,40,4881,20.035,1999.80737304687,,,,,,,,,,,,,0,,,,0.3288041,,,,,,19.9849348,,,,
,44257553.015,20.0034199,1999.80737304687,0.000103883129970419,1.99297291770985E-7,1,0.999253354069792,40.0298881530762,1.99768556616344,20.1099999248981,0.00117338810420181,0.000217867435610995,0.25,1.03595272439113E-6,0.00010332992703081,1.54514199492127E-6,20.0034199,20.0034199,1999.80737304687,1999.80737304687,61.8580810119296,20.83484332915,5.527248,0,0,0,40,4882,20.104,1999.80737304687,,,,,,,,,,,,,0,,,,0.3304547,,,,,,20.0034199,,,,
,44257574.595,21.1830044,1999.80737304687,0.000101803935886144,2.14255254708505E-7,1,0.999253354069792,40.0298881530762,1.99884132063108,20.1099999248981,0.00115064602025384,0.000213300211808121,0.25,9.80160527047782E-7,0.000101266414804952,1.4849590972696E-6,21.1288414,21.2371674,1999.80737304687,1999.80737304687,61.6970655369681,20.8036857789296,5.527248,0,0,0,40,4886,21.98205,1999.80737304687,,,,,,,,,,,,,0,,,,0.3321053,,,,,,21.1830044,,,,
,44257587.46,22.44746495,1999.80737304687,9.93456062088445E-5,2.24750305901062E-7,1,0.999253354069792,40.0298881530762,1.99787432363351,20.1099999248981,0.00112261722700661,0.000206750985981042,0.25,8.35761601284877E-7,9.88255337036156E-5,1.33393441943247E-6,22.3680172,22.5269127,1999.80737304687,1999.80737304687,60.9623347288911,20.8336501900666,5.154188,0,0,0,40,4886,23.16535,1999.80737304687,,,,,,,,,,,,,0,,,,0.3388074,,,,,,22.44746495,,,,
,44257603.725,23.63704105,1999.80737304687,9.7513015586869E-5,2.79468389420014E-7,1,0.999253354069792,40.0298881530762,1.99845732252816,20.1200004667044,0.00110246696130627,0.000201914350852268,0.25,7.17697551228537E-7,9.7008355539643E-5,1.21357923717471E-6,23.5954742,23.6786079,1999.80737304687,1999.80737304687,60.4816331895641,20.8150166999072,5.527248,0,0,0,40,4886,24.4175,1999.80737304687,,,,,,,,,,,,,0,,,,0.3405082,,,,,,23.63704105,,,,
,44257620.96,25.0391846,1999.80737304687,9.5456596208526E-5,2.40480876497732E-7,1,0.999253354069792,40.0298881530762,1.99893377665304,20.1099999248981,0.00107984536982799,0.000196092929082713,0.25,5.49350472616395E-7,9.497188466541E-5,1.04522626984904E-6,25.0391846,25.0391846,1999.80737304687,1999.80737304687,61.9714171472181,20.8078127341081,5.527248,0,0,0,40,4886,26.0014,1999.80737304687,,,,,,,,,,,,,0,,,,0.349115,,,,,,25.0391846,,,,
,44257637.175,26.3685856,1999.80737304687,9.38235924446614E-5,2.48848237563206E-7,1,0.999253354069792,40.0298881530762,1.99888285080575,20.1099999248981,0.00106060039350982,0.000197565576642969,0.25,9.55550126798625E-7,9.33537111916925E-5,1.45041334695996E-6,26.3685856,26.3685856,1999.80737304687,1999.80737304687,60.6363956363718,20.7995837134076,5.527248,0,0,0,40,4886,27.3394,1999.80737304687,,,,,,,,,,,,,0,,,,0.35086755,,,,,,26.3685856,,,,
,44257656.675,27.9117298,1999.80737304687,9.19016259036349E-5,2.25735010182907E-7,1,0.999253354069792,40.0298881530762,1.99905224477125,20.1099999248981,0.00103908689764199,0.000193710095663607,0.25,9.35168306570975E-7,9.14549251825181E-5,1.43384400277984E-6,27.9117298,27.9117298,1999.80737304687,1999.80737304687,61.1765009431603,20.8025987155075,5.527248,0,0,0,40,4886,29.0583,1999.80737304687,,,,,,,,,,,,,0,,,,0.3526201,,,,,,27.9117298,,,,
,44257675.805,29.4945421,1999.80737304687,8.95432261591247E-5,2.26108105241342E-7,1,0.999253354069792,40.0298881530762,1.9988633722442,20.1099999248981,0.00101233078713537,0.000189721528772321,0.25,9.82336301507302E-7,8.9122529501606E-5,1.4823122818286E-6,29.4534931,29.5355911,1999.80737304687,1999.80737304687,61.3844141292757,20.8000480144681,5.154188,0,0,0,40,4886,30.6639,1999.80737304687,,,,,,,,,,,,,0,,,,0.3597362,,,,,,29.4945421,,,,
,44257697.36,31.2264786,1999.80737304687,8.78469326907437E-5,2.48341572030574E-7,1,0.999253354069792,40.0298881530762,1.99791603386276,20.1200004667044,0.000993365957611288,0.000183675959489504,0.25,7.32699333881867E-7,8.74562215821751E-5,1.24255386060631E-6,31.2264786,31.2264786,1999.80737304687,1999.80737304687,61.3132859340257,20.8337272210379,5.527248,0,0,0,40,4886,32.5386,1999.80737304687,,,,,,,,,,,,,0,,,,0.3669959,,,,,,31.2264786,,,,
,44257716.44,32.7129135,1999.80737304687,,,2,,,,20.1459998345971,,,,,,,32.7129135,32.7129135,1999.80737304687,1999.80737304687,,,5.527248,,,,-99999999,4886,34.1921,1999.80737304687,,,,,,,,,,,,,,,,,,,,,,,32.7129135,,,,
touchdown = 14.8999998345971 mm,44257730.12,33.8199844,1999.80737304687,8.56896088680515E-5,2.30497058697465E-7,1,0.999253354069792,40.0298881530762,1.99875369336704,20.1299991458654,0.000969901241878816,0.000178700009943053,0.25,6.31255175229687E-7,8.53470346306287E-5,1.15834782084747E-6,33.8199844,33.8199844,1999.80737304687,1999.80737304687,61.1827539713142,20.7971792963865,5.154188,0,0,0,40,4886,35.3661,1999.80737304687,,,,,,,,,,,,,0,,,,0.3819578,,,,,,33.8199844,,,,
,44257742.96,34.8317909,1999.80737304687,8.47673730501351E-5,2.21992960717128E-7,1,0.999253354069792,40.0298881530762,1.9981472141694,20.1299991458654,0.000958871798231117,0.000179652267482961,0.25,8.67882173426126E-7,8.4444249720318E-5,1.4002058109331E-6,34.8317909,34.8317909,1999.80737304687,1999.80737304687,61.5188542345834,20.8219646977311,5.154188,0,0,0,40,4886,36.4728,1999.80737304687,,,,,,,,,,,,,0,,,,0.3857926,,,,,,34.8317909,,,,
,44257767.015,36.7872849,1999.80737304687,8.43126989626699E-5,2.17940055544432E-7,1,0.999253354069792,40.0298881530762,1.99870918736041,20.1299991458654,0.000954482237673573,0.000178359921810985,0.25,8.0129407734605E-7,8.40283376076196E-5,1.35332790430976E-6,36.7872849,36.7872849,1999.80737304687,1999.80737304687,61.5665335742565,20.8039441312992,5.527248,0,0,0,40,4886,38.57505,1999.80737304687,,,,,,,,,,,,,0,,,,0.3975297,,,,,,36.7872849,,,,
,44257793.42,38.847723,1999.80737304687,8.38808248414248E-5,2.18084770485321E-7,1,0.999253354069792,40.0298881530762,1.9988631595993,20.1299991458654,0.000950014065191012,0.000178535118099854,0.25,8.60848158583624E-7,8.36435149457117E-5,1.43307414218674E-6,38.800087,38.895359,1999.80737304687,1999.80737304687,61.7705386177758,20.8037074694645,5.154188,0,0,0,40,4886,40.88695,1999.80737304687,,,,,,,,,,,,,0,,,,0.4116801,,,,,,38.847723,,,,
,44257822.94,41.0286636,1999.80737304687,8.52255784931012E-5,2.85751442578126E-7,1,0.999253354069792,40.0298881530762,1.99853673225124,20.1299991458654,0.000965725956473733,0.000181769356347076,0.25,8.76458609900521E-7,8.50441791218881E-5,1.48102335982284E-6,41.0286636,41.0286636,1999.80737304687,1999.80737304687,61.5712233453719,20.8113103796802,5.154188,0,0,0,40,4886,43.4995,1999.80737304687,,,,,,,,,,,,,0,,,,0.4220858,,,,,,41.0286636,,,,
,44257861.97,43.9627113,1999.80737304687,,,2,,,,20.1360002241135,,,,,,,43.9627113,43.9627113,1999.80737304687,1999.80737304687,,,5.154188,,,,-99999999,4886,47.0562,1999.80737304687,,,,,,,,,,,,,,,,,,,,,,,43.9627113,,,,
touchdown = 14.8900002241135 mm,44257875.83,45.03385355,1999.80737304687,8.49179684238205E-5,2.98733784507348E-7,1,0.999253354069792,40.0298881530762,1.99839851990599,20.1200004667044,0.000963566092905284,0.000181400956686212,0.25,8.52213627963032E-7,8.48601205968314E-5,1.48106222417675E-6,44.9895554,45.0781517,1999.80737304687,1999.80737304687,61.1413276597949,20.811812871763,5.154188,0,0,0,40,4886,48.31115,1999.80737304687,,,,,,,,,,,,,0,,,,0.4830327,,,,,,45.03385355,,,,
,44257886.86,45.8968201,1999.80737304687,8.36792362394454E-5,2.72560758978585E-7,1,0.999253354069792,40.0298881530762,1.99837312226602,20.1200004667044,0.000949817810524064,0.00017863700047012,0.25,8.23088313652698E-7,8.36477857737076E-5,1.44495420213661E-6,45.8968201,45.8968201,1999.80737304687,1999.80737304687,61.425840440795,20.8080401833564,5.154188,0,0,0,40,4886,49.284,1999.80737304687,,,,,,,,,,,,,0,,,,0.50272525,,,,,,45.8968201,,,,
,44257921.47,48.48231885,1999.80737304687,6.67955469335378E-5,2.81462553882638E-7,1,0.999253354069792,40.0298881530762,1.99852037469178,20.1200004667044,0.000758378594154537,0.000146091627751381,0.25,9.52641919636404E-7,6.68338413596818E-5,1.44883780123297E-6,48.4409904,48.5236473,1999.80737304687,1999.80737304687,61.3257919903334,20.8053719740521,5.154188,0,0,0,40,4886,52.4364,1999.80737304687,,,,,,,,,,,,,0,,,,0.6047672,,,,,,48.48231885,,,,
,44257959.5,51.2946243,1999.80737304687,5.64339977911966E-5,2.60654981873886E-7,1,0.999253354069792,40.0298881530762,1.99880576420233,20.1200004667044,0.00064125270202443,0.000124846794076879,0.25,9.26410425700705E-7,5.65233121054344E-5,1.33735064003667E-6,51.2946243,51.2946243,1999.80737304687,1999.80737304687,61.0248650104295,20.8017920257191,5.154188,0,0,0,40,4886,55.8955,1999.80737304687,,,,,,,,,,,,,0,,,,0.7686227,,,,,,51.2946243,,,,
,44258011.09,55.1661415,1999.80737304687,,,2,,,,20.1160000718236,,,,,,,55.1661415,55.1661415,1999.80737304687,1999.80737304687,,,5.154188,,,,-99999999,4886,60.5625,1999.80737304687,,,,,,,,,,,,,,,,,,,,,,,55.1661415,,,,
touchdown = 14.8700000718236 mm,44258025.1,56.2387505,1999.80737304687,4.88211495860142E-5,2.73393785048929E-7,1,0.999253354069792,40.0298881530762,1.99861047394419,20.0999993830919,0.000555764959040761,0.000106830947391051,0.25,7.12472800874563E-7,4.89726111833033E-5,1.04209982391024E-6,56.210434,56.267067,1999.80737304687,1999.80737304687,61.4234955552373,20.8028368083573,5.527248,0,0,0,40,4886,61.84645,1999.80737304687,,,,,,,,,,,,,0,,,,1.1347921,,,,,,56.2387505,,,,
,44258039,57.3178673,1999.80737304687,4.79555578915345E-5,2.82773571079579E-7,1,0.999253354069792,40.0298881530762,1.99741321263899,20.0999993830919,0.000545019022260893,0.000109001776693244,0.25,1.06577288870897E-6,4.81147042952157E-5,1.38421601601321E-6,57.3178673,57.3178673,1999.80737304687,1999.80737304687,61.2953084780834,20.8385226282223,5.527248,0,0,0,40,4886,63.0954,1999.80737304687,,,,,,,,,,,,,0,,,,1.2169875,,,,,,57.3178673,,,,
,44258081.75,60.5759277,1999.80737304687,4.57286457523556E-5,2.65926532953348E-7,1,0.999253354069792,40.0298881530762,1.9973952382631,20.0999993830919,0.000519652709231282,0.000106393103686861,0.25,1.24582374398842E-6,4.59115607010348E-5,1.53020840855104E-6,60.5759277,60.5759277,1999.80737304687,1999.80737304687,61.8760584678719,20.8376486606483,5.527248,0,0,0,40,4886,66.91805,1999.80737304687,,,,,,,,,,,,,0,,,,1.49359075,,,,,,60.5759277,,,,
,44258124.795,63.8507843,1999.80737304687,4.37892258473126E-5,2.8146673262714E-7,1,0.999253354069792,40.0298881530762,1.99739129225306,20.0999993830919,0.000497701224938006,0.000103019297931577,0.25,1.30811150534987E-6,4.39885060619732E-5,1.56123500160849E-6,63.8076744,63.8938942,1999.80737304687,1999.80737304687,61.4946237504873,20.8392065254878,5.154188,0,0,0,40,4886,70.74525,1999.80737304687,,,,,,,,,,,,,0,,,,1.7700551,,,,,,63.8507843,,,,
,44258157.05,66.3444595,1999.80737304687,,,2,,,,20.0959999195337,,,,,,,66.3444595,66.3444595,1999.80737304687,1999.80737304687,,,5.527248,,,,-99999999,4886,73.5958,1999.80737304687,,,,,,,,,,,,,,,,,,,,,,,66.3444595,,,,
,44258171.655,67.49137495,1999.80737304687,4.11446625374278E-5,3.1166113419853E-7,1,0.999253354069792,40.0298881530762,1.99732015668346,20.0800001621246,0.000466920547121021,0.000102104948381077,0.25,1.7096146413298E-6,4.13487252513887E-5,1.93063081842673E-6,67.459465,67.5232849,1999.80737304687,1999.80737304687,61.4297485833911,20.8390941346862,5.154188,0,0,0,40,4886,74.88475,1999.80737304687,,,,,,,,,,,,,0,,,,2.0664685,,,,,,67.49137495,,,,
,44258220.42,71.3058472,1999.80737304687,3.96875679985321E-5,2.24079311702666E-7,1,0.999253354069792,40.0298881530762,1.99747646974418,20.0800001621246,0.000451820690785657,9.14569940359422E-5,0.25,1.04881911669455E-6,3.99017878380527E-5,1.24092231406999E-6,71.3058472,71.3058472,1999.80737304687,1999.80737304687,61.9307724642181,20.8398772199497,5.154188,0,0,0,40,4886,79.199,1999.80737304687,,,,,,,,,,,,,0,,,,2.2608724,,,,,,71.3058472,,,,
,44258273.91,75.4773331,1999.80737304687,3.75053316397302E-5,2.5038568414726E-7,1,0.999253354069792,40.0298881530762,1.99746990458583,20.0800001621246,0.000426446125026973,9.01593020438226E-5,0.25,1.33197031902903E-6,3.7716784825594E-5,1.49894200134506E-6,75.4773331,75.4773331,1999.80737304687,1999.80737304687,61.2226170257949,20.8415258495857,5.527248,0,0,0,40,4886,83.8966,1999.80737304687,,,,,,,,,,,,,0,,,,2.3296554,,,,,,75.4773331,,,,
,44258301.55,77.6105957,1999.80737304687,,,2,,,,20.0660001567602,,,,,,,77.6105957,77.6105957,1999.80737304687,1999.80737304687,,,5.527248,,,,-99999999,4886,86.3441,1999.80737304687,,,,,,,,,,,,,,,,,,,,,,,77.6105957,,,,
,44258328.29,79.7490044,1999.80737304687,3.60338611859829E-5,2.40749463947934E-7,1,0.999253354069792,40.0298881530762,1.99730047921898,20.0500003993511,0.000409316690686016,8.91890470826305E-5,0.25,1.51754451211275E-6,3.62432445231079E-5,1.66520887667057E-6,79.7081223,79.7898865,1999.80737304687,1999.80737304687,61.5305786623719,20.8376880373834,5.527248,0,0,0,40,4886,88.7074,1999.80737304687,,,,,,,,,,,,,0,,,,2.4005308,,,,,,79.7490044,,,,
,44258385.385,84.2169533,1999.80737304687,3.39157746202644E-5,2.86324845523884E-7,1,0.999253354069792,40.0298881530762,1.99738784238151,20.0500003993511,0.000385539090532173,8.27233423320691E-5,0.25,1.33225858507855E-6,3.4117745223493E-5,1.45873497974348E-6,84.132515,84.3013916,1999.80737304687,1999.80737304687,61.6587657395258,20.836254887431,5.527248,0,0,0,40,4886,93.68055,1999.80737304687,,,,,,,,,,,,,0,,,,2.4368036,,,,,,84.2169533,,,,
,44258444.39,88.8644485,1999.80737304687,,,2,,,,20.0259998521805,,,,,,,88.8644485,88.8644485,1999.80737304687,1999.80737304687,,,5.154188,,,,-99999999,4886,98.8146,1999.80737304687,,,,,,,,,,,,,,,,,,,,,,,88.8644485,,,,
touchdown = 14.7799998521805 mm,44258458.15,89.9746246,1999.80737304687,3.24943863220537E-5,3.69684784379198E-7,1,0.999253354069792,40.0298881530762,1.997421723502,20.0100000947714,0.000369216736788386,8.04411461843221E-5,0.25,1.39155959758986E-6,3.26905257604204E-5,1.50111184113512E-6,89.9746246,89.9746246,1999.80737304687,1999.80737304687,61.2828024217757,20.8362801514057,5.527248,0,0,0,40,4886,100.0147,1999.80737304687,,,,,,,,,,,,,0,,,,2.4735627,,,,,,89.9746246,,,,
,44258509.44,94.05394365,1999.80737304687,3.1471502637422E-5,3.34071904527247E-7,1,0.999253354069792,40.0298881530762,1.99728560884496,20.0100000947714,0.000357870715899268,7.62301514184934E-5,0.25,1.20855285651389E-6,3.16627259407538E-5,1.30659949022963E-6,93.9672928,94.1405945,1999.80737304687,1999.80737304687,61.7236409066219,20.8358269491078,5.154188,0,0,0,40,4886,104.4777,1999.80737304687,,,,,,,,,,,,,0,,,,2.4859799,,,,,,94.05394365,,,,
,44258585.52,100.1356277,1999.80737304687,,,2,,,,19.996000089407,,,,,,,100.1356277,100.1356277,1999.80737304687,1999.80737304687,,,5.527248,,,,-99999999,4886,111.2781,1999.80737304687,,,,,,,,,,,,,,,,,,,,,,,100.1356277,,,,
touchdown = 14.750000089407 mm,44258599.29,101.3021164,1999.80737304687,2.98650264498021E-5,3.05685972042559E-7,1,0.999253354069792,40.0298881530762,1.99721188172187,19.9800003319979,0.000338500573912335,7.86290985991691E-5,0.25,1.70689037014677E-6,3.0044847544734E-5,1.79303888214141E-6,101.3021164,101.3021164,1999.80737304687,1999.80737304687,61.6275005987565,20.8390762573924,5.154188,0,0,0,40,4886,112.5261,1999.80737304687,,,,,,,,,,,,,0,,,,2.510939,,,,,,101.3021164,,,,
,44258645.69,105.0512619,1999.80737304687,2.97171019357737E-5,3.46601622377975E-7,1,0.999253354069792,40.0298881530762,1.99728522617408,19.9800003319979,0.000337755922870446,7.28656966731605E-5,0.25,1.23334880020385E-6,2.98964443566069E-5,1.31172599914068E-6,105.0512619,105.0512619,1999.80737304687,1999.80737304687,61.6603289965642,20.836855657219,5.527248,0,0,0,40,4886,116.6524,1999.80737304687,,,,,,,,,,,,,0,,,,2.5488164,,,,,,105.0512619,,,,
,44258722.16,111.3329544,1999.80737304687,,,2,,,,19.9559997848272,,,,,,,111.3329544,111.3329544,1999.80737304687,1999.80737304687,,,5.527248,,,,-99999999,4886,123.4595,1999.80737304687,,,,,,,,,,,,,,,,,,,,,,,111.3329544,,,,
touchdown = 14.7099997848272 mm,44258736.035,112.50053785,1999.80737304687,2.82953944627236E-5,4.19418448718007E-7,1,0.999253354069792,40.0298881530762,1.99738181683451,19.9400000274181,0.000321332521346649,7.08387071312315E-5,0.25,1.30900318086729E-6,2.84634541773906E-5,1.37732383832757E-6,112.4571991,112.5438766,1999.80737304687,1999.80737304687,61.6861227376988,20.834377828815,5.154188,0,0,0,40,4886,124.6783,1999.80737304687,,,,,,,,,,,,,0,,,,2.5488164,,,,,,112.50053785,,,,
,44258794.595,117.3929367,1999.80737304687,2.75584712286245E-5,4.11563804245961E-7,1,0.999253354069792,40.0298881530762,1.99757216451894,19.9400000274181,0.000311544173736768,7.72645005639518E-5,0.25,2.00097783044227E-6,2.77186542372324E-5,2.06801216999476E-6,117.3929367,117.3929367,1999.80737304687,1999.80737304687,61.4242771837565,20.8333043908341,5.154188,0,0,0,40,4886,129.866,1999.80737304687,,,,,,,,,,,,,0,,,,2.5488164,,,,,,117.3929367,,,,
,44258858.06,122.6107254,1999.80737304687,,,2,,,,19.9160004115701,,,,,,,122.6107254,122.6107254,1999.80737304687,1999.80737304687,,,5.527248,,,,-99999999,4886,135.4597,1999.80737304687,,,,,,,,,,,,,,,,,,,,,,,122.6107254,,,,
,44258874.82,124.0297737,1999.80737304687,2.66276187389005E-5,4.46851826005447E-7,1,0.999253354069792,40.0298881530762,1.99770801240468,19.8999997228384,0.000301972389205125,6.90374835310141E-5,0.25,1.44724120125264E-6,2.67802324997892E-5,1.50470796275543E-6,123.9806671,124.0788803,1999.80737304687,1999.80737304687,61.3859773863142,20.8325936428772,5.527248,0,0,0,40,4886,136.89865,1999.80737304687,,,,,,,,,,,,,0,,,,2.5744064,,,,,,124.0297737,,,,
,44258958.515,130.98594665,1999.80737304687,2.69865709993695E-5,4.45729338883132E-7,1,0.999253354069792,40.0298881530762,1.99764290163342,19.8999997228384,0.000303878724648508,8.22337062781002E-5,0.25,2.54319306407364E-6,2.71355796620623E-5,2.60353920388039E-6,130.9428253,131.029068,1999.80737304687,1999.80737304687,61.4297485833911,20.8360882501054,5.154188,0,0,0,40,4886,144.2264,1999.80737304687,,,,,,,,,,,,,0,,,,2.6133063,,,,,,130.98594665,,,,
,44258992.88,133.8494873,1999.80737304687,,,2,,,,19.8659995651841,,,,,,,133.8494873,133.8494873,1999.80737304687,1999.80737304687,,,5.154188,,,,-99999999,4886,147.2508,1999.80737304687,,,,,,,,,,,,,,,,,,,,,,,133.8494873,,,,
,44259047.39,138.4530182,1999.80737304687,2.44229703489789E-5,3.49353236189895E-7,1,0.999253354069792,40.0298881530762,1.99752025875931,19.8500007390976,0.000277969235853338,5.68390018811773E-5,0.25,7.69630604482118E-7,2.45562001693881E-5,8.12324908339474E-7,138.4530182,138.4530182,1999.80737304687,1999.80737304687,62.1121102806797,20.83889969378,5.527248,0,0,0,40,4886,151.9406,1999.80737304687,,,,,,,,,,,,,0,,,,2.6263595,,,,,,138.4530182,,,,
,44259127.88,145.229248,1999.80737304687,,,2,,,,19.826000191927,,,,,,,145.229248,145.229248,1999.80737304687,1999.80737304687,,,5.154188,,,,-99999999,4886,158.9309,1999.80737304687,,,,,,,,,,,,,,,,,,,,,,,145.229248,,,,
touchdown = 14.580000191927 mm,44259141.515,146.3413239,1999.80737304687,2.68716427391192E-5,5.22795431362495E-7,1,0.999253354069792,40.0298881530762,1.99788131612474,19.8100004345179,0.000302297424586365,8.31106520828914E-5,0.25,2.64777428170731E-6,2.70102665298557E-5,2.70107339269263E-6,146.3413239,146.3413239,1999.80737304687,1999.80737304687,61.0342445526603,20.8315913235075,5.527248,0,0,0,40,4886,160.09185,1999.80737304687,,,,,,,,,,,,,0,,,,2.6527278,,,,,,146.3413239,,,,
,44259241.08,154.6141663,1999.80737304687,2.45924402879722E-5,4.25356787555142E-7,1,0.999253354069792,40.0298881530762,1.99775567809894,19.8100004345179,0.000273565672912846,9.3607842457128E-5,0.25,3.96124325677271E-6,2.47118924557061E-5,4.01481416923895E-6,154.6141663,154.6141663,1999.80737304687,1999.80737304687,61.6603289965642,20.8344750008747,5.527248,0,0,0,40,4886,168.4865,1999.80737304687,,,,,,,,,,,,,0,,,,2.6793611,,,,,,154.6141663,,,,
,44259264.22,156.5431824,1999.80737304687,,,2,,,,19.7859998873472,,,,,,,156.5431824,156.5431824,1999.80737304687,1999.80737304687,,,5.527248,,,,-99999999,4886,170.3779,1999.80737304687,,,,,,,,,,,,,,,,,,,,,,,156.5431824,,,,
,44259347.71,163.4330139,1999.80737304687,2.01732597515492E-5,5.4651193158335E-7,1,0.999253354069792,40.0298881530762,1.99782317028044,19.7700001299381,0.000213708621631009,0.000138863594334967,0.25,8.67997799503116E-6,2.02595169981069E-5,8.74742382688636E-6,163.4330139,163.4330139,1999.80737304687,1999.80737304687,61.6345352554296,20.8320154958415,5.154188,0,0,0,40,4886,177.4359,1999.80737304687,,,,,,,,,,,,,0,,,,2.7062616,,,,,,163.4330139,,,,
,44259401.14,167.832489,1999.80737304687,,,2,,,,19.7359999722838,,,,,,,167.832489,167.832489,1999.80737304687,1999.80737304687,,,5.527248,,,,-99999999,4886,181.9207,1999.80737304687,,,,,,,,,,,,,,,,,,,,,,,167.832489,,,,
,44259459.865,172.72576905,1999.80737304687,1.75641778415755E-5,6.56637128235035E-7,1,0.999253354069792,40.0298881530762,1.99784997022559,19.7199992835522,0.000181770838027882,0.000145690840513422,0.25,9.7291743033624E-6,1.76323843722341E-5,9.79416878548714E-6,172.6835785,172.7679596,1999.80737304687,1999.80737304687,61.4813360656603,20.8348908114349,5.154188,0,0,0,40,4886,186.8103,1999.80737304687,,,,,,,,,,,,,0,,,,2.7334323,,,,,,172.72576905,,,,
,44259536.67,179.079483,1999.80737304687,,,2,,,,19.6959996677041,,,,,,,179.079483,179.079483,1999.80737304687,1999.80737304687,,,5.527248,,,,-99999999,4886,193.3404,1999.80737304687,,,,,,,,,,,,,,,,,,,,,,,179.079483,,,,
,44259578.57,182.6081848,1999.80737304687,1.44870864752558E-5,8.05820710587597E-7,1,0.999253354069792,40.0298881530762,1.99780169842079,19.6800008416176,0.000146677290580749,0.000138832952688489,0.25,9.66208348594878E-6,1.45376135820821E-5,9.71899792947244E-6,182.6081848,182.6081848,1999.80737304687,1999.80737304687,61.7760100174104,20.8366358058007,5.154188,0,0,0,40,4886,196.7719,1999.80737304687,,,,,,,,,,,,,0,,,,2.7608759,,,,,,182.6081848,,,,
,44259672.38,190.3587799,1999.80737304687,,,2,,,,19.6459997526407,,,,,,,190.3587799,190.3587799,1999.80737304687,1999.80737304687,,,5.527248,,,,-99999999,4886,204.6727,1999.80737304687,,,,,,,,,,,,,,,,,,,,,,,190.3587799,,,,
,44259702.18,192.85484315,1999.80737304687,1.24586617541845E-5,4.81758246822263E-7,1,0.999253354069792,40.0298881530762,1.99781831068024,19.6299999952316,0.000130441246788822,9.4046676369309E-5,0.25,6.0953482709898E-6,1.25008024027966E-5,6.13202127318887E-6,192.7995911,192.9100952,1999.80737304687,1999.80737304687,62.3856802624104,20.8312838968199,5.527248,0,0,0,40,4886,207.1514,1999.80737304687,,,,,,,,,,,,,0,,,,2.7747353,,,,,,192.85484315,,,,
,44259807.84,201.6241608,1999.80737304687,,,2,,,,19.5959998375773,,,,,,,201.6241608,201.6241608,1999.80737304687,1999.80737304687,,,5.900308,,,,-99999999,4886,215.8958,1999.80737304687,,,,,,,,,,,,,,,,,,,,,,,201.6241608,,,,
,44259833.875,203.83037565,1999.80737304687,1.40001334962152E-5,6.92068452073991E-7,1,0.999253354069792,40.0298881530762,1.99808745936031,19.5799991488457,0.000146226714284952,0.000107544182501995,0.25,7.01548736514876E-6,1.40425510513438E-5,7.05383527425121E-6,203.7850189,203.8757324,1999.80737304687,1999.80737304687,61.5055665497565,20.8300553417503,5.527248,0,0,0,40,4886,218.10005,1999.80737304687,,,,,,,,,,,,,0,,,,2.80259335,,,,,,203.83037565,,,,
,44259944.66,213.0671692,1999.80737304687,,,2,,,,19.545999922514,,,,,,,213.0671692,213.0671692,1999.80737304687,1999.80737304687,,,5.527248,,,,-99999999,4886,227.3165,1999.80737304687,,,,,,,,,,,,,,,,,,,,,,,213.0671692,,,,
,44259971.985,215.3671341,1999.80737304687,1.29581943306095E-5,5.71777320236885E-7,1,0.999253354069792,40.0298881530762,1.99816441030997,19.5300001651049,0.000133231564178456,0.000111581679575315,0.25,7.55155483834587E-6,1.29916494767029E-5,7.5869629033734E-6,215.3195343,215.4147339,1999.80737304687,1999.80737304687,60.8880800195641,20.8286453153342,5.527248,0,0,0,40,4886,229.6094,1999.80737304687,,,,,,,,,,,,,0,,,,2.8307313,,,,,,215.3671341,,,,
,44260080.77,224.4810638,1999.80737304687,,,2,,,,19.5059996179342,,,,,,,224.4810638,224.4810638,1999.80737304687,1999.80737304687,,,5.527248,,,,-99999999,4886,238.5959,1999.80737304687,,,,,,,,,,,,,,,,,,,,,,,224.4810638,,,,
,44260117.635,227.5780029,1999.80737304687,8.90908971950882E-6,5.66772336151471E-7,1,0.999253354069792,40.0298881530762,1.99819199193319,19.4899998605251,9.10172035317368E-5,7.9882151768295E-5,0.25,5.47256396617324E-6,8.92824026702254E-6,5.49490126958442E-6,227.5325775,227.6234283,1999.80737304687,1999.80737304687,61.507129806795,20.8288399886279,5.527248,0,0,0,40,4886,241.66245,1999.80737304687,,,,,,,,,,,,,0,,,,2.8307313,,,,,,227.5780029,,,,
,44260216.95,235.8303833,1999.80737304687,,,2,,,,19.4660002446771,,,,,,,235.8303833,235.8303833,1999.80737304687,1999.80737304687,,,5.527248,,,,-99999999,4886,249.8911,1999.80737304687,,,,,,,,,,,,,,,,,,,,,,,235.8303833,,,,
,44260272.785,240.5165558,1999.80737304687,8.02670185949624E-6,4.51992716568474E-7,1,0.999253354069792,40.0298881530762,1.99854763131252,19.4499995559454,8.89418261456474E-5,3.12594030886242E-5,0.25,1.36573722138093E-6,8.04330447259685E-6,1.37524979771008E-6,240.5165558,240.5165558,1999.80737304687,1999.80737304687,61.669708538795,20.8228258224567,5.527248,0,0,0,40,4886,254.483,1999.80737304687,,,,,,,,,,,,,0,,,,2.8734326,,,,,,240.5165558,,,,
,44260352.14,247.1474915,1999.80737304687,,,2,,,,19.4259999400973,,,,,,,247.1474915,247.1474915,1999.80737304687,1999.80737304687,,,5.527248,,,,-99999999,4886,261.0319,1999.80737304687,,,,,,,,,,,,,,,,,,,,,,,247.1474915,,,,
,44260437.09,254.3723907,1999.80737304687,7.80246386869496E-6,4.2756113170887E-7,1,0.999253354069792,40.0298881530762,1.99836253567603,19.4099992513657,8.68401270895397E-5,2.78286860133753E-5,0.25,1.10534008292114E-6,7.81482322817061E-6,1.11314376360996E-6,254.3723907,254.3723907,1999.80737304687,1999.80737304687,61.6079598857757,20.826784111501,5.527248,0,0,0,40,4886,268.09955,1999.80737304687,,,,,,,,,,,,,0,,,,2.9022818,,,,,,254.3723907,,,,
,44260487.11,258.4352417,1999.80737304687,,,2,,,,19.3559998727441,,,,,,,258.4352417,258.4352417,1999.80737304687,1999.80737304687,,,5.900308,,,,-99999999,4886,272.2311,1999.80737304687,,,,,,,,,,,,,,,,,,,,,,,258.4352417,,,,
,44260625.88,269.8374329,1999.80737304687,,,2,,,,19.3059999576807,,,,,,,269.8374329,269.8374329,1999.80737304687,1999.80737304687,,,5.527248,,,,-99999999,4886,284.1131,1999.80737304687,,,,,,,,,,,,,,,,,,,,,,,269.8374329,,,,
touchdown = 14.0599999576807 mm,44260639.43,270.9958191,1999.80737304687,8.06206070590767E-6,3.65552540998614E-7,1,0.999253354069792,40.0298881530762,1.9981242049486,19.2900002002716,9.22397924892944E-5,1.36680400691509E-5,0.25,-1.79223520382157E-7,8.0707943403398E-6,-1.73725354999314E-7,270.9958191,270.9958191,1999.80737304687,1999.80737304687,61.9995557739104,20.8304407869858,5.527248,0,0,0,40,4886,285.26265,1999.80737304687,,,,,,,,,,,,,0,,,,2.9608517,,,,,,270.9958191,,,,
,44260758.14,281.0760803,1999.80737304687,,,2,,,,19.2560000426173,,,,,,,281.0760803,281.0760803,1999.80737304687,1999.80737304687,,,5.527248,,,,-99999999,4886,294.882,1999.80737304687,,,,,,,,,,,,,,,,,,,,,,,281.0760803,,,,
,44260792.455,283.9909973,1999.80737304687,8.51154094603621E-6,3.77967237395878E-7,1,0.999253354069792,40.0298881530762,1.99841656926035,19.2399993538857,9.77523855627421E-5,1.20601293171049E-5,0.25,-3.96473431910061E-7,8.51671666605192E-6,-3.90994671503833E-7,283.9909973,283.9909973,1999.80737304687,1999.80737304687,61.6384433980258,20.8320383574088,5.527248,0,0,0,40,4886,297.6408,1999.80737304687,,,,,,,,,,,,,0,,,,2.9608517,,,,,,283.9909973,,,,
,44260893.75,292.4321289,1999.80737304687,,,2,,,,19.1959995857477,,,,,,,292.4321289,292.4321289,1999.80737304687,1999.80737304687,,,5.527248,,,,-99999999,4886,306.0744,1999.80737304687,,,,,,,,,,,,,,,,,,,,,,,292.4321289,,,,
,44261306.96,300.00891115,1999.80737304687,8.47127114998237E-6,4.08928696729086E-7,1,0.999253354069792,40.0298881530762,1.99861378726179,19.1799998283386,9.69623843514457E-5,1.3621090471417E-5,0.25,-2.51891528104222E-7,8.47118434924274E-6,-2.46292986088291E-7,300.0080872,300.0097351,1999.80737304687,1999.80737304687,61.7338020773719,20.827888842567,5.527248,0,0,0,40,4881,301.4967,1999.80737304687,,,,,,,,,,,,,0,,,,3.0662458,,,,,,300.00891115,,,,
