[Header]
; Copyright 1997-99, Quantum Design, Inc. All rights reserved.
TITLE, SVSM Log Data File
FILEOPENTIME,3993895235.662,7/22/2026,3:20 PM
BYAPP, LogMpmsData, 1.0, 2.2
INFO, APPNAME, MPMS 3 MultiVu Application, Release 2.3.5.2
FIELDGROUP, Standard,2,3,4,5,6,7,8,9,10,11,12,13
FIELDGROUP, Diagnostic,2,14,15,16,17,18,19,20,21,22,23,24,25,26,27,28,29
FIELDGROUP, User,2,30,31,32,33,34,35,36,37,38,39,40,41,42,43,44,45
STARTUPGROUP, All
STARTUPAXIS, X, 2, LINEAR, AUTO
STARTUPAXIS, Y1, 3, LINEAR, AUTO
TIMEMODE, MINUTES, RELATIVE
PLOT_APPEARANCE, ALL, HORZ_GRID_ON, VERT_GRID_ON, MARKERS_AND_LINES, ALL_LINES
RECORDS, ALL_RECORDS
DATATYPE, TIME, 2
DATATYPE, COMMENT, 1
[Data]
Comment,Time Stamp (sec),Temperature (K),Magnetic Field (Oe),Sample Position (m),Chamber Pres (Torr),He Level (L),Chamber Status (code),Temperature Status (code),Field Status (code),Motor Status (code),Chamber Temp (K),Chamber Htr Pow (W),Gas Temp (K),Gas Htr Pow (W),Neck Temp (K),Neck Htr Pow (W),Flow Rate (cc/min),Magnet Voltage (V),Pot Htr Voltage (mV),Pot Htr Current (mA),Level Mtr Voltage (V),Switch Heater Voltage (V),SQUID1 Signal (V),SQUID1 Range,SQUID2 Signal (V),SQUID2 Range,Channel 1,Channel 2,Channel 3,Channel 4,Channel 5,Channel 6,Channel 7,Channel 8,Channel 9,Channel 10,Channel 11,Channel 12,Channel 13,Channel 14,Channel 15,Channel 16
,3993895235.68,300.0095,1000.1,0.029190,2.675182,56.143780,3,1,33,2,299.9933,1.064363,289.5575,0,299.942,0,100.063477,0.035373,13168,1.126810,2.502444,0.031870,-0.002351,1,,
,3993895245.71,300.0081,1000.1,0.029190,2.729332,56.143780,3,1,33,2,300.0215,0.9130175,289.4218,0,299.9255,0,99.052734,0.035157,13168,1.126228,2.497556,0.000000,-0.002376,1,,
,3993895255.74,300.0065,1000.1,0.029190,2.782029,56.143780,3,1,33,2,299.9991,1.002211,289.2248,0,299.918,0,101.074219,0.043569,13168,1.125647,2.502444,0.000000,-0.002338,1,,
,3993895265.97,300.004,1000.1,0.029190,2.827605,56.143780,3,1,33,2,300.0127,1.266899,288.9714,0,299.9077,0.2507944,99.052734,0.022863,13168,1.125065,2.502444,0.000000,-0.002338,1,,
,3993895276.00,300.0031,1000.1,0.029190,2.870017,56.143780,3,1,33,2,300,1.124682,288.6613,0,299.9067,0,101.074219,0.039255,13168,1.127391,2.497556,0.000000,-0.002319,1,,
,3993895286.09,300.0011,999.8206,0.029190,2.912318,56.143780,3,1,19,2,300.0023,1.009803,288.3076,0,299.9057,0.01164818,100.063477,0.026745,13168,1.125065,2.502444,0.000000,-0.002339,1,,
,3993895296.14,299.9992,999.8206,0.027000,2.950555,56.143780,3,6,33,2,300.0023,1.166436,287.9229,0,299.8965,0,100.063477,0.035157,13168,1.125647,2.502444,0.000000,-0.002342,1,,
,3993895306.18,299.9987,999.8206,0.028310,2.988888,56.143780,3,1,33,2,300.0016,1.061042,287.4877,0,299.9231,0.3033225,100.063477,0.042060,13168,1.126228,2.497556,0.000000,-0.002308,1,,
,3993895316.57,299.9956,999.8206,0.031690,3.023373,56.143780,3,1,33,2,299.9987,1.229471,287.0517,0,299.9326,0.1042645,100.063477,0.042060,13168,1.125065,2.502444,0.000000,-0.002371,1,,
,3993895326.61,299.9945,999.8206,0.024250,3.057557,56.143780,3,1,33,2,299.9975,1.222527,286.5844,0,299.9529,0.1813902,100.063477,0.033001,13168,1.125647,2.497556,0.000000,-0.002397,1,,
,3993895336.64,299.9923,999.8206,0.034180,3.088498,56.143780,3,1,33,2,299.9965,1.171759,286.1081,0,299.9582,0.2181333,101.074219,0.036236,13168,1.126228,2.502444,0.031870,-0.002325,1,,
,3993895346.67,299.9905,999.8206,0.024340,3.117347,56.143780,3,1,33,2,299.9953,1.289759,285.6166,0,299.9786,0.0826674,101.074219,0.030412,13168,1.126228,2.502444,0.000000,-0.002342,1,,
,3993895356.70,299.9899,999.8206,0.024460,3.146759,56.143780,3,1,33,2,299.9874,1.431069,285.1254,0,299.9771,0.1014307,99.052734,0.052197,13168,1.126810,2.502444,0.000000,-0.002371,1,,
,3993895366.96,299.9889,999.8206,0.024810,3.174121,56.143780,3,1,33,2,299.9862,1.347133,284.6275,0.001594733,299.9771,0.1390512,101.074219,0.036451,13168,1.126228,2.497556,0.000000,-0.002348,1,,
,3993895377.01,299.9872,999.8206,0.029190,3.198722,56.143780,3,1,33,2,299.9852,1.579353,284.1346,0.009481488,299.9763,0.03806956,101.074219,0.036691,13168,1.126228,2.497556,0.000000,-0.002338,1,,
,3993895387.04,299.9867,999.8206,0.029190,3.222568,56.143780,3,1,33,2,299.9905,1.325427,283.6564,0.02338491,299.9677,0.07132863,100.063477,0.037530,13168,1.126810,2.502444,0.000000,-0.002382,1,,
,3993895397.08,299.9861,999.8206,0.029190,3.245567,56.143780,3,1,33,2,299.98,1.505497,283.1918,0.04433765,299.9681,0.07980172,99.052734,0.034726,13168,1.125647,2.502444,0.000000,-0.002342,1,,
,3993895407.13,299.9864,999.8206,0.029190,3.269114,56.143780,3,1,33,2,299.9893,1.559726,282.7468,0.07117254,299.98,0,100.063477,0.040133,13168,1.126228,2.497556,0.000000,-0.002382,1,,
,3993895417.50,299.9854,999.8206,0.029190,3.291577,56.143780,3,1,33,2,299.9832,1.511302,282.3424,0.1021241,299.9697,0.1024102,100.063477,0.038393,13168,1.125647,2.502444,0.000000,-0.002347,1,,
,3993895427.54,299.986,999.8206,0.029190,3.312102,56.143780,3,1,33,2,299.9852,1.436278,281.9877,0.1391761,299.9901,0.07995003,100.063477,0.035804,13168,1.126228,2.502444,0.031870,-0.002344,1,,
,3993895437.57,299.9855,999.8206,0.029190,3.331787,56.143780,3,1,33,2,299.9874,1.608661,281.6602,0.1783524,299.979,0.04568872,99.052734,0.026961,13168,1.126228,2.497556,0.000000,-0.002348,1,,
,3993895447.62,299.9867,999.8206,0.029190,3.352476,56.143780,3,1,33,2,299.9888,1.602347,281.3684,0.2253082,299.9971,0,99.052734,0.043353,13168,1.125647,2.502444,0.000000,-0.002397,1,,
,3993895457.65,299.9865,999.8206,0.029190,3.371038,56.143780,3,1,33,2,299.9868,1.736767,281.1215,0.2745221,299.9943,0,98.041992,0.038608,13168,1.125065,2.497556,0.000000,-0.002390,1,,
,3993895468.00,299.9875,999.8206,0.029190,3.390668,56.143780,3,1,33,2,299.9846,1.628406,280.9175,0.3240317,299.9971,0,101.074219,0.030844,13168,1.126228,2.502444,0.000000,-0.002337,1,,
,3993895478.03,299.9886,999.8206,0.029190,3.40852,56.143780,3,1,33,2,299.9897,1.738754,280.7627,0.3760267,299.9923,0,101.074219,0.028471,13168,1.125647,2.497556,0.000000,-0.002382,1,,
,3993895488.06,299.9886,999.8206,0.029190,3.425518,56.143780,3,1,33,2,300.0078,1.653908,280.6423,0.4331993,300.002,0,100.063477,0.051766,13168,1.126228,2.502444,0.031870,-0.002316,1,,
,3993895498.11,299.9903,999.8206,0.029190,3.443906,56.143780,3,1,33,2,299.9901,1.672987,280.5575,0.4881232,300.0237,0,100.063477,0.031998,13168,1.125065,2.497556,0.000000,-0.002357,1,,
,3993895508.13,299.9922,999.8206,0.029190,3.460242,56.143780,3,1,33,2,299.9975,1.701184,280.5156,0.5498668,300.0167,0,100.063477,0.040980,13168,1.125647,2.497556,0.000000,-0.002355,1,,
,3993895518.16,299.9927,999.8206,0.029190,3.476563,56.143780,3,1,33,2,299.9884,1.74753,280.5069,0.6060411,300.0304,0,100.063477,0.041628,13168,1.126228,2.497556,0.000000,-0.002350,1,,
,3993895528.21,299.994,999.8206,0.029190,3.493186,56.143780,3,1,33,2,299.9943,1.645617,280.5312,0.6652157,300.0401,0,100.063477,0.033432,13168,1.125647,2.497556,0.031870,-0.002335,1,,
,3993895538.24,299.9948,999.8206,0.029190,3.508665,56.143780,3,1,33,2,299.9884,1.690936,280.5898,0.7251182,300.0564,0,100.063477,0.035589,13168,1.126228,2.497556,0.000000,-0.002335,1,,
,3993895548.47,299.9953,999.8206,0.029190,3.524692,56.143780,3,1,33,2,299.99,1.692654,280.6766,0.7805639,300.0764,0,100.063477,0.047667,13168,1.125647,2.502444,0.000000,-0.002371,1,,
,3993895558.52,299.9968,999.8206,0.029190,3.539777,56.143780,3,1,33,2,299.99,1.66947,280.7842,0.8381562,300.0911,0,99.052734,0.029334,13168,1.126228,2.502444,0.000000,-0.002384,1,,
,3993895568.54,299.9985,999.8206,0.029190,3.554436,56.143780,3,1,33,2,300.0098,1.590706,280.9216,0.8908781,300.099,0,100.063477,0.040333,13168,1.125065,2.497556,0.000000,-0.002390,1,,
,3993896549.15,299.076,1000.027,0.030790,2.062844,56.015488,3,2,33,2
,3993896559.18,298.4999,1000.027,0.030790,2.112625,56.015488,3,2,33,2
,3993896569.43,297.8149,1000.027,0.030790,2.155712,56.015488,3,2,33,2
,3993896579.46,297.0613,1000.027,0.030790,2.194662,56.015488,3,2,33,2
,3993896589.49,296.2236,1000.027,0.030790,2.23273,56.015488,3,2,33,2
,3993896599.52,295.3661,1000.027,0.030790,2.266067,56.015488,3,2,33,2
,3993896609.55,294.489,1000.027,0.030790,2.299474,56.015488,3,2,33,2
,3993896619.90,293.5408,1000.027,0.030790,2.328604,56.015488,3,2,33,2
,3993896629.93,292.6735,1000.027,0.030790,2.356055,56.015488,3,2,33,2
,3993896639.96,291.7438,1000.027,0.030790,2.383029,56.015488,3,6,33,2
,3993896649.99,291.0082,1000.027,0.030790,2.402906,56.015488,3,6,33,2
,3993896660.00,290.5023,1000.027,0.030790,2.420885,56.015488,3,6,33,2
,3993896670.02,290.2452,1000.027,0.030790,2.438637,56.015488,3,5,33,2
,3993896680.11,290.0663,1000.088,0.030790,2.454736,56.015488,3,5,33,2
,3993896690.14,290.1834,1000.088,0.028800,2.475957,56.015488,3,2,33,2
,3993896700.41,291.7294,1000.088,0.035710,2.506858,56.015488,3,2,33,2
,3993896710.46,294.0453,1000.088,0.029710,2.550243,56.015488,3,2,33,2
,3993896720.49,296.4847,1000.088,0.029200,2.581229,56.015488,3,6,33,2
,3993896730.53,297.9375,1000.088,0.034390,2.603491,56.015488,3,6,33,2
,3993896740.58,298.7424,1000.088,0.035090,2.624903,56.015488,3,6,33,2
,3993896750.93,299.2604,1000.088,0.034230,2.647514,56.015488,3,6,33,2
,3993896760.96,299.5424,1000.088,0.026120,2.666497,56.015488,3,6,33,2
,3993896770.99,299.7279,1000.088,0.035610,2.689024,56.015488,3,5,33,2
,3993896781.07,299.8289,1000.088,0.029720,2.705178,56.015488,3,5,33,2
,3993896791.09,299.8972,1000.088,0.030290,2.727894,56.015488,3,5,33,2
,3993896801.56,299.9419,1000.088,0.035670,2.743548,56.015488,3,5,33,2
,3993896811.61,299.9728,1000.088,0.025900,2.762683,56.015488,3,5,33,2
,3993896821.64,299.9935,1000.088,0.035600,2.777711,56.015488,3,1,33,2
,3993896831.66,300.0074,1000.088,0.025930,2.792709,56.015488,3,1,33,2
,3993896841.68,300.0168,1000.088,0.025900,2.808602,56.015488,3,1,33,2
,3993896851.94,300.0216,1000.088,0.028110,2.82412,56.015488,3,1,33,2
,3993896861.97,300.0233,1000.088,0.033380,2.839906,56.015488,3,1,33,2
,3993896872.00,300.0252,1000.088,0.025790,2.854379,56.015488,3,1,33,2
,3993896882.04,300.0229,1000.088,0.032510,2.867706,56.015488,3,1,33,2
,3993896892.06,300.0233,1000.088,0.030790,2.879333,56.015488,3,1,33,2
,3993896902.09,300.0202,1000.088,0.030790,2.891736,56.015488,3,1,33,2
,3993896912.11,300.0186,1000.088,0.030790,2.903998,56.015488,3,1,33,2
,3993896922.14,300.0167,1000.088,0.030790,2.916344,56.015488,3,1,33,2
,3993896932.36,300.0149,1000.088,0.030790,2.927552,56.015488,3,1,33,2
,3993896942.39,300.0137,1000.088,0.030790,2.93942,56.015488,3,1,33,2
,3993896952.42,300.0106,1000.088,0.030790,2.95042,56.015488,3,1,33,2
,3993896962.45,300.0102,1000.088,0.030790,2.961567,56.015488,3,1,33,2
,3993896972.49,300.0086,1000.088,0.030790,2.972715,56.015488,3,1,33,2
,3993896982.82,300.0089,1000.088,0.030790,2.983352,56.015488,3,1,33,2
,3993896992.85,300.0076,1000.088,0.030790,2.994344,56.015488,3,1,33,2
,3993897002.87,300.0064,1000.088,0.030790,3.004826,56.015488,3,1,33,2
,3993897012.90,300.0067,1000.088,0.030790,3.014705,56.015488,3,1,33,2
,3993897022.93,300.006,1000.088,0.030790,3.025248,56.015488,3,1,33,2
,3993897032.96,300.0047,1000.088,0.030790,3.034964,56.015488,3,1,33,2
,3993897042.99,300.0052,1000.088,0.030790,3.044505,56.015488,3,1,33,2
,3993897053.00,300.005,1000.088,0.030790,3.054919,56.015488,3,1,33,2
,3993897063.31,300.005,1000.1,0.030790,3.064388,56.015488,3,1,3,2
,3993897073.34,300.0026,1000.1,0.032000,3.074406,56.015488,3,6,33,2
,3993897083.37,300.004,1000.1,0.026030,3.083419,56.015488,3,1,33,2
,3993897093.40,300.0045,1000.1,0.035700,3.094217,56.015488,3,1,33,2
,3993897103.43,300.0042,1000.1,0.025810,3.83813,56.015488,4,1,33,2
,3993897113.74,300.0119,1000.1,0.029970,1.673121,56.015488,4,1,33,2
,3993897123.77,300.0028,1000.1,0.029890,4.375292,56.015488,4,1,33,2
,3993897133.80,300.0135,1000.1,0.032340,763.7859,56.015488,4,1,33,2
,3993897143.83,299.9999,1000.1,0.028180,2.578884,56.015488,4,1,33,2
,3993897153.85,300.0048,1000.1,0.031130,8.884824,56.015488,4,1,33,2
,3993897163.87,300.0025,1000.1,0.030770,171.4705,56.015488,4,1,33,2
,3993897173.90,299.9974,1000.1,0.030790,6.621706,56.015488,4,1,33,2
,3993897183.93,300.0022,1000.1,0.030790,6.751665,56.015488,4,1,33,2
,3993897194.16,300.0031,1000.1,0.030790,2.360775,56.015488,8,1,33,2
,3993897204.17,299.9112,1000.148,0.030790,2.090047,56.015488,3,1,3,2
,3993897214.20,299.8889,1000.148,0.032650,2.160203,56.015488,3,6,33,2
,3993897224.21,299.8669,1000.148,0.031690,2.215785,56.015488,3,1,33,2
,3993897234.27,299.8699,1000.148,0.030450,2.263114,56.015488,3,1,33,2
,3993897244.30,299.8818,1000.148,0.031920,2.309825,56.015488,3,1,33,2
,3993897254.33,299.8993,1000.148,0.028580,2.349669,56.015488,3,1,33,2
,3993897264.36,299.9157,1000.148,0.025790,2.388726,56.015488,3,1,33,2
,3993897274.58,299.9332,1000.148,0.026370,2.420836,56.015488,3,1,33,2
,3993897284.60,299.9466,1000.148,0.035350,2.451519,56.015488,3,1,33,2
,3993897294.63,299.9601,1000.148,0.030610,2.479572,56.015488,3,1,33,2
,3993897304.66,299.97,1000.148,0.030790,2.505786,56.015488,3,1,33,2
,3993897314.69,299.9788,1000.148,0.030790,2.530465,56.015488,3,1,33,2
,3993897324.70,299.9858,1000.148,0.030790,2.555229,56.015488,3,1,33,2
,3993897334.73,299.9918,1000.148,0.030790,2.576958,56.015488,3,1,33,2
,3993897344.76,299.9968,1000.148,0.030790,2.599285,56.015488,3,1,33,2
,3993897354.99,300.0001,1000.148,0.030790,2.61884,56.015488,3,1,33,2
,3993897365.02,300.0021,1000.148,0.030790,2.638067,56.015488,3,1,33,2
,3993897375.05,300.0042,1000.148,0.030790,2.657455,56.015488,3,1,33,2
,3993897385.08,300.0052,1000.148,0.030790,2.674243,56.015488,3,1,33,2
,3993897395.11,300.0053,1000.148,0.030790,2.692034,56.015488,3,1,33,2
,3993897405.53,300.0068,1000.148,0.030790,2.70772,56.015488,3,1,33,2
,3993897415.56,300.0062,1000.173,0.030790,2.723112,56.015488,3,1,33,2
,3993897425.59,300.0053,1000.173,0.030640,2.740792,56.015488,3,1,33,2
,3993897435.62,300.0051,1000.173,0.030420,2.753527,56.015488,3,1,33,2
,3993897445.63,300.0049,1000.173,0.032060,2.768027,56.015488,3,1,33,2
,3993897456.03,300.0038,1000.173,0.034260,2.783799,56.015488,3,1,33,2
,3993897466.05,300.0028,1000.173,0.033320,2.799663,56.015488,3,1,33,2
,3993897476.08,300.0024,1000.173,0.028990,2.810398,56.015488,3,1,33,2
,3993897486.10,300.0028,1000.173,0.028820,2.823191,56.015488,3,1,33,2
,3993897496.15,300.0014,1000.173,0.035470,2.838166,56.015488,3,1,33,2
,3993897506.18,300.0012,1000.173,0.030790,2.848141,56.015488,3,1,33,2
,3993897516.21,300.0013,1000.173,0.030790,2.859398,56.015488,3,1,33,2
,3993897526.24,300.0006,1000.173,0.030790,2.871082,56.015488,3,1,33,2
,3993897536.50,299.9999,1000.173,0.030790,2.881545,56.015488,3,1,33,2
,3993897546.53,299.9993,1000.173,0.030790,2.892457,56.015488,3,1,33,2
,3993897556.56,299.9995,1000.173,0.030790,2.902595,56.015488,3,1,33,2
,3993897566.59,299.9996,1000.173,0.030790,2.912403,56.015488,3,1,33,2
,3993897576.61,299.9984,1000.173,0.030790,2.923199,56.015488,3,1,33,2
,3993897586.88,299.9998,1000.173,0.030790,2.932459,56.015488,3,1,33,2
,3993897596.89,299.9986,1000.173,0.030790,2.942761,56.015488,3,1,33,2
,3993897606.92,299.999,1000.173,0.030790,2.951659,56.015488,3,1,33,2
,3993897616.95,299.9991,1000.173,0.030790,2.961024,56.015488,3,1,33,2
,3993897627.01,299.9994,1000.173,0.030790,2.970342,56.015488,3,1,33,2
,3993897637.04,299.9991,1000.173,0.030790,2.979226,56.015488,3,1,33,2
,3993897647.05,300.0002,1000.173,0.030790,2.988084,56.015488,3,1,33,2
,3993897657.08,299.9996,1000.173,0.030790,2.99701,56.015488,3,1,33,2
,3993897667.33,300.0001,1000.173,0.030790,3.005289,56.015488,3,1,33,2
,3993897677.34,300.0002,1000.173,0.030790,3.013781,56.015488,3,1,33,2
,3993897687.37,299.9998,1000.173,0.030790,3.022487,56.015488,3,1,33,2
,3993897697.38,299.9994,1000.173,0.030790,3.030347,56.015488,3,1,33,2
,3993897707.41,300.0004,1000.173,0.030790,3.038314,56.015488,3,1,33,2
,3993897717.44,299.9991,1000.173,0.030790,3.046743,56.015488,3,1,33,2
,3993897727.47,300,1000.173,0.030790,3.054151,56.015488,3,1,33,2
,3993897737.48,300.0004,1000.173,0.030790,3.062593,56.015488,3,1,33,2
,3993897747.78,299.9995,1000.173,0.030790,3.069931,56.015488,3,1,33,2
,3993897757.88,299.9998,1000.173,0.030790,3.077588,56.015488,3,1,33,2
,3993897767.91,300,1000.173,0.030790,3.085296,56.015488,3,1,33,2
,3993897777.94,299.9997,1000.173,0.030790,3.09262,56.015488,3,1,33,2
,3993897787.97,300,1000.173,0.030790,3.100198,56.015488,3,1,33,2
,3993897798.22,299.9998,1000.173,0.030790,3.107407,56.015488,3,1,33,2
,3993897808.23,299.9997,1000.173,0.030790,3.114202,56.015488,3,1,33,2
,3993897818.26,299.9999,1000.173,0.030790,3.121545,56.015488,3,1,33,2
,3993897828.29,299.9995,1000.173,0.030790,3.128497,56.015488,3,1,33,2
,3993897838.32,299.9989,1000.173,0.030790,3.135317,56.015488,3,1,33,2
,3993897848.33,300.0006,1000.173,0.030790,3.142338,56.015488,3,1,33,2
,3993897858.36,300.0007,1000.173,0.030790,3.149102,56.015488,3,1,33,2
,3993897868.37,299.9993,1000.173,0.030790,3.155524,56.015488,3,1,33,2
,3993897878.61,299.9997,1000.173,0.030790,3.162211,56.015488,3,1,33,2
,3993897888.64,299.9998,1000.173,0.030790,3.168952,56.015488,3,1,33,2
,3993897898.65,299.9999,1000.173,0.030790,3.175622,56.015488,3,1,33,2
,3993897908.68,299.9996,1000.173,0.030790,3.181807,56.015488,3,1,33,2
,3993897918.69,299.9996,1000.173,0.030790,3.188001,56.015488,3,1,33,2
,3993897928.72,300.0001,1000.173,0.030790,3.194218,56.015488,3,1,33,2
,3993897938.73,299.9997,1000.173,0.030790,3.200868,56.015488,3,1,33,2
,3993897948.76,300.0003,1000.173,0.030790,3.206872,56.015488,3,1,33,2
,3993897959.02,300.0006,1000.173,0.030790,3.213237,56.015488,3,1,33,2
,3993897969.05,299.9998,1000.173,0.030790,3.219305,56.015488,3,1,33,2
,3993897979.08,300.001,1000.173,0.030790,3.224975,56.015488,3,1,33,2
,3993897989.10,300.0002,1000.173,0.030790,3.231385,56.015488,3,1,33,2
,3993897999.12,300.0003,1000.173,0.030790,3.237483,56.015488,3,1,33,2
,3993898009.50,299.9999,1000.173,0.030790,3.243291,56.015488,3,1,33,2
,3993898019.53,300.0009,1000.173,0.030790,3.249154,56.015488,3,1,33,2
,3993898029.56,300.0001,1000.173,0.030790,3.254679,56.015488,3,1,33,2
,3993898039.58,300.0005,1000.173,0.030790,3.260685,56.015488,3,1,33,2
,3993898049.61,300.0003,1000.173,0.030790,3.266423,56.015488,3,1,33,2
,3993898059.97,300.0002,1000.173,0.030790,3.271752,56.015488,3,1,33,2
,3993898069.98,299.9998,1000.173,0.030790,3.277326,56.015488,3,1,33,2
,3993898080.01,299.9996,1000.173,0.030790,3.283042,56.015488,3,1,33,2
,3993898090.04,300.0003,1000.173,0.030790,3.288328,56.015488,3,1,33,2
,3993898100.09,299.9993,1000.173,0.030790,3.29396,56.015488,3,1,33,2
,3993898110.11,300.0012,1000.173,0.030790,3.299463,56.015488,3,1,33,2
,3993898120.13,299.9992,1000.173,0.030790,3.304759,56.015488,3,1,33,2
,3993898130.16,300.0003,1000.173,0.030790,3.309723,56.015488,3,1,33,2
,3993898140.36,299.9996,1000.173,0.030790,3.315427,56.015488,3,1,33,2
,3993898150.37,300.0002,1000.173,0.030790,3.320444,56.015488,3,1,33,2
,3993898160.38,299.9987,1000.173,0.030790,3.325494,56.015488,3,1,33,2
,3993898170.41,300.0005,999.9662,0.030790,3.330784,56.015488,3,6,33,2
,3993898180.47,299.9994,999.9662,0.035150,3.338718,56.015488,3,1,33,2
,3993898190.50,299.9981,999.9662,0.026110,3.343853,56.015488,3,1,33,2
,3993898200.55,300.0012,999.9662,0.032790,2.685699,56.015488,8,1,33,2
,3993898210.58,299.9817,999.9662,0.032740,1.855031,56.015488,3,1,33,2
,3993898220.82,299.9991,999.9662,0.034720,1.958412,56.015488,3,1,33,2
,3993898230.85,299.9947,999.9662,0.026210,2.017949,56.015488,3,1,33,2
,3993898240.88,299.9965,999.9662,0.035310,2.060753,56.015488,3,1,33,2
,3993898250.89,299.9947,999.9662,0.031540,2.098403,56.015488,3,1,33,2
,3993898260.92,300.0021,999.9662,0.030790,766.6757,56.015488,9,1,33,2
,3993898271.26,299.9996,999.9662,0.065010,767.5315,56.015488,9,1,33,2
,3993898281.36,299.9616,999.9662,0.064910,761.0571,56.015488,9,1,33,2
,3993898291.38,300.0152,999.9662,0.064000,760.9692,56.015488,9,1,33,2
,3993898301.41,300.0033,999.9662,0.064000,764.6143,56.015488,9,1,33,2
,3993898311.52,300.0043,999.9662,0.064030,761.8679,56.015488,9,1,33,2
,3993898321.91,300.0006,999.9662,0.063730,760.9783,56.015488,9,1,33,2
,3993898331.94,299.9983,999.9662,0.064000,761.7827,56.015488,9,1,33,2
,3993898341.97,299.9957,999.9662,0.064000,760.975,56.015488,9,1,33,2
,3993898352.06,299.9957,999.9662,0.064010,760.9667,56.015488,9,1,33,2
,3993898362.07,299.9964,999.9662,0.064000,760.9619,56.015488,9,1,33,2
,3993898372.38,299.9977,999.9662,0.064000,760.9621,56.015488,9,1,33,2
,3993898382.39,299.9998,999.9662,0.064000,760.9671,56.015488,9,1,33,2
,3993898392.41,300.0016,999.9662,0.064000,760.9646,56.015488,9,1,33,2
,3993898402.44,300.0033,999.9662,0.064000,760.9672,56.015488,9,1,33,2
,3993898412.48,300.0056,999.9662,0.064000,760.9711,56.015488,9,1,33,2
,3993898422.96,300.0074,999.9662,0.064000,760.9713,56.015488,9,1,33,2
,3993898433.13,300.0085,999.9662,0.064000,760.9725,56.015488,9,1,33,2
,3993898443.50,300.0107,999.9662,0.064000,760.9739,56.015488,9,1,33,2
,3993898453.53,300.0115,999.9662,0.064000,760.976,56.015488,9,1,33,2
,3993898463.56,300.012,999.9662,0.064000,760.9774,56.015488,9,1,33,2
,3993898473.59,300.0122,999.9662,0.064000,760.978,56.015488,9,1,33,2
,3993898483.62,300.0126,999.9662,0.064000,760.9852,56.015488,9,1,33,2
,3993898493.63,300.0124,999.9662,0.064000,760.9869,56.015488,9,1,33,2
,3993898503.66,300.0118,999.9662,0.064000,760.9866,56.015488,9,1,33,2
,3993898513.69,300.0112,999.9662,0.064000,760.9924,56.015488,9,1,33,2
,3993898523.94,300.0101,999.9662,0.064000,760.9929,56.015488,9,1,33,2
,3993898533.97,300.0089,999.9662,0.064000,760.9908,56.015488,9,1,33,2
,3993898544.00,300.0078,999.9662,0.064000,760.9911,56.015488,9,1,33,2
,3993898554.03,300.0067,999.9662,0.064000,761.6776,56.015488,9,1,33,2
,3993898564.15,300.0057,999.9662,0.064000,763.1085,56.015488,9,1,33,2
,3993898574.54,300.005,999.9662,0.064000,762.7429,56.015488,9,1,33,2
,3993898584.66,300.0041,999.9662,0.064000,761.0255,56.015488,9,1,33,2
,3993898594.67,299.9888,999.9662,0.064000,616.6104,56.015488,4,1,33,2
,3993898604.70,299.9947,999.9662,0.064000,3.241171,56.015488,4,1,33,2
,3993898614.71,300.0117,999.9662,0.064000,658.3115,56.015488,4,1,33,2
,3993898624.93,299.9952,999.9662,0.064000,2.105592,56.015488,4,1,33,2
,3993898634.96,299.9931,999.9662,0.064000,4.296936,56.015488,4,1,33,2
,3993898644.99,300.0126,999.9662,0.064000,760.3694,56.015488,4,1,33,2
,3993898655.02,299.9981,999.9662,0.064000,2.383547,56.015488,4,1,33,2
,3993898665.05,300.0008,999.9662,0.064000,8.735009,56.015488,4,1,33,2
,3993898675.08,300.0018,999.9662,0.064000,6.118882,56.015488,4,1,33,2
,3993898685.10,300.0001,999.9662,0.064000,6.197044,56.015488,4,1,33,2
,3993898695.13,300,999.9662,0.064000,6.268039,56.015488,4,1,33,2
,3993898705.38,300.0009,999.9662,0.064000,6.32475,56.015488,4,1,33,2
,3993898715.41,300.002,999.9662,0.064000,6.378325,56.015488,4,1,33,2
,3993898725.45,300.0027,999.9662,0.064000,6.422559,56.015488,4,1,33,2
,3993898735.48,300.0044,999.9662,0.064000,6.462262,56.015488,4,1,33,2
,3993898745.51,300.0048,999.9662,0.064000,6.500524,56.015488,4,1,33,2
,3993898755.84,300.0061,999.9662,0.064000,6.53181,56.015488,4,1,33,2
,3993898765.87,300.008,999.9662,0.064000,6.562417,56.015488,4,1,33,2
,3993898775.88,300.0079,999.9662,0.064000,6.588089,56.015488,4,1,33,2
,3993898785.91,300.0091,999.9662,0.064000,6.612509,56.015488,4,1,33,2
,3993898795.95,300.01,999.9662,0.064000,6.636001,56.015488,4,1,33,2
,3993898805.98,300.0103,999.9662,0.064000,6.658309,56.015488,4,1,33,2
,3993898816.01,300.0107,999.9662,0.064000,6.678669,56.015488,4,1,33,2
,3993898826.04,300.011,999.9662,0.064000,6.699581,56.015488,4,1,33,2
,3993898836.33,300.0111,999.9662,0.064000,6.717216,56.015488,4,1,33,2
,3993898846.35,300.0103,999.9662,0.064000,6.734471,56.015488,4,1,33,2
,3993898856.36,300.0097,999.9662,0.064000,6.752055,56.015488,4,1,33,2
,3993898866.37,300.009,999.9662,0.064000,6.767198,56.015488,4,1,33,2
,3993898876.40,300.009,999.9662,0.064000,6.783321,56.015488,4,1,33,2
,3993898886.73,300.0081,999.9662,0.064000,6.796974,56.015488,4,1,33,2
,3993898896.76,300.0074,999.9662,0.064000,6.810134,56.015488,4,1,33,2
,3993898906.79,300.0064,999.9662,0.064000,6.823479,56.015488,4,1,33,2
,3993898916.82,300.0065,999.9662,0.064000,6.836099,56.015488,4,1,33,2
,3993898926.84,300.0059,999.9662,0.064000,6.847715,56.015488,4,1,33,2
,3993898936.87,300.0056,999.9662,0.064000,6.859817,56.015488,4,1,33,2
,3993898946.89,300.0048,999.9662,0.064000,6.871017,56.015488,4,1,33,2
,3993898956.90,300.0054,999.9662,0.064000,6.881742,56.015488,4,1,33,2
,3993898967.12,300.0046,999.9662,0.064000,6.893011,56.015488,4,1,33,2
,3993898977.15,300.0042,999.9662,0.064000,6.903017,56.015488,4,1,33,2
,3993898987.17,300.0037,999.9662,0.064000,6.912504,56.015488,4,1,33,2
,3993898997.20,300.0042,999.9662,0.064000,6.923098,56.015488,4,1,33,2
,3993899007.23,300.0038,999.9662,0.064000,6.932412,56.015488,4,1,33,2
,3993899017.26,300.0087,999.9662,0.064000,764.884,56.015488,9,1,33,2
,3993899027.27,299.9941,999.9662,0.064000,767.1707,56.015488,9,1,33,2
,3993899037.30,300.0025,999.9662,0.064000,767.8343,56.015488,9,1,33,2
,3993899047.58,300.0121,999.9662,0.064000,763.9673,56.015488,9,1,33,2
,3993899057.61,300.011,999.9662,0.064000,761.0728,56.015488,9,1,33,2
,3993899067.64,300.0069,999.9662,0.064000,761.0317,56.015488,9,1,33,2
,3993899077.67,300.005,999.9662,0.064000,761.0096,56.015488,9,1,33,2
,3993899087.71,300.0035,999.9662,0.064000,760.9979,56.015488,9,1,33,2
,3993899098.05,300.0024,999.9662,0.064000,760.9939,56.015488,9,1,33,2
,3993899108.08,300.0022,999.9662,0.064000,762.4667,56.015488,9,1,33,2
,3993899118.10,300.0015,999.9662,0.064000,763.33,56.015488,9,1,33,2
,3993899128.12,300.0026,999.9662,0.064000,395.7155,56.015488,4,1,33,2
,3993899138.15,300.0069,999.9662,0.064000,2.049912,56.015488,4,1,33,2
,3993899148.18,299.9974,999.9662,0.064010,3.662654,56.015488,4,1,33,2
,3993899158.21,300.0155,999.9662,0.063960,741.9101,56.015488,4,1,33,2
,3993899168.23,299.9997,999.9662,0.064000,2.308466,56.015488,4,1,33,2
,3993899178.44,299.9989,999.9662,0.064000,5.985792,56.015488,4,1,33,2
,3993899188.47,300.0077,999.9662,0.064000,744.0649,56.015488,4,1,33,2
,3993899198.50,300.0004,999.9662,0.064000,6.055099,56.015488,4,1,33,2
,3993899208.53,300.0068,999.9662,0.064000,6.149692,56.015488,4,1,33,2
,3993899218.56,300.0071,999.9662,0.064000,6.201363,56.015488,4,1,33,2
,3993899228.59,300.0067,999.9662,0.064000,6.247419,56.015488,4,1,33,2
,3993899238.62,300.007,999.9662,0.064000,6.29393,56.015488,4,1,33,2
,3993899248.63,300.0073,999.9662,0.064000,6.332835,56.015488,4,1,33,2
,3993899258.92,300.0071,999.9662,0.064000,6.369383,56.015488,4,1,33,2
,3993899269.03,300.0067,999.9662,0.064000,6.399968,56.015488,4,1,33,2
,3993899279.07,300.0069,999.9662,0.064000,6.427283,56.015488,4,1,33,2
,3993899289.10,300.0067,999.9662,0.064000,6.454789,56.015488,4,1,33,2
,3993899299.13,300.0064,999.9662,0.064000,6.478137,56.015488,4,1,33,2
,3993899309.40,300.0083,999.9662,0.063950,519.5806,56.015488,9,1,33,2
,3993899319.42,300.007,999.9662,0.064970,767.0767,56.015488,9,1,33,2
,3993899329.45,299.978,999.9662,0.065000,767.6857,56.015488,9,1,33,2
,3993899339.48,299.973,999.9662,0.065000,768.1727,56.015488,9,1,33,2
,3993899349.57,299.9662,999.9662,0.065000,768.268,56.015488,9,1,33,2
,3993899359.87,299.9645,999.9662,0.065000,768.24,56.015488,9,1,33,2
,3993899369.90,299.9658,999.9662,0.065000,768.2264,56.015488,9,1,33,2
,3993899379.93,299.9702,999.9662,0.065000,768.2296,56.015488,9,1,33,2
,3993899389.95,299.9771,999.9662,0.004000,768.2303,56.015488,9,1,33,2
,3993899399.98,300.0002,999.9662,0.004200,768.2213,56.015488,9,1,33,2
,3993899410.01,299.9579,999.9662,0.064000,768.2257,56.015488,9,1,33,2
,3993899420.04,299.979,999.9662,0.006600,768.2292,56.015488,9,1,33,2
,3993899430.07,299.9931,999.9662,0.030810,768.254,56.015488,9,1,33,2
,3993899440.26,299.9927,999.9662,0.030810,445.4592,55.897038,4,1,33,2
,3993899450.27,299.9971,999.9662,0.030810,2.081867,55.897038,4,1,33,2
,3993899460.28,299.9907,999.9662,0.030810,4.446451,55.897038,4,1,33,2
,3993899470.37,300.0077,999.9662,0.030820,762.515,55.897038,4,1,33,2
,3993899480.40,299.9941,999.9662,0.030810,2.380029,55.897038,4,1,33,2
,3993899490.74,299.9965,999.9662,0.030820,6.904376,55.897038,4,1,33,2
,3993899500.77,300.0037,999.9662,0.030810,584.6614,55.897038,4,1,33,2
,3993899510.80,299.9949,999.9662,0.030810,5.638453,55.897038,4,1,33,2
,3993899520.81,300.0024,999.9662,0.030810,5.739313,55.897038,4,1,33,2
,3993899530.86,300.0037,999.9662,0.030810,5.787618,55.897038,4,1,33,2
,3993899540.87,300.0051,999.9662,0.030810,5.831939,55.897038,4,1,33,2
,3993899550.90,300.0059,999.9662,0.030810,5.874824,55.897038,4,1,33,2
,3993899560.93,300.0069,999.9662,0.030810,5.910153,55.897038,4,1,33,2
,3993899571.21,300.0071,999.9662,0.030810,5.944281,55.897038,4,1,33,2
,3993899581.24,300.0074,999.9662,0.030810,5.973206,55.897038,4,1,33,2
,3993899591.27,300.0074,999.9662,0.030810,5.999152,55.897038,4,1,33,2
,3993899601.30,300.0078,999.9662,0.030810,6.022582,55.897038,4,1,33,2
,3993899611.31,300.0071,999.9662,0.030810,6.045794,55.897038,4,1,33,2
,3993899621.65,300.0075,999.9662,0.030810,6.066003,55.897038,4,1,33,2
,3993899631.68,300.0067,999.9662,0.030810,6.086124,55.897038,4,1,33,2
,3993899641.71,300.0067,999.9662,0.030810,6.103245,55.897038,4,1,33,2
,3993899651.74,300.0062,999.9662,0.030810,6.119498,55.897038,4,1,33,2
,3993899661.81,299.9509,999.9662,0.030810,6.148451,55.897038,3,1,33,2
,3993899671.84,299.9789,999.8691,0.030810,6.149867,55.897038,3,1,33,2
,3993899681.87,299.9746,999.8691,0.025960,6.155198,55.897038,3,1,33,2
,3993899691.90,299.9752,999.8691,0.025830,6.156763,55.897038,3,1,33,2
,3993899702.21,299.9765,999.8691,0.030440,6.170661,55.897038,3,1,33,2
,3993899712.24,299.9795,999.8691,0.031120,6.171716,55.897038,3,1,33,2
,3993899722.25,299.9825,999.8691,0.033310,6.182314,55.897038,3,1,33,2
,3993899732.28,299.9861,999.8691,0.026080,6.189753,55.897038,3,1,33,2
,3993899742.42,299.9883,999.8691,0.026210,6.191929,55.897038,3,1,33,2
,3993899752.70,299.9908,999.8691,0.029920,6.197602,55.897038,3,1,33,2
,3993899762.73,299.9918,999.8691,0.030810,6.20496,55.897038,3,1,33,2
,3993899772.74,299.9928,999.8691,0.030810,6.210938,55.897038,3,1,33,2
,3993899782.77,299.9927,999.8691,0.030810,6.216594,55.897038,3,1,33,2
,3993899792.81,299.994,999.8691,0.030810,6.222026,55.897038,3,1,33,2
,3993899802.83,299.9937,999.8691,0.030810,6.226875,55.897038,3,1,33,2
,3993899812.86,299.9942,999.8691,0.030810,6.232822,55.897038,3,1,33,2
,3993899822.87,299.994,999.8691,0.030810,6.237988,55.897038,3,1,33,2
,3993899833.07,299.9942,999.8691,0.030810,6.242895,55.897038,3,1,33,2
,3993899843.10,299.9944,999.8691,0.030810,6.248283,55.897038,3,1,33,2
,3993899853.13,299.995,999.8691,0.030810,6.25331,55.897038,3,1,33,2
,3993899863.16,299.9953,999.8691,0.030810,6.257866,55.897038,3,1,33,2
,3993899873.20,299.9956,999.8691,0.030810,6.262852,55.897038,3,1,33,2
,3993899883.21,299.9958,999.8691,0.030810,6.267579,55.897038,3,1,33,2
,3993899893.24,299.9962,999.8691,0.030810,6.272432,55.897038,3,1,33,2
,3993899903.26,299.9966,999.8691,0.030810,6.27693,55.897038,3,1,33,2
,3993899913.58,299.9976,999.8691,0.030810,6.281795,55.897038,3,1,33,2
,3993899923.69,299.9984,999.8691,0.030810,6.286389,55.897038,3,1,33,2
,3993899933.70,299.9985,999.8691,0.030810,6.290516,55.897038,3,1,33,2
,3993899943.72,299.9995,999.8691,0.030810,6.295051,55.897038,3,1,33,2
,3993899953.74,299.9997,999.8691,0.030810,6.299614,55.897038,3,1,33,2
,3993899964.09,300.0002,999.8691,0.030810,6.30412,55.897038,3,1,33,2
,3993899974.11,300.0017,999.8691,0.030810,6.308199,55.897038,3,1,33,2
,3993899984.14,300.0023,999.8691,0.030810,6.312588,55.897038,3,1,33,2
,3993899994.17,300.0021,999.8691,0.030810,6.316752,55.897038,3,1,33,2
,3993900004.20,300.0035,999.8691,0.030810,6.321024,55.897038,3,1,33,2
,3993900014.53,300.0029,999.8691,0.030810,6.325122,55.897038,3,1,33,2
,3993900024.57,300.004,999.8691,0.030810,6.328769,55.897038,3,1,33,2
,3993900034.58,300.005,999.8691,0.030810,6.332599,55.897038,3,1,33,2
,3993900044.60,300.0043,999.8691,0.030810,6.33705,55.897038,3,1,33,2
,3993900054.61,300.0056,999.8691,0.030810,6.340518,55.897038,3,1,33,2
,3993900064.64,300.0053,999.8691,0.030810,6.344596,55.897038,3,1,33,2
,3993900074.67,300.006,999.8691,0.030810,6.348296,55.897038,3,1,33,2
,3993900084.70,300.0049,999.8691,0.030810,6.352185,55.897038,3,1,33,2
,3993900094.93,300.0052,999.8691,0.030810,6.355657,55.897038,3,1,33,2
,3993900104.96,300.0047,999.8691,0.030810,6.359537,55.897038,3,1,33,2
,3993900114.97,300.0054,999.8691,0.030810,6.36309,55.897038,3,1,33,2
,3993900125.00,300.0046,999.8691,0.030810,6.366877,55.897038,3,1,33,2
,3993900135.03,300.0046,999.8691,0.030810,6.370465,55.897038,3,1,33,2
,3993900145.46,300.0039,999.8691,0.030810,6.374372,55.897038,3,1,33,2
,3993900155.49,300.0035,999.8691,0.030810,6.377571,55.897038,3,1,33,2
,3993900165.52,300.0027,999.8691,0.030810,6.381029,55.897038,3,1,33,2
,3993900175.55,300.0027,999.8691,0.030810,6.384522,55.897038,3,1,33,2
,3993900185.58,300.0027,999.8691,0.030810,6.38774,55.897038,3,1,33,2
,3993900195.94,300.0023,999.8691,0.030810,6.391109,55.897038,3,1,33,2
,3993900205.97,300.0016,999.8691,0.030810,6.394355,55.897038,3,1,33,2
,3993900215.99,300.0015,999.8691,0.030810,6.397927,55.897038,3,1,33,2
,3993900226.01,300,999.8691,0.030810,6.401289,55.897038,3,1,33,2
,3993900236.04,300.0005,999.8691,0.030810,6.404319,55.897038,3,1,33,2
,3993900246.07,300,999.8691,0.030810,6.407923,55.897038,3,1,33,2
,3993900256.08,300.0005,999.8691,0.030810,6.411094,55.897038,3,1,33,2
,3993900266.09,299.9995,999.8691,0.030810,6.414154,55.897038,3,1,33,2
,3993900276.28,300.0003,999.8691,0.030810,6.417382,55.897038,3,1,33,2
,3993900286.29,299.9999,999.8691,0.030810,6.420241,55.897038,3,1,33,2
,3993900296.32,300.0004,999.8691,0.030810,6.423433,55.897038,3,1,33,2
,3993900306.33,300.0002,999.8691,0.030810,6.426908,55.897038,3,1,33,2
,3993900316.44,300.0002,999.8691,0.030810,6.429687,55.897038,3,1,33,2
,3993900326.77,300.0003,999.8691,0.030810,6.43275,55.897038,3,1,33,2
,3993900336.78,300.0005,999.8691,0.030810,6.435942,55.897038,3,1,33,2
,3993900346.81,299.9996,999.8691,0.030810,6.438797,55.897038,3,1,33,2
,3993900356.82,299.9994,999.8691,0.030810,6.441984,55.897038,3,1,33,2
,3993900366.83,300.0003,999.8691,0.030810,6.444869,55.897038,3,1,33,2
,3993900376.86,299.9998,999.8691,0.030810,6.447715,55.897038,3,1,33,2
,3993900386.89,299.9997,999.8691,0.030810,6.45089,55.897038,3,1,33,2
,3993900396.92,299.9989,999.8691,0.030810,6.453889,55.897038,3,1,33,2
,3993900407.34,299.9999,999.8691,0.030810,6.456716,55.897038,3,1,33,2
,3993900417.37,300.0001,999.8691,0.030810,6.459513,55.897038,3,1,33,2
,3993900427.38,299.9995,999.8691,0.030810,6.462663,55.897038,3,1,33,2
,3993900437.41,300.0001,999.8691,0.030810,6.465296,55.897038,3,1,33,2
,3993900447.46,299.9992,999.8691,0.030810,6.468192,55.897038,3,1,33,2
,3993900457.77,299.9998,999.8691,0.030810,6.471042,55.897038,3,1,33,2
,3993900467.80,300.0005,999.8691,0.030810,6.473674,55.897038,3,1,33,2
,3993900477.81,300.0004,999.8691,0.030810,6.476807,55.897038,3,1,33,2
,3993900487.84,300.0004,999.8691,0.030810,6.479456,55.897038,3,1,33,2
,3993900497.87,300,999.8691,0.030810,6.482369,55.897038,3,1,33,2
,3993900507.88,300.0006,999.8691,0.030810,6.48538,55.897038,3,1,33,2
,3993900517.91,299.9999,999.8691,0.030810,6.487802,55.897038,3,1,33,2
,3993900527.94,300.0002,999.8691,0.030810,6.490563,55.897038,3,1,33,2
,3993900538.18,300,999.8691,0.030810,6.493245,55.897038,3,1,33,2
,3993900548.21,299.9999,999.8691,0.030810,6.495814,55.897038,3,1,33,2
,3993900558.24,299.9999,999.8691,0.030810,6.498547,55.897038,3,1,33,2
,3993900568.27,299.9991,999.8691,0.030810,6.501234,55.897038,3,1,33,2
,3993900578.30,300,999.8691,0.030810,6.503699,55.897038,3,1,33,2
,3993900588.33,299.9995,999.8691,0.030810,6.506597,55.897038,3,1,33,2
,3993900598.36,300,999.8691,0.030810,6.508986,55.897038,3,1,33,2
,3993900608.39,300.0004,999.8691,0.030810,6.511667,55.897038,3,1,33,2
,3993900618.68,299.9995,999.8691,0.030810,6.514318,55.897038,3,1,33,2
,3993900628.71,300.0004,999.8691,0.030810,6.516932,55.897038,3,1,33,2
,3993900638.74,299.9998,999.8691,0.030810,6.51961,55.897038,3,1,33,2
,3993900648.75,300.0003,999.8691,0.030810,6.522128,55.897038,3,1,33,2
,3993900658.86,300.0004,999.8691,0.030810,6.524711,55.897038,3,1,33,2
,3993900669.19,300.0005,999.8691,0.030810,6.527542,55.897038,3,1,33,2
,3993900679.21,299.9995,999.8691,0.030810,6.529875,55.897038,3,1,33,2
,3993900689.23,300.0002,999.8691,0.030810,6.532146,55.897038,3,1,33,2
,3993900699.24,299.9999,999.8691,0.030810,6.534933,55.897038,3,1,33,2
,3993900709.27,300.0007,999.8691,0.030810,6.537423,55.897038,3,1,33,2
,3993900719.28,300.0003,999.8691,0.030810,6.54033,55.897038,3,1,33,2
,3993900729.31,300.0007,999.8691,0.030810,6.542375,55.897038,3,1,33,2
,3993900739.34,299.9995,999.8691,0.030810,6.545054,55.897038,3,1,33,2
,3993900749.54,299.9997,999.8691,0.030810,6.547619,55.897038,3,1,33,2
,3993900759.55,300.0004,999.8691,0.030810,6.5498,55.897038,3,1,33,2
,3993900769.57,299.9999,999.8691,0.030810,6.552036,55.897038,3,1,33,2
,3993900779.60,300.0002,999.8691,0.030810,6.554632,55.897038,3,1,33,2
,3993900789.64,299.9999,999.8691,0.030810,6.557086,55.897038,3,1,33,2
,3993900799.65,300,999.8691,0.030810,6.559081,55.897038,3,1,33,2
,3993900809.68,299.9995,999.8691,0.030810,6.562029,55.897038,3,1,33,2
