[Header]
; MPMS3 Data File (default extension .dat)
; Copyright (c) 2007, Quantum Design, Inc. All rights reserved.
TITLE,
FILEOPENTIME,3958870910.7565,06/12/2025,6:21 am
BYAPP,MPMS3 w/ AC,1.0,1.1
INFO,MPMS3 Measurement Release 1.2.2 Build 0, MultiVu Release 2.3.5.2,APPNAME
INFO,Linear Motor Servo Controller,MOTOR_MODULE_NAME
INFO,3101-100 N4,MOTOR_HW_VERSION
INFO,MMC1299,MOTOR_SERIAL_NUMBER
INFO,01.04.28,MOTOR_SOFTWARE_VERSION
INFO,Quantum Design Squid Module,SQUID_MODULE_NAME
INFO,3101-501 B0,SQUID_HW_VERSION
INFO,SQM364,SQUID_SERIAL_NUMBER
INFO,01.03.04,SQUID_SOFTWARE_VERSION
INFO,Quantum Design VSM Oven,OVEN_MODULE_NAME
INFO,3101-201 A3,OVEN_HW_VERSION
INFO,OVB387,OVEN_SERIAL_NUMBER
INFO,01.07.07,OVEN_SOFTWARE_VERSION
INFO,SQUID AC,AC_MODULE_NAME
INFO,3101-401 G0,AC_HW_VERSION
INFO,SAC242,AC_SERIAL_NUMBER
INFO,SQUID AC 00.95.11,AC_SOFTWARE_VERSION
INFO,TCI374,COIL_SERIAL_NUMBER
INFO,0,MOMENT_UNITS
INFO,RuCl3,SAMPLE_MATERIAL
INFO,Crystal H parra ab,SAMPLE_COMMENT
INFO,61.2,SAMPLE_MASS
INFO,,SAMPLE_VOLUME
INFO,,SAMPLE_MOLECULAR_WEIGHT
INFO,,SAMPLE_SIZE
INFO,Flat plate,SAMPLE_SHAPE
INFO,Quartz,SAMPLE_HOLDER
INFO,Standard,SAMPLE_HOLDER_DETAIL
INFO,66.88,SAMPLE_OFFSET
DATATYPE,COMMENT,1
DATATYPE,TIME,2
STARTUPAXIS,X,2
STARTUPAXIS,Y1,5
FIELDGROUP, VSM,2,3,4,5,6,8,9,10,11,14,15
FIELDGROUP, DC, 2,3,4,14,56,57,58,59,60,61,62,63,64,65,66,67,68,69
FIELDGROUP, AC, 2,3,4,11,16,17,18,19,20,21,22,23,24,25,26,27,28,29,30
STARTUPGROUP, All
[Data]
Comment,Time Stamp (sec),Temperature (K),Magnetic Field (Oe),Moment (emu),M. Std. Err. (emu),Transport Action,Averaging Time (sec),Frequency (Hz),Peak Amplitude (mm),Center Position (mm),Lockin Signal' (V),Lockin Signal (V),Range,M. Quad. Signal (emu),AC Moment (emu),AC M. Std Err. (emu),AC Phase (deg),AC Phase Std. Err. (deg),AC Susceptibility (emu/Oe),AC Suscept. Std Err. (emu/Oe),AC X' (emu/Oe),AC X' Std Err. (emu/Oe),AC X'' (emu/Oe),AC X'' Std Err. (emu/Oe),AC Drive (Oe),AC Frequency (Hz),AC Averaging Time (sec),AC Cycles,AC Range,AC Measure Type,AC Signal' (V),AC Signal'' (V),AC Trim Coil Ratio,AC Trim Coil Phase,Min. Temperature (K),Max. Temperature (K),Min. Field (Oe),Max. Field (Oe),Mass (grams),Motor Lag (deg),Pressure (Torr),Measure Count,Measurement Number,SQUID Status (code),Motor Status (code),Measure Status (code),Motor Current (amps),Motor Temp. (C),Temp. Status (code),Field Status (code),Chamber Status (code),Chamber Temp (K),Redirection State,Average Temp (K),Rotation Angle (deg),Rotator state,DC Moment Fixed Ctr (emu),DC Moment Err Fixed Ctr (emu),DC Moment Free Ctr (emu),DC Moment Err Free Ctr (emu),DC Fixed Fit,DC Free Fit,DC Calculated Center (mm),DC Calculated Center Err (mm),DC Scan Length (mm),DC Scan Time (s),DC Number of Points,DC Squid Drift,DC Min V (V),DC Max V (V),DC Scans per Measure,He3 temp,Map 02,Map 03,Map 04,Map 05,Map 06,Map 07,Map 08,Map 09,Map 10,Map 11,Map 12,Map 13,Map 14,Map 15,Map 16
,3958870991.04674,1.80062556266785,0.849815845489502,3.25544560174541E-6,3.63846732218927E-8,1,2,16.9040756225586,5.00706001718116,30.7000000029802,0.00393613346799052,0.00109962165642301,100,4.64146939420131E-8,,,,,,,,,,,,,,,,,,,,,1.80062556266785,1.80062556266785,0.849815845489502,0.849815845489502,53.086645769121,7.69724752028151,1.8821759223938,34,1,0,0,1,0.477752685546875,35.6793746948242,1,1,1,1.80062556266785,0,1.80062556266785,,,,,,,,,,,,,,,,,,,,,,,,,,,,,,,,,
,3958870992.28213,1.80056917667389,0.849815845489502,3.32768416012048E-6,3.99352028749039E-8,1,2,16.9040756225586,5.00703297059604,30.7000000029802,0.00404503513013762,0.00104225530438207,100,-1.99210952178567E-8,,,,,,,,,,,,,,,,,,,,,1.80051279067993,1.80062556266785,0.849815845489502,0.849815845489502,53.2398449588903,7.69727971494913,1.8818793296814,34,2,0,0,1,0.468978881835937,35.6793746948242,1,1,1,1.80051279067993,0,1.80056917667389,,,,,,,,,,,,,,,,,,,,,,,,,,,,,,,,,
,3958871026.00078,1.80007719993591,1999.75036621094,0.0072424370694748,6.63074326050312E-7,1,2,16.9040756225586,5.00656904152129,30.7000000029802,8.78949700423191,2.317549468677,10,-2.60035296383609E-6,,,,,,,,,,,,,,,,,,,,,1.80007719993591,1.80007719993591,1999.75036621094,1999.75036621094,53.0874273976402,7.69955429532853,1.8815062046051,34,1,0,0,1,0.470352172851562,35.6793746948242,1,1,1,1.80007719993591,0,1.80007719993591,,,,,,,,,,,,,,,,,,,,,,,,,,,,,,,,,
,3958871027.06836,1.80042070150375,1999.75036621094,0.00724266319152677,5.82062949145899E-7,1,2,16.9040756225586,5.00649507255012,30.7000000029802,8.78955076949635,2.31772408113852,10,-2.47682762437626E-6,,,,,,,,,,,,,,,,,,,,,1.80007719993591,1.80076420307159,1999.75036621094,1999.75036621094,53.0694499416979,7.69980985244524,1.88525557518005,34,2,0,0,1,0.468597412109375,34.7018585205078,1,1,1,1.80076420307159,0,1.80042070150375,,,,,,,,,,,,,,,,,,,,,,,,,,,,,,,,,
,3958871056.66418,1.80152994394302,4000.21704101562,0.0149312045463426,7.11047570438232E-7,1,2,16.9040756225586,5.0064149955068,30.7000000029802,18.1196033297521,4.77879556536442,10,-4.472799702198E-6,,,,,,,,,,,,,,,,,,,,,1.80079019069672,1.80226969718933,4000.21704101562,4000.21704101562,52.9146874948902,7.69975203240227,1.90311360359192,34,1,0,0,1,0.468368530273438,35.190616607666,1,1,1,1.80079019069672,0,1.80152994394302,,,,,,,,,,,,,,,,,,,,,,,,,,,,,,,,,
,3958871058.70356,1.80172967910767,4000.21704101562,0.0149334929228875,1.32923255279407E-6,1,2,16.9040756225586,5.00619270576093,30.7000000029802,18.120878678312,4.7806705431505,10,-3.28798611952788E-6,,,,,,,,,,,,,,,,,,,,,1.80079019069672,1.80266916751862,4000.21704101562,4000.21704101562,53.0116094312748,7.70048630970077,1.90650653839111,34,2,0,0,1,0.46722412109375,35.6793746948242,1,1,1,1.80266916751862,0,1.80172967910767,,,,,,,,,,,,,,,,,,,,,,,,,,,,,,,,,
,3958871272.52131,1.80032300949097,6000.36767578125,0.0236371201006417,2.17637637228098E-6,1,2,16.9040756225586,5.00627285211931,30.7000000029802,28.6934778995972,7.52684125173825,100,-3.84144591056555E-5,,,,,,,,,,,,,,,,,,,,,1.80032300949097,1.80032300949097,6000.36767578125,6000.36767578125,53.0905539117171,7.70063143651064,1.89369058609009,34,1,0,0,1,0.470046997070313,36.6568908691406,1,1,1,1.80032300949097,0,1.80032300949097,,,,,,,,,,,,,,,,,,,,,,,,,,,,,,,,,
,3958871273.61553,1.7996774315834,6000.36767578125,0.0236371404677529,2.48515980743938E-6,1,2,16.9040756225586,5.00630947981489,30.7000000029802,28.6944079959201,7.52460425986069,100,-4.03266743291054E-5,,,,,,,,,,,,,,,,,,,,,1.79929888248444,1.80005598068237,6000.36767578125,6000.36767578125,53.0874273976402,7.70075854835773,1.88691186904907,34,2,0,0,1,0.470123291015625,37.6344108581543,1,1,1,1.79929888248444,0,1.7996774315834,,,,,,,,,,,,,,,,,,,,,,,,,,,,,,,,,
,3958871707.6759,1.80025708675385,8000.4091796875,0.033211466576002,4.22087853882094E-6,1,2,16.9040756225586,5.0056306183813,30.7000000029802,40.311901703276,10.561685513795,100,-6.39094245824279E-5,,,,,,,,,,,,,,,,,,,,,1.79839134216309,1.8021228313446,8000.4091796875,8000.4091796875,53.2046716755249,7.70272009278512,1.89909791946411,34,1,0,0,1,0.465927124023438,37.1456527709961,1,1,1,1.79839134216309,0,1.80025708675385,,,,,,,,,,,,,,,,,,,,,,,,,,,,,,,,,
,3958871710.0487,1.79822993278503,8000.4091796875,0.0332078875234195,4.22695112371029E-6,1,2,16.9040756225586,5.0056306183813,30.7000000029802,40.3062129723072,10.5656390231532,100,-5.97055486033327E-5,,,,,,,,,,,,,,,,,,,,,1.79806852340698,1.79839134216309,8000.4091796875,8000.4091796875,52.9834708045825,7.70272009278512,1.90235710144043,34,2,0,0,1,0.469894409179687,37.1456527709961,1,1,1,1.79806852340698,0,1.79822993278503,,,,,,,,,,,,,,,,,,,,,,,,,,,,,,,,,
,3958871740.46159,1.7983638048172,10000.3662109375,0.0430442766314115,2.34103261450366E-6,1,2,16.9040756225586,5.00537901484396,30.7000000029802,52.2376603512715,13.708867524135,100,-6.53731986816018E-5,,,,,,,,,,,,,,,,,,,,,1.79573166370392,1.80099594593048,10000.3662109375,10000.3662109375,53.3547443512172,7.70423119704199,1.8979674577713,34,1,0,0,1,0.469436645507812,37.1456527709961,1,1,1,1.80099594593048,0,1.7983638048172,,,,,,,,,,,,,,,,,,,,,,,,,,,,,,,,,
,3958871742.53714,1.80039644241333,10000.3662109375,0.0430392746162959,3.0931490914837E-6,1,2,16.9040756225586,5.00544600463996,30.7000000029802,52.2325429086797,13.7076130358047,100,-6.52973803827065E-5,,,,,,,,,,,,,,,,,,,,,1.79805254936218,1.80274033546448,10000.3662109375,10000.3662109375,52.863100012621,7.70375154683854,1.89891827106476,34,2,0,0,1,0.469894409179687,37.6344108581543,1,1,1,1.80274033546448,0,1.80039644241333,,,,,,,,,,,,,,,,,,,,,,,,,,,,,,,,,
,3958871772.77766,1.80202573537827,12000.287109375,0.0527859687813667,4.12815918213928E-6,1,2,16.9040756225586,5.00544680969517,30.7000000029802,64.0585863304281,16.8216082303895,100,-7.20400876366408E-5,,,,,,,,,,,,,,,,,,,,,1.8011029958725,1.80294847488403,12000.287109375,12000.287109375,53.1335434802748,7.70418611447332,1.88902235031128,34,1,0,0,1,0.468826293945313,37.6344108581543,1,1,1,1.80294847488403,0,1.80202573537827,,,,,,,,,,,,,,,,,,,,,,,,,,,,,,,,,
,3958871774.78602,1.80154657363892,12000.287109375,0.0527844966873798,4.63459461880493E-6,1,2,16.9040756225586,5.00541037837033,30.7000000029802,64.0571394161055,16.8172204947072,100,-7.51275904717188E-5,,,,,,,,,,,,,,,,,,,,,1.79839730262756,1.80469584465027,12000.287109375,12000.287109375,53.1734065347556,7.70509351024037,1.88811457157135,34,2,0,0,1,0.469970703125,37.6344108581543,1,1,1,1.79839730262756,0,1.80154657363892,,,,,,,,,,,,,,,,,,,,,,,,,,,,,,,,,
,3958872984.69615,1.80109798908234,14000.388671875,0.0624281931027224,5.56112321535621E-6,1,2,16.9040756225586,5.00396282067497,30.7000000029802,75.7239849509281,19.9036735290189,100,-7.07289685276447E-5,,,,,,,,,,,,,,,,,,,,,1.80044162273407,1.8017543554306,14000.388671875,14000.388671875,53.086645769121,7.70992413895482,1.9001852273941,34,1,0,0,1,0.47210693359375,37.1456527709961,1,1,1,1.80044162273407,0,1.80109798908234,,,,,,,,,,,,,,,,,,,,,,,,,,,,,,,,,
,3958872987.48404,1.80009382963181,14000.388671875,0.0624254814599864,5.84027039711779E-6,1,2,16.9040756225586,5.00400608171879,30.7000000029802,75.7226044298324,19.8992784770437,100,-7.38352507928909E-5,,,,,,,,,,,,,,,,,,,,,1.79974603652954,1.80044162273407,14000.388671875,14000.388671875,53.2445347300056,7.70959468544647,1.90202295780182,34,2,0,0,1,0.471267700195313,37.6344108581543,1,1,1,1.79974603652954,0,1.80009382963181,,,,,,,,,,,,,,,,,,,,,,,,,,,,,,,,,
,3958873092.12444,1.79969227313995,16000.28515625,0.0720347905771122,6.87489038279432E-6,1,2,16.9040756225586,5.00436833425988,30.7100005447865,87.3903780619955,22.9542016225744,100,-9.38922885780367E-5,,,,,,,,,,,,,,,,,,,,,1.79912972450256,1.80025482177734,16000.28515625,16000.28515625,53.2773631278133,7.70861107643716,1.8944925069809,34,1,0,0,1,0.468292236328125,37.6344108581543,1,1,1,1.79912972450256,0,1.79969227313995,,,,,,,,,,,,,,,,,,,,,,,,,,,,,,,,,
,3958873094.34002,1.79874217510223,16000.28515625,0.0720303905710907,6.53540887227734E-6,1,2,16.9040756225586,5.00436833425988,30.7000000029802,87.3841753691878,22.9560743756004,100,-9.11862196988729E-5,,,,,,,,,,,,,,,,,,,,,1.7983546257019,1.79912972450256,16000.28515625,16000.28515625,53.2398449588903,7.70861107643716,1.89433264732361,34,2,0,0,1,0.469894409179687,37.6344108581543,1,1,1,1.7983546257019,0,1.79874217510223,,,,,,,,,,,,,,,,,,,,,,,,,,,,,,,,,
,3958873124.6886,1.80035275220871,18000.47265625,0.0816219904959715,9.94706470980333E-6,1,2,16.9040756225586,5.00430859445507,30.7000000029802,99.0047268807969,26.0651870645646,100,-5.9869415017035E-5,,,,,,,,,,,,,,,,,,,,,1.80020463466644,1.80050086975098,18000.47265625,18000.47265625,53.2890875556018,7.70836070890398,1.89711284637451,34,1,0,0,1,0.469589233398438,38.1231689453125,1,1,1,1.80020463466644,0,1.80035275220871,,,,,,,,,,,,,,,,,,,,,,,,,,,,,,,,,
,3958873126.64179,1.80057430267334,18000.47265625,0.0816138949078182,7.91884085048389E-6,1,2,16.9040756225586,5.00433521929897,30.7100005447865,98.9969924425924,26.0576800166638,100,-6.40813493412297E-5,,,,,,,,,,,,,,,,,,,,,1.80020463466644,1.80094397068024,18000.47265625,18000.47265625,53.3586524938133,7.70817070006113,1.90156030654907,34,2,0,0,1,0.467910766601562,37.6344108581543,1,1,1,1.80094397068024,0,1.80057430267334,,,,,,,,,,,,,,,,,,,,,,,,,,,,,,,,,
,3958873157.36611,1.79826325178146,20000.173828125,0.0912407152846611,5.61694223762036E-6,1,2,16.9040756225586,5.00444159419266,30.7000000029802,110.688510166148,29.0906055681942,100,-0.000105932280483919,,,,,,,,,,,,,,,,,,,,,1.79815697669983,1.7983695268631,20000.173828125,20000.173828125,53.3367668952749,7.70801067922082,1.89457070827484,34,1,0,0,1,0.472412109375,37.1456527709961,1,1,1,1.7983695268631,0,1.79826325178146,,,,,,,,,,,,,,,,,,,,,,,,,,,,,,,,,
,3958873159.39706,1.80013352632523,20000.173828125,0.0912399039130128,1.09233048086825E-5,1,2,16.9040756225586,5.00451151447575,30.7000000029802,110.689836291426,29.0903316004199,100,-0.000106411299735322,,,,,,,,,,,,,,,,,,,,,1.79843938350678,1.80182766914368,20000.173828125,20000.173828125,53.482931428371,7.70818604636654,1.89658737182617,34,2,0,0,1,0.468826293945313,37.6344108581543,1,1,1,1.80182766914368,0,1.80013352632523,,,,,,,,,,,,,,,,,,,,,,,,,,,,,,,,,
,3958873190.52783,1.80083453655243,22000.34765625,0.100888693661659,9.81652735523209E-6,1,2,16.9040756225586,5.00440742947892,30.7000000029802,122.37932540051,32.2135371858363,100,-7.82653923449417E-5,,,,,,,,,,,,,,,,,,,,,1.80040204524994,1.80126702785492,22000.34765625,22000.34765625,53.4360337172172,7.70837695218385,1.89045655727386,34,1,0,0,1,0.4718017578125,37.6344108581543,1,1,1,1.80126702785492,0,1.80083453655243,,,,,,,,,,,,,,,,,,,,,,,,,,,,,,,,,
,3958873192.52226,1.80057942867279,22000.34765625,0.100871507334203,8.85515157245785E-6,1,2,16.9040756225586,5.00441288051456,30.7000000029802,122.359000722526,32.2068234748044,100,-7.93034419014306E-5,,,,,,,,,,,,,,,,,,,,,1.79989182949066,1.80126702785492,22000.34765625,22000.34765625,53.472770257621,7.70891941675021,1.89485216140747,34,2,0,0,1,0.469589233398438,37.6344108581543,1,1,1,1.79989182949066,0,1.80057942867279,,,,,,,,,,,,,,,,,,,,,,,,,,,,,,,,,
,3958873222.77347,1.80282109975815,24000.439453125,0.110597899072083,7.99021107907207E-6,1,2,16.9040756225586,5.00422791848738,30.7000000029802,134.155693630858,35.2903711970844,100,-0.00010354884624742,,,,,,,,,,,,,,,,,,,,,1.80264210700989,1.80300009250641,24000.439453125,24000.439453125,53.2992487263518,7.70939201918986,1.89559543132782,34,1,0,0,1,0.470657348632812,37.1456527709961,1,1,1,1.80264210700989,0,1.80282109975815,,,,,,,,,,,,,,,,,,,,,,,,,,,,,,,,,
,3958873224.81314,1.79980981349945,24000.439453125,0.110586823651154,8.66883076649765E-6,1,2,16.9040756225586,5.00422791848738,30.7000000029802,134.142210163668,35.2870225012379,100,-0.000103385653859637,,,,,,,,,,,,,,,,,,,,,1.79780161380768,1.80181801319122,24000.439453125,24000.439453125,53.3391117808326,7.70939201918986,1.88927447795868,34,2,0,0,1,0.472030639648438,37.6344108581543,1,1,1,1.79780161380768,0,1.79980981349945,,,,,,,,,,,,,,,,,,,,,,,,,,,,,,,,,
,3958873255.34648,1.79912078380585,26000.32421875,0.120359872821344,9.62852639178884E-6,1,2,16.9040756225586,5.00421063231986,30.7000000029802,145.982040806033,38.4591204168251,100,-6.81486097003766E-5,,,,,,,,,,,,,,,,,,,,,1.79589688777924,1.80234467983246,26000.32421875,26000.32421875,53.7650993238134,7.70915091967146,1.88657975196838,34,1,0,0,1,0.47027587890625,36.1681327819824,1,1,1,1.79589688777924,0,1.79912078380585,,,,,,,,,,,,,,,,,,,,,,,,,,,,,,,,,
,3958873257.37996,1.80259102582932,26000.32421875,0.120355373077841,6.0056311385913E-6,1,2,16.9040756225586,5.00423468089332,30.7000000029802,145.977804635944,38.457019676669,100,-6.89052476512607E-5,,,,,,,,,,,,,,,,,,,,,1.79589688777924,1.80928516387939,26000.32421875,26000.32421875,53.4227460323903,7.7092314087984,1.89481830596924,34,2,0,0,1,0.473175048828125,37.6344108581543,1,1,1,1.80928516387939,0,1.80259102582932,,,,,,,,,,,,,,,,,,,,,,,,,,,,,,,,,
,3958873324.66568,1.79901331663132,28000.21875,0.130209980080842,8.22623030470771E-6,1,2,16.9040756225586,5.00443365334857,30.7000000029802,157.932480479005,41.6332820542766,100,-5.38313874230444E-5,,,,,,,,,,,,,,,,,,,,,1.79885935783386,1.79916727542877,28000.21875,28000.21875,53.6173715336788,7.70900773497552,1.88856172561646,34,1,0,0,1,0.46966552734375,37.6344108581543,1,1,1,1.79916727542877,0,1.79901331663132,,,,,,,,,,,,,,,,,,,,,,,,,,,,,,,,,
,3958873326.60054,1.80068093538284,28000.21875,0.130204474890333,1.47111714754323E-5,1,2,16.9040756225586,5.00434921972492,30.7000000029802,157.921788825857,41.6316725181282,100,-5.2897125529107E-5,,,,,,,,,,,,,,,,,,,,,1.79916727542877,1.80219459533691,28000.21875,28000.21875,53.384446234948,7.70931419799021,1.88628721237183,34,2,0,0,1,0.470504760742188,37.6344108581543,1,1,1,1.80219459533691,0,1.80068093538284,,,,,,,,,,,,,,,,,,,,,,,,,,,,,,,,,
,3958873356.8218,1.79967284202576,30000.40625,0.140137115305337,1.28119466324027E-5,1,2,16.9040756225586,5.00434771306357,30.7100005447865,169.972510818508,44.7933621583849,100,-6.86093151177294E-5,,,,,,,,,,,,,,,,,,,,,1.79883277416229,1.80051290988922,30000.40625,30000.40625,53.7260178978518,7.70979721108479,1.89048874378204,34,1,0,0,1,0.467910766601562,37.6344108581543,1,1,1,1.80051290988922,0,1.79967284202576,,,,,,,,,,,,,,,,,,,,,,,,,,,,,,,,,
,3958873358.81882,1.80083757638931,30000.40625,0.140152594370624,1.12462920483794E-5,1,2,16.9040756225586,5.00426212251463,30.7000000029802,169.984522036517,44.8074990431826,100,-6.01584214879659E-5,,,,,,,,,,,,,,,,,,,,,1.80051290988922,1.8011622428894,30000.40625,30000.40625,53.7533748960249,7.70988373714359,1.88567411899567,34,2,0,0,1,0.46966552734375,37.6344108581543,1,1,1,1.8011622428894,0,1.80083757638931,,,,,,,,,,,,,,,,,,,,,,,,,,,,,,,,,
,3958873389.29372,1.7973085641861,32000.458984375,0.150175799056915,1.5467487796984E-5,1,2,16.9040756225586,5.00418601449289,30.7000000029802,182.133073420258,48.0270874760151,100,-5.11538269572902E-5,,,,,,,,,,,,,,,,,,,,,1.7964129447937,1.79820418357849,32000.458984375,32000.458984375,53.4970007417172,7.70995832227807,1.88619923591614,34,1,0,0,1,0.470199584960937,37.6344108581543,1,1,1,1.79820418357849,0,1.7973085641861,,,,,,,,,,,,,,,,,,,,,,,,,,,,,,,,,
,3958873391.31851,1.79674279689789,32000.458984375,0.150157494692717,1.28130760268645E-5,1,2,16.9040756225586,5.00424909967746,30.7000000029802,182.111737793599,48.0309318080965,100,-4.38466959989221E-5,,,,,,,,,,,,,,,,,,,,,1.79594361782074,1.79754197597504,32000.458984375,32000.458984375,53.811215406448,7.70992182826572,1.88656091690063,34,2,0,0,1,0.46905517578125,37.6344108581543,1,1,1,1.79594361782074,0,1.79674279689789,,,,,,,,,,,,,,,,,,,,,,,,,,,,,,,,,
,3958873480.48802,1.80041658878326,34000.515625,0.160365865030526,1.73541702177523E-5,1,2,16.9040756225586,5.00548391522617,30.7000000029802,194.55799120135,51.3193777916192,100,-4.23442409999372E-5,,,,,,,,,,,,,,,,,,,,,1.80033075809479,1.80050241947174,34000.515625,34000.515625,53.5634391658518,7.7053713744314,1.89488315582275,34,1,0,0,1,0.466842651367188,37.6344108581543,1,1,1,1.80050241947174,0,1.80041658878326,,,,,,,,,,,,,,,,,,,,,,,,,,,,,,,,,
,3958873483.1596,1.80036580562592,34000.515625,0.160359942106305,1.00285350274009E-5,1,2,16.9040756225586,5.0054649322048,30.7000000029802,194.547553314566,51.3256307860965,100,-3.54020821150213E-5,,,,,,,,,,,,,,,,,,,,,1.80022919178009,1.80050241947174,34000.515625,34000.515625,53.6290959614672,7.70514947546378,1.89351105690002,34,2,0,0,1,0.471420288085937,37.6344108581543,1,1,1,1.80022919178009,0,1.80036580562592,,,,,,,,,,,,,,,,,,,,,,,,,,,,,,,,,
,3958873514.33963,1.79869264364243,36000.41015625,0.170667424148038,1.24063652112809E-5,1,2,16.9040756225586,5.00595829414695,30.7000000029802,207.066354695636,54.6875699847783,100,7.95527925310513E-6,,,,,,,,,,,,,,,,,,,,,1.7979451417923,1.79944014549255,36000.41015625,36000.41015625,53.7221097552557,7.70385953159472,1.89697062969208,34,1,0,0,1,0.465774536132812,37.1456527709961,1,1,1,1.7979451417923,0,1.79869264364243,,,,,,,,,,,,,,,,,,,,,,,,,,,,,,,,,
,3958873516.31618,1.79909193515778,36000.41015625,0.170673530544756,1.6793337553444E-5,1,2,16.9040756225586,5.00605603895353,30.7000000029802,207.085282419211,54.6687418869798,100,-1.04020413630461E-5,,,,,,,,,,,,,,,,,,,,,1.7979451417923,1.80023872852325,36000.41015625,36000.41015625,53.7494667534288,7.70305077122359,1.89167642593384,34,2,0,0,1,0.47027587890625,37.6344108581543,1,1,1,1.80023872852325,0,1.79909193515778,,,,,,,,,,,,,,,,,,,,,,,,,,,,,,,,,
,3958873623.71096,1.79806900024414,38000.4140625,0.181129307353486,1.46300748410634E-5,1,2,16.9040756225586,5.00622812017312,30.7000000029802,219.772514608129,58.0574757542629,100,1.93261093630235E-5,,,,,,,,,,,,,,,,,,,,,1.79736387729645,1.79877412319183,38000.4140625,38000.4140625,53.9003210576403,7.70283188239092,1.89161348342896,34,1,0,0,1,0.47027587890625,38.6119270324707,1,1,1,1.79736387729645,0,1.79806900024414,,,,,,,,,,,,,,,,,,,,,,,,,,,,,,,,,
,3958873625.6232,1.7979444861412,38000.4140625,0.181148545208838,1.42261380577027E-5,1,2,16.9040756225586,5.00651048994701,30.7000000029802,219.818437551347,58.0481513858453,100,2.79978159319706E-6,,,,,,,,,,,,,,,,,,,,,1.79669284820557,1.79919612407684,38000.4140625,38000.4140625,53.6963160141211,7.70205132035401,1.89027655124664,34,2,0,0,1,0.46539306640625,38.1231689453125,1,1,1,1.79919612407684,0,1.7979444861412,,,,,,,,,,,,,,,,,,,,,,,,,,,,,,,,,
,3958873694.14197,1.79898792505264,40000.38671875,0.191764282571347,1.97880831327348E-5,1,2,16.9040756225586,5.00667019297182,30.7000000029802,232.708263251936,61.4617658961972,100,1.04802414610394E-5,,,,,,,,,,,,,,,,,,,,,1.79618036746979,1.8017954826355,40000.38671875,40000.38671875,53.8370091475826,7.70147719831043,1.88463068008423,34,1,0,0,1,0.470428466796875,38.1231689453125,1,1,1,1.8017954826355,0,1.79898792505264,,,,,,,,,,,,,,,,,,,,,,,,,,,,,,,,,
,3958873696.92456,1.79957181215286,40000.38671875,0.191756184014022,1.49056595455091E-5,1,2,16.9040756225586,5.00656258437196,30.7000000029802,232.691051074866,61.4588880061283,100,1.17648116979686E-5,,,,,,,,,,,,,,,,,,,,,1.79734814167023,1.8017954826355,40000.38671875,40000.38671875,54.0269448777557,7.70185849419498,1.88700747489929,34,2,0,0,1,0.469894409179687,36.1681327819824,1,1,1,1.79734814167023,0,1.79957181215286,,,,,,,,,,,,,,,,,,,,,,,,,,,,,,,,,
,3958873833.70154,1.79922831058502,42000.3046875,0.202566946060006,1.89592312853598E-5,1,2,16.9040756225586,5.00647475362569,30.7000000029802,245.920238865401,64.4805355123831,1000,-0.000351548202674391,,,,,,,,,,,,,,,,,,,,,1.79922831058502,1.79922831058502,42000.3046875,42000.3046875,53.719764869698,7.70183679991685,1.88999652862549,34,1,0,0,1,0.468597412109375,38.1231689453125,1,1,1,1.79922831058502,0,1.79922831058502,,,,,,,,,,,,,,,,,,,,,,,,,,,,,,,,,
,3958873834.63852,1.7992445230484,42000.3046875,0.20260688741777,2.10519934074886E-5,1,2,16.9040756225586,5.00627481115836,30.7000000029802,245.958727331566,64.475667746157,1000,-0.000363147815494125,,,,,,,,,,,,,,,,,,,,,1.79922831058502,1.79926073551178,42000.3046875,42000.3046875,53.9925532229096,7.70254827519621,1.89034819602966,34,2,0,0,1,0.467529296875,37.6344108581543,1,1,1,1.79926073551178,0,1.7992445230484,,,,,,,,,,,,,,,,,,,,,,,,,,,,,,,,,
,3958873918.2592,1.80188453197479,44000.46875,0.213596344321598,1.55407267404909E-5,1,2,16.9040756225586,5.0061674727026,30.7000000029802,259.295006565904,67.9588583334191,1000,-0.000392699158087683,,,,,,,,,,,,,,,,,,,,,1.80188453197479,1.80188453197479,44000.46875,44000.46875,53.9519085399096,7.70274884904989,1.90239119529724,34,1,0,0,1,0.4681396484375,37.6344108581543,1,1,1,1.80188453197479,0,1.80188453197479,,,,,,,,,,,,,,,,,,,,,,,,,,,,,,,,,
,3958873919.27601,1.80013996362686,44000.46875,0.213588427106052,2.11482957589052E-5,1,2,16.9040756225586,5.00607223745577,30.7000000029802,259.278841142313,67.9533140783548,1000,-0.000393692423703959,,,,,,,,,,,,,,,,,,,,,1.79839539527893,1.80188453197479,44000.46875,44000.46875,53.9401841121211,7.70315924475288,1.89719176292419,34,2,0,0,1,0.469818115234375,38.1231689453125,1,1,1,1.79839539527893,0,1.80013996362686,,,,,,,,,,,,,,,,,,,,,,,,,,,,,,,,,
,3958873949.66182,1.79915332794189,46000.4609375,0.224819984471489,1.62700030872418E-5,1,2,16.9040756225586,5.00589744153788,30.7000000029802,272.888167086439,71.5670049607423,1000,-0.000378256926350236,,,,,,,,,,,,,,,,,,,,,1.7975537776947,1.80075287818909,46000.4609375,46000.4609375,53.8659294027942,7.70424770848217,1.89853632450104,34,1,0,0,1,0.47027587890625,38.1231689453125,1,1,1,1.7975537776947,0,1.79915332794189,,,,,,,,,,,,,,,,,,,,,,,,,,,,,,,,,
,3958873951.71041,1.79855877161026,46000.4609375,0.224808483024979,1.8105720994709E-5,1,2,16.9040756225586,5.00600558298392,30.7000000029802,272.881843930752,71.5677026255103,1000,-0.000376421564430456,,,,,,,,,,,,,,,,,,,,,1.7975537776947,1.79956376552582,46000.4609375,46000.4609375,54.0769691029865,7.70395222348789,1.90259003639221,34,2,0,0,1,0.46905517578125,37.6344108581543,1,1,1,1.79956376552582,0,1.79855877161026,,,,,,,,,,,,,,,,,,,,,,,,,,,,,,,,,
,3958873982.93055,1.79792737960815,48000.22265625,0.236291716969838,1.84415197721302E-5,1,2,16.9040756225586,5.00601437157185,30.7000000029802,286.824319791484,75.2124022479893,1000,-0.000404853840019522,,,,,,,,,,,,,,,,,,,,,1.79757153987885,1.79828321933746,48000.22265625,48000.22265625,54.2192254934865,7.70384086179958,1.90358603000641,34,1,0,0,1,0.465545654296875,38.1231689453125,1,1,1,1.79828321933746,0,1.79792737960815,,,,,,,,,,,,,,,,,,,,,,,,,,,,,,,,,
,3958873984.96114,1.79863822460175,48000.22265625,0.236294902580536,2.38242019951689E-5,1,2,16.9040756225586,5.00590599835249,30.7000000029802,286.829400672314,75.1737610245338,1000,-0.000435672638658369,,,,,,,,,,,,,,,,,,,,,1.79828321933746,1.79899322986603,48000.22265625,48000.22265625,54.0933833018903,7.70411673827126,1.90742456912994,34,2,0,0,1,0.465621948242188,38.1231689453125,1,1,1,1.79899322986603,0,1.79863822460175,,,,,,,,,,,,,,,,,,,,,,,,,,,,,,,,,
,3958874116.90415,1.80060249567032,50000.2890625,0.248058644948408,1.97566410513684E-5,1,2,16.9040756225586,5.00633238212924,30.7000000029802,301.13919300554,78.946526656888,1000,-0.000440112342578686,,,,,,,,,,,,,,,,,,,,,1.79969441890717,1.80151057243347,50000.2890625,50000.2890625,54.0128755644096,7.70351098550546,1.89468884468079,34,1,0,0,1,0.4705810546875,38.1231689453125,1,1,1,1.80151057243347,0,1.80060249567032,,,,,,,,,,,,,,,,,,,,,,,,,,,,,,,,,
,3958874118.93623,1.80022221803665,50000.2890625,0.248058221882916,2.55813549835576E-5,1,2,16.9040756225586,5.00632044109302,30.7100005447865,301.133990720479,78.9600933850604,1000,-0.00042860361820588,,,,,,,,,,,,,,,,,,,,,1.80011117458344,1.80033326148987,50000.2890625,50000.2890625,54.0136571929288,7.70294848819505,1.8948438167572,34,2,0,0,1,0.467376708984375,38.1231689453125,1,1,1,1.80011117458344,0,1.80022221803665,,,,,,,,,,,,,,,,,,,,,,,,,,,,,,,,,
,3958874155.96753,1.79930466413498,52000.3203125,0.260124844950487,2.39612121883447E-5,1,2,16.9040756225586,5.00632333435356,30.7000000029802,315.770936107113,82.8456813131162,1000,-0.000412728788422543,,,,,,,,,,,,,,,,,,,,,1.79913938045502,1.79946994781494,52000.3203125,52000.3203125,53.9605064536211,7.7034375695044,1.89245128631592,34,1,0,0,1,0.468597412109375,38.1231689453125,1,1,1,1.79913938045502,0,1.79930466413498,,,,,,,,,,,,,,,,,,,,,,,,,,,,,,,,,
,3958874158.38167,1.7995902299881,52000.3203125,0.260132439174932,2.25352923627825E-5,1,2,16.9040756225586,5.00634338971495,30.7000000029802,315.792431537248,82.8087495094815,1000,-0.000445551572577631,,,,,,,,,,,,,,,,,,,,,1.79913938045502,1.80004107952118,52000.3203125,52000.3203125,54.109015872275,7.70309882289465,1.89225399494171,34,2,0,0,1,0.465774536132812,38.1231689453125,1,1,1,1.80004107952118,0,1.7995902299881,,,,,,,,,,,,,,,,,,,,,,,,,,,,,,,,,
,3958874189.65677,1.79995250701904,54000.203125,0.272534010216962,2.27834408587538E-5,1,2,16.9040756225586,5.00603334259106,30.7000000029802,330.812943812957,86.7719226241621,1000,-0.000447972963418842,,,,,,,,,,,,,,,,,,,,,1.79921972751617,1.80068528652191,54000.203125,54000.203125,54.1621666115827,7.70389891783666,1.90461730957031,34,1,0,0,1,0.468063354492188,38.6119270324707,1,1,1,1.79921972751617,0,1.79995250701904,,,,,,,,,,,,,,,,,,,,,,,,,,,,,,,,,
,3958874191.60838,1.79979074001312,54000.203125,0.27253195031319,2.03505172269507E-5,1,2,16.9040756225586,5.00597033618385,30.7000000029802,330.811170994744,86.7450038083576,1000,-0.000468360572789396,,,,,,,,,,,,,,,,,,,,,1.79940128326416,1.80018019676209,54000.203125,54000.203125,54.2332948068327,7.70426770646881,1.90248954296112,34,2,0,0,1,0.46539306640625,38.1231689453125,1,1,1,1.80018019676209,0,1.79979074001312,,,,,,,,,,,,,,,,,,,,,,,,,,,,,,,,,
,3958874222.08544,1.80092430114746,56000.234375,0.285320442291646,1.62007425166649E-5,1,2,16.9040756225586,5.00598746873062,30.7000000029802,346.320475870257,90.8749164001949,1000,-0.000441716991667898,,,,,,,,,,,,,,,,,,,,,1.79991328716278,1.80193531513214,56000.234375,56000.234375,54.065244675198,7.70449589327063,1.90034770965576,34,1,0,0,1,0.46844482421875,37.6344108581543,1,1,1,1.79991328716278,0,1.80092430114746,,,,,,,,,,,,,,,,,,,,,,,,,,,,,,,,,
,3958874224.12187,1.79978317022324,56000.234375,0.285334475454676,3.47130036980401E-5,1,2,16.9040756225586,5.00609055645179,30.7000000029802,346.357419020884,90.8442549006367,1000,-0.00047284346538257,,,,,,,,,,,,,,,,,,,,,1.79965305328369,1.79991328716278,56000.234375,56000.234375,54.156695211948,7.70450562250204,1.90195393562317,34,2,0,0,1,0.470504760742188,37.6344108581543,1,1,1,1.79965305328369,0,1.79978317022324,,,,,,,,,,,,,,,,,,,,,,,,,,,,,,,,,
,3958874254.85146,1.79881501197815,58000.3203125,0.298542645579935,2.21277643018604E-5,1,2,16.9040756225586,5.00604202624554,30.7000000029802,362.376187839482,95.0832426734205,1000,-0.000465818917611989,,,,,,,,,,,,,,,,,,,,,1.7987322807312,1.7988977432251,58000.3203125,58000.3203125,54.2418927205442,7.70471500577181,1.9020162820816,34,1,0,0,1,0.470123291015625,38.1231689453125,1,1,1,1.7988977432251,0,1.79881501197815,,,,,,,,,,,,,,,,,,,,,,,,,,,,,,,,,
,3958874256.8491,1.80142223834991,58000.3203125,0.29852270562306,2.6427550822617E-5,1,2,16.9040756225586,5.00612168836749,30.7000000029802,362.365341123196,95.0588652111739,1000,-0.00048238347830091,,,,,,,,,,,,,,,,,,,,,1.7988977432251,1.80394673347473,58000.3203125,58000.3203125,54.4881057041019,7.70412698815428,1.90103077888489,34,2,0,0,1,0.46783447265625,37.6344108581543,1,1,1,1.80394673347473,0,1.80142223834991,,,,,,,,,,,,,,,,,,,,,,,,,,,,,,,,,
,3958874287.31105,1.79878282546997,60000.36328125,0.312245564597074,3.01396493702387E-5,1,2,16.9040756225586,5.00603848360764,30.7000000029802,379.011430011042,99.4368856050551,1000,-0.000495869979110904,,,,,,,,,,,,,,,,,,,,,1.79709756374359,1.80046808719635,60000.36328125,60000.36328125,54.2340764353519,7.70482237597043,1.90317153930664,34,1,0,0,1,0.470733642578125,37.6344108581543,1,1,1,1.80046808719635,0,1.79878282546997,,,,,,,,,,,,,,,,,,,,,,,,,,,,,,,,,
,3958874289.35383,1.80113339424133,60000.36328125,0.312262568084105,2.80673732040803E-5,1,2,16.9040756225586,5.00603848360764,30.7000000029802,379.032071642109,99.4422914929006,1000,-0.000495904397221689,,,,,,,,,,,,,,,,,,,,,1.80046808719635,1.80179870128632,60000.36328125,60000.36328125,54.3208372009865,7.70482237597043,1.90051567554474,34,2,0,0,1,0.466156005859375,37.6344108581543,1,1,1,1.80179870128632,0,1.80113339424133,,,,,,,,,,,,,,,,,,,,,,,,,,,,,,,,,
,3958874320.52914,1.80031090974808,62000.39453125,0.326566569977234,2.59865063044511E-5,1,2,16.9040756225586,5.00573229076561,30.7000000029802,396.358715707098,103.996604358627,1000,-0.000512052710131128,,,,,,,,,,,,,,,,,,,,,1.79987716674805,1.80074465274811,62000.39453125,62000.39453125,54.2645599476019,7.70562285658139,1.90857934951782,34,1,0,0,1,0.471115112304687,38.1231689453125,1,1,1,1.80074465274811,0,1.80031090974808,,,,,,,,,,,,,,,,,,,,,,,,,,,,,,,,,
,3958874322.5401,1.79973620176315,62000.39453125,0.326585172319565,2.41585039477E-5,1,2,16.9040756225586,5.00573229076561,30.7000000029802,396.388485425855,103.975292616563,1000,-0.000534531152646721,,,,,,,,,,,,,,,,,,,,,1.79965949058533,1.79981291294098,62000.39453125,62000.39453125,54.2926985742942,7.70562285658139,1.90818929672241,34,2,0,0,1,0.46844482421875,38.1231689453125,1,1,1,1.79910826683044,0,1.79973620176315,,,,,,,,,,,,,,,,,,,,,,,,,,,,,,,,,
,3958874353.05876,1.80010086297989,64000.3515625,0.341740661380445,2.5723688513254E-5,1,2,16.9040756225586,5.00590086856079,30.7000000029802,414.796501593478,108.829093930517,1000,-0.000539866777617574,,,,,,,,,,,,,,,,,,,,,1.79896759986877,1.801234126091,64000.3515625,64000.3515625,54.5295320156212,7.70551461908222,1.90428876876831,34,1,0,0,1,0.468063354492188,37.6344108581543,1,1,1,1.801234126091,0,1.80010086297989,,,,,,,,,,,,,,,,,,,,,,,,,,,,,,,,,
,3958874355.13949,1.80032247304916,64000.3515625,0.34177775326533,1.45426012486231E-5,1,2,16.9040756225586,5.00580150110729,30.7000000029802,414.835029912355,108.819000975024,1000,-0.000555497489652998,,,,,,,,,,,,,,,,,,,,,1.79941082000732,1.801234126091,64000.3515625,64000.3515625,54.3372513998904,7.70565680244438,1.9064484834671,34,2,0,0,1,0.469589233398438,38.1231689453125,1,1,1,1.79941082000732,0,1.80032247304916,,,,,,,,,,,,,,,,,,,,,,,,,,,,,,,,,
,3958874386.32363,1.79981845617294,66000.1875,0.358254655131787,3.25845328444279E-5,1,2,16.9040756225586,5.00581239042168,30.7000000029802,434.834909557296,114.066918995016,1000,-0.000581063720868914,,,,,,,,,,,,,,,,,,,,,1.79885959625244,1.80077731609344,66000.1875,66000.1875,54.4466793925827,7.70608949144342,1.90288615226746,34,1,0,0,1,0.466384887695313,37.6344108581543,1,1,1,1.79885959625244,0,1.79981845617294,,,,,,,,,,,,,,,,,,,,,,,,,,,,,,,,,
,3958874388.35506,1.80095446109772,66000.1875,0.358199917926581,3.04016992607319E-5,1,2,16.9040756225586,5.00596771845378,30.7000000029802,434.776010046289,114.097112991933,1000,-0.000545791525987804,,,,,,,,,,,,,,,,,,,,,1.79885959625244,1.80304932594299,66000.1875,66000.1875,54.4881057041019,7.70514536412976,1.90289306640625,34,2,0,0,1,0.466156005859375,40.0782012939453,1,1,1,1.80304932594299,0,1.80095446109772,,,,,,,,,,,,,,,,,,,,,,,,,,,,,,,,,
,3958874419.20798,1.80087172985077,68000.390625,0.376460549332988,3.26354063450229E-5,1,2,16.9040756225586,5.00596288615703,30.7000000029802,456.939966243788,119.912827517882,1000,-0.000574165407572448,,,,,,,,,,,,,,,,,,,,,1.80064523220062,1.80109822750092,68000.390625,68000.390625,54.5396931863712,7.70526574819065,1.90077579021454,34,1,0,0,1,0.468063354492188,37.6344108581543,1,1,1,1.80064523220062,0,1.80087172985077,,,,,,,,,,,,,,,,,,,,,,,,,,,,,,,,,
,3958874421.22603,1.80028080940247,68000.390625,0.376512826273089,3.03574621049709E-5,1,2,16.9040756225586,5.00599405913479,30.7000000029802,457.016618496841,119.895559497861,1000,-0.000603059851038788,,,,,,,,,,,,,,,,,,,,,1.79991638660431,1.80064523220062,68000.390625,68000.390625,54.4685649911211,7.70546048633562,1.90001201629639,34,2,0,0,1,0.469207763671875,38.1231689453125,1,1,1,1.79991638660431,0,1.80028080940247,,,,,,,,,,,,,,,,,,,,,,,,,,,,,,,,,
,3958874451.68933,1.79914861917496,70000.421875,0.3940611054892,4.056917366595E-5,1,2,16.9040756225586,5.00593041728436,30.7000000029802,478.298416419104,125.519505632361,1000,-0.000599721856554406,,,,,,,,,,,,,,,,,,,,,1.7980934381485,1.80020380020142,70000.421875,70000.421875,54.4716915051981,7.70597898314177,1.90380835533142,34,1,0,0,1,0.466156005859375,38.1231689453125,1,1,1,1.7980934381485,0,1.79914861917496,,,,,,,,,,,,,,,,,,,,,,,,,,,,,,,,,
,3958874453.7732,1.7992137670517,70000.421875,0.394072123017115,4.24391618400023E-5,1,2,16.9040756225586,5.00596785520572,30.7000000029802,478.318191560005,125.518965973704,1000,-0.000604154665909528,,,,,,,,,,,,,,,,,,,,,1.7980934381485,1.8003340959549,70000.421875,70000.421875,54.5779929838135,7.70609310816635,1.90202987194061,34,2,0,0,1,0.469589233398438,38.1231689453125,1,1,1,1.8003340959549,0,1.7992137670517,,,,,,,,,,,,,,,,,,,,,,,,,,,,,,,,,
,3958874484.49631,1.80002623796463,68000.46875,0.376446012741585,2.66730460114961E-5,1,2,16.9040756225586,5.00568462084638,30.7000000029802,456.895020736889,119.868181228676,1000,-0.000599466839024241,,,,,,,,,,,,,,,,,,,,,1.80001354217529,1.80003893375397,68000.46875,68000.46875,54.6139478956981,7.70671904863249,1.90749931335449,34,1,0,0,1,0.466384887695313,38.1231689453125,1,1,1,1.80001354217529,0,1.80002623796463,,,,,,,,,,,,,,,,,,,,,,,,,,,,,,,,,
,3958874486.45028,1.79991054534912,68000.46875,0.37647294590765,3.84834180961403E-5,1,2,16.9040756225586,5.00566234334843,30.7000000029802,456.926671857291,119.869205730709,1000,-0.000605121122496499,,,,,,,,,,,,,,,,,,,,,1.79980754852295,1.80001354217529,68000.46875,68000.46875,54.2497090057365,7.70695114490841,1.91298246383667,34,2,0,0,1,0.472564697265625,38.1231689453125,1,1,1,1.79980754852295,0,1.79991054534912,,,,,,,,,,,,,,,,,,,,,,,,,,,,,,,,,
,3958874516.03736,1.79996156692505,66000.34375,0.358392575537098,2.72149669671381E-5,1,2,16.9040756225586,5.00570302479288,30.7000000029802,434.976593584685,114.154568375306,1000,-0.000542372075063014,,,,,,,,,,,,,,,,,,,,,1.79964482784271,1.80027830600739,66000.34375,66000.34375,54.4701282481596,7.70571155413179,1.90684521198273,34,1,0,0,1,0.468292236328125,37.1456527709961,1,1,1,1.79964482784271,0,1.79996156692505,,,,,,,,,,,,,,,,,,,,,,,,,,,,,,,,,
,3958874518.11168,1.80010002851486,66000.34375,0.3583980798777,3.92631791941014E-5,1,2,16.9040756225586,5.00568562656744,30.7000000029802,434.991750840441,114.115683148354,1000,-0.000575421394123359,,,,,,,,,,,,,,,,,,,,,1.79964482784271,1.80055522918701,66000.34375,66000.34375,54.4865424470635,7.70651921391293,1.90717256069183,34,2,0,0,1,0.466537475585937,38.1231689453125,1,1,1,1.80055522918701,0,1.80010002851486,,,,,,,,,,,,,,,,,,,,,,,,,,,,,,,,,
,3958874548.13264,1.79921936988831,64000.38671875,0.341877956883685,2.37416083116872E-5,1,2,16.9040756225586,5.00567510350503,30.7000000029802,414.934232998107,108.876650541478,1000,-0.000531280097152244,,,,,,,,,,,,,,,,,,,,,1.7988783121109,1.79956042766571,64000.38671875,64000.38671875,54.4021265669865,7.70685014079479,1.91101896762848,34,1,0,0,1,0.472259521484375,38.1231689453125,1,1,1,1.79875421524048,0,1.79921936988831,,,,,,,,,,,,,,,,,,,,,,,,,,,,,,,,,
,3958874550.20905,1.79939502477646,64000.38671875,0.341875158129309,1.70990026132658E-5,1,2,16.9040756225586,5.00566678582297,30.7000000029802,414.929897122447,108.875422477068,1000,-0.000531345397187524,,,,,,,,,,,,,,,,,,,,,1.79875421524048,1.80003583431244,64000.38671875,64000.38671875,54.3575737413904,7.7060244757849,1.91385996341705,34,2,0,0,1,0.47149658203125,38.1231689453125,1,1,1,1.80003583431244,0,1.79939502477646,,,,,,,,,,,,,,,,,,,,,,,,,,,,,,,,,
,3958874580.9072,1.7991663813591,62000.296875,0.326699971258953,2.74879829851522E-5,1,2,16.9040756225586,5.0056297100251,30.7000000029802,396.505302950692,104.051238443791,1000,-0.000499794922967779,,,,,,,,,,,,,,,,,,,,,1.79888319969177,1.79944956302643,62000.296875,62000.296875,54.2747211183519,7.7065108155699,1.91021454334259,34,1,0,0,1,0.467376708984375,37.6344108581543,1,1,1,1.79888319969177,0,1.7991663813591,,,,,,,,,,,,,,,,,,,,,,,,,,,,,,,,,
,3958874582.91393,1.79951769113541,62000.296875,0.326667252376948,3.14184839814015E-5,1,2,16.9040756225586,5.0056297100251,30.7000000029802,396.467121051367,104.035031260885,1000,-0.000504514564452939,,,,,,,,,,,,,,,,,,,,,1.79888319969177,1.80015218257904,62000.296875,62000.296875,54.2450192346211,7.7065108155699,1.9078334569931,34,2,0,0,1,0.470352172851562,38.1231689453125,1,1,1,1.80015218257904,0,1.79951769113541,,,,,,,,,,,,,,,,,,,,,,,,,,,,,,,,,
,3958874612.93103,1.79965043067932,60000.3984375,0.312347317533956,3.02171047252075E-5,1,2,16.9040756225586,5.00580970697141,30.7000000029802,379.114670201325,99.448226884901,1000,-0.000508168162171699,,,,,,,,,,,,,,,,,,,,,1.79947364330292,1.79982721805573,60000.3984375,60000.3984375,54.3075495161596,7.7057810942444,1.90598678588867,34,1,0,0,1,0.465774536132812,38.1231689453125,1,1,1,1.79982721805573,0,1.79965043067932,,,,,,,,,,,,,,,,,,,,,,,,,,,,,,,,,
,3958874614.88697,1.80092614889145,60000.3984375,0.312321287591874,1.68067683405775E-5,1,2,16.9040756225586,5.00586846076086,30.7000000029802,379.087614636616,99.4478731176531,1000,-0.000502927798872921,,,,,,,,,,,,,,,,,,,,,1.79982721805573,1.80202507972717,60000.3984375,60000.3984375,54.3411595424865,7.70537824148741,1.9089583158493,34,2,0,0,1,0.469436645507812,38.1231689453125,1,1,1,1.80202507972717,0,1.80092614889145,,,,,,,,,,,,,,,,,,,,,,,,,,,,,,,,,
,3958874646.48038,1.80009037256241,58000.30859375,0.29862701667302,1.54374964357576E-5,1,2,16.9040756225586,5.00563905641302,30.7000000029802,362.442130237251,95.0834784856973,1000,-0.000479106754707717,,,,,,,,,,,,,,,,,,,,,1.79985022544861,1.80033051967621,58000.30859375,58000.30859375,54.3653900265827,7.70616174361019,1.90962469577789,34,1,0,0,1,0.465774536132812,37.6344108581543,1,1,1,1.80033051967621,0,1.80009037256241,,,,,,,,,,,,,,,,,,,,,,,,,,,,,,,,,
,3958874648.66602,1.79967850446701,58000.30859375,0.298622632405883,1.89743669809692E-5,1,2,16.9040756225586,5.00567599163118,30.7000000029802,362.445529450922,95.0641579616191,1000,-0.000494680765977713,,,,,,,,,,,,,,,,,,,,,1.79918658733368,1.80017042160034,58000.30859375,58000.30859375,54.0613365326019,7.70586701772334,1.9120626449585,34,2,0,0,1,0.472946166992188,37.6344108581543,1,1,1,1.79918658733368,0,1.79967850446701,,,,,,,,,,,,,,,,,,,,,,,,,,,,,,,,,
,3958874679.2221,1.80000054836273,56000.24609375,0.285409519926972,1.91839837729199E-5,1,2,16.9040756225586,5.00562806615768,30.7000000029802,346.398322089174,90.8775136239445,1000,-0.000455599277845954,,,,,,,,,,,,,,,,,,,,,1.79974782466888,1.80025327205658,56000.24609375,56000.24609375,54.129338213775,7.70559838715052,1.91107738018036,34,1,0,0,1,0.4656982421875,37.6344108581543,1,1,1,1.79974782466888,0,1.80000054836273,,,,,,,,,,,,,,,,,,,,,,,,,,,,,,,,,
,3958874681.27573,1.79961878061295,56000.24609375,0.285430245843771,2.97386318515198E-5,1,2,16.9040756225586,5.0057183705707,30.7000000029802,346.434505742801,90.8776338145694,1000,-0.000462857307313842,,,,,,,,,,,,,,,,,,,,,1.79948973655701,1.79974782466888,56000.24609375,56000.24609375,54.1965582664288,7.70566644553682,1.90603590011597,34,2,0,0,1,0.468597412109375,38.1231689453125,1,1,1,1.79948973655701,0,1.79961878061295,,,,,,,,,,,,,,,,,,,,,,,,,,,,,,,,,
,3958874712.21362,1.79954302310944,54000.30078125,0.272633472730034,1.90309608887682E-5,1,2,16.9040756225586,5.00575854101639,30.7000000029802,330.908408420851,86.7967115590047,1000,-0.000448330202521773,,,,,,,,,,,,,,,,,,,,,1.79863595962524,1.80045008659363,54000.30078125,54000.30078125,54.2762843753904,7.70507550407503,1.907958984375,34,1,0,0,1,0.467300415039063,38.1231689453125,1,1,1,1.79863595962524,0,1.79954302310944,,,,,,,,,,,,,,,,,,,,,,,,,,,,,,,,,
,3958874714.19671,1.79918813705444,54000.30078125,0.272647941449074,1.37858803422458E-5,1,2,16.9040756225586,5.00586888766696,30.7000000029802,330.933661301976,86.8133778553579,1000,-0.000440612857532214,,,,,,,,,,,,,,,,,,,,,1.79870688915253,1.79966938495636,54000.30078125,54000.30078125,54.1137056433903,7.70496658530828,1.90504276752472,34,2,0,0,1,0.471649169921875,38.1231689453125,1,1,1,1.79966938495636,0,1.79918813705444,,,,,,,,,,,,,,,,,,,,,,,,,,,,,,,,,
,3958874745.80484,1.80041372776031,52000.234375,0.260220430080444,2.03176429307324E-5,1,2,16.9040756225586,5.00556093678793,30.7000000029802,315.829046080916,82.8238807214172,1000,-0.000441439146144143,,,,,,,,,,,,,,,,,,,,,1.7996039390564,1.80122351646423,52000.234375,52000.234375,54.0800956170634,7.70594400975136,1.9090404510498,34,1,0,0,1,0.467758178710937,38.1231689453125,1,1,1,1.7996039390564,0,1.80041372776031,,,,,,,,,,,,,,,,,,,,,,,,,,,,,,,,,
,3958874747.85631,1.79954302310944,52000.234375,0.260196985315584,2.07188211147678E-5,1,2,16.9040756225586,5.00558404088599,30.7000000029802,315.803956775665,82.811903219986,1000,-0.000445560749929363,,,,,,,,,,,,,,,,,,,,,1.79948210716248,1.7996039390564,52000.234375,52000.234375,54.2559620338904,7.70598533480635,1.91405892372131,34,2,0,0,1,0.468521118164063,38.1231689453125,1,1,1,1.79948210716248,0,1.79954302310944,,,,,,,,,,,,,,,,,,,,,,,,,,,,,,,,,
,3958874778.74964,1.79918646812439,50000.4609375,0.248163861837013,2.73108793462803E-5,1,2,16.9040756225586,5.00578511673932,30.7000000029802,301.215252295785,78.9897729858911,1000,-0.000422332351483547,,,,,,,,,,,,,,,,,,,,,1.79858958721161,1.79978334903717,50000.4609375,50000.4609375,54.0628997896403,7.70435210074273,1.90933239459991,34,1,0,0,1,0.469818115234375,37.6344108581543,1,1,1,1.79978334903717,0,1.79918646812439,,,,,,,,,,,,,,,,,,,,,,,,,,,,,,,,,
,3958874780.76722,1.79945361614227,50000.4609375,0.248180987363783,2.32192753457547E-5,1,2,16.9040756225586,5.00581835751959,30.7000000029802,301.241313660139,78.9865419989722,1000,-0.000430120383004885,,,,,,,,,,,,,,,,,,,,,1.79912388324738,1.79978334903717,50000.4609375,50000.4609375,54.0933833018903,7.70447755893498,1.90689659118652,34,2,0,0,1,0.469131469726562,36.1681327819824,1,1,1,1.79912388324738,0,1.79945361614227,,,,,,,,,,,,,,,,,,,,,,,,,,,,,,,,,
,3958874810.74463,1.80000048875809,48000.40234375,0.236380312796503,1.67409374722785E-5,1,2,16.9040756225586,5.00587537525521,30.7000000029802,286.915003941488,75.25946657253,1000,-0.000387056627920336,,,,,,,,,,,,,,,,,,,,,1.79933524131775,1.80066573619843,48000.40234375,48000.40234375,53.8573314890826,7.70494552415694,1.90298497676849,34,1,0,0,1,0.472869873046875,38.1231689453125,1,1,1,1.80078542232513,0,1.80000048875809,,,,,,,,,,,,,,,,,,,,,,,,,,,,,,,,,
,3958874812.80364,1.80142378807068,48000.40234375,0.236388493219282,9.60782308405903E-6,1,2,16.9040756225586,5.00571045393924,30.7000000029802,286.914141230832,75.2495688650949,1000,-0.000394525422019969,,,,,,,,,,,,,,,,,,,,,1.80078542232513,1.80206215381622,48000.40234375,48000.40234375,53.8557682320442,7.70487458971664,1.90663683414459,34,2,0,0,1,0.471878051757812,38.6119270324707,1,1,1,1.80206215381622,0,1.80142378807068,,,,,,,,,,,,,,,,,,,,,,,,,,,,,,,,,
,3958874842.78128,1.80119490623474,46000.30078125,0.224906838902502,9.47134082169535E-6,1,2,16.9040756225586,5.00575239155306,30.7000000029802,272.984277369289,71.5852658169404,1000,-0.000383756593999295,,,,,,,,,,,,,,,,,,,,,1.79996454715729,1.80242526531219,46000.30078125,46000.30078125,53.8885966298519,7.70471808347898,1.91190791130066,34,1,0,0,1,0.470046997070313,37.6344108581543,1,1,1,1.80242526531219,0,1.80119490623474,,,,,,,,,,,,,,,,,,,,,,,,,,,,,,,,,
,3958874844.80431,1.80094844102859,46000.30078125,0.224916236873053,2.70111223913297E-5,1,2,16.9040756225586,5.0056635330248,30.7000000029802,272.990568507668,71.5802698019105,1000,-0.000388895799926717,,,,,,,,,,,,,,,,,,,,,1.799471616745,1.80242526531219,46000.30078125,46000.30078125,54.0910384163326,7.70542366623656,1.9051513671875,34,2,0,0,1,0.468826293945313,38.1231689453125,1,1,1,1.799471616745,0,1.80094844102859,,,,,,,,,,,,,,,,,,,,,,,,,,,,,,,,,
,3958874875.25049,1.79914277791977,44000.39453125,0.213672279731746,1.30107593651589E-5,1,2,16.9040756225586,5.00597033697437,30.7000000029802,259.362935011648,68.0172013016737,1000,-0.000361588666967134,,,,,,,,,,,,,,,,,,,,,1.79886734485626,1.79941821098328,44000.39453125,44000.39453125,53.8878150013326,7.70394208340824,1.90463507175446,34,1,0,0,1,0.469284057617188,38.1231689453125,1,1,1,1.79941821098328,0,1.79914277791977,,,,,,,,,,,,,,,,,,,,,,,,,,,,,,,,,
,3958874877.26706,1.79948645830154,44000.39453125,0.213678119187371,2.18608640397055E-5,1,2,16.9040756225586,5.00593605423364,30.7000000029802,259.368232334113,68.015813420562,1000,-0.000363739218992464,,,,,,,,,,,,,,,,,,,,,1.79887270927429,1.8001002073288,44000.39453125,44000.39453125,54.180144067525,7.70385059473117,1.90484809875488,34,2,0,0,1,0.468063354492188,38.1231689453125,1,1,1,1.8001002073288,0,1.79948645830154,,,,,,,,,,,,,,,,,,,,,,,,,,,,,,,,,
,3958874908.24042,1.79921436309814,42000.29296875,0.202643375438121,1.54121039665502E-5,1,2,16.9040756225586,5.00582870961588,30.7000000029802,245.969698865346,64.4897217253429,1000,-0.000354596443798029,,,,,,,,,,,,,,,,,,,,,1.79916203022003,1.79926669597626,42000.29296875,42000.29296875,53.8643661457557,7.70429492723902,1.90555596351624,34,1,0,0,1,0.465774536132812,38.1231689453125,1,1,1,1.79926669597626,0,1.79921436309814,,,,,,,,,,,,,,,,,,,,,,,,,,,,,,,,,
,3958874910.35504,1.7996484041214,42000.29296875,0.202653229885177,2.12923792648647E-5,1,2,16.9040756225586,5.00589937464535,30.7000000029802,245.987034307133,64.4921109664696,1000,-0.000356275538652836,,,,,,,,,,,,,,,,,,,,,1.79895412921906,1.80034267902374,42000.29296875,42000.29296875,53.5118516835826,7.70384129654375,1.90390491485596,34,2,0,0,1,0.470123291015625,38.1231689453125,1,1,1,1.80034267902374,0,1.7996484041214,,,,,,,,,,,,,,,,,,,,,,,,,,,,,,,,,
,3958874940.98918,1.79986220598221,40000.2265625,0.191851697773797,1.70684204795735E-5,1,2,16.9040756225586,5.00595202803403,30.7000000029802,232.882555722501,61.0428361607052,1000,-0.000347756675141114,,,,,,,,,,,,,,,,,,,,,1.79947328567505,1.80025112628937,40000.2265625,40000.2265625,53.6369122466595,7.70398075742069,1.89910936355591,34,1,0,0,1,0.470352172851562,38.6119270324707,1,1,1,1.80025112628937,0,1.79986220598221,,,,,,,,,,,,,,,,,,,,,,,,,,,,,,,,,
,3958874943.05513,1.80084240436554,40000.2265625,0.191855341241101,1.75567317024255E-5,1,2,16.9040756225586,5.00593534422975,30.7000000029802,232.886635133309,61.0409133965018,1000,-0.000350069724797171,,,,,,,,,,,,,,,,,,,,,1.80025112628937,1.80143368244171,40000.2265625,40000.2265625,53.8573314890826,7.70374980747812,1.90140104293823,34,2,0,0,1,0.465927124023438,38.1231689453125,1,1,1,1.80143368244171,0,1.80084240436554,,,,,,,,,,,,,,,,,,,,,,,,,,,,,,,,,
,3958874974.12469,1.80022364854813,38000.3046875,0.181221828812773,1.84788114171087E-5,1,2,16.9040756225586,5.00571019357979,30.7000000029802,219.967217560119,57.6464220440873,1000,-0.000337018306471192,,,,,,,,,,,,,,,,,,,,,1.80003571510315,1.8004115819931,38000.3046875,38000.3046875,53.8596763746403,7.70411975812254,1.90596485137939,34,1,0,0,1,0.46966552734375,38.1231689453125,1,1,1,1.8004115819931,0,1.80022364854813,,,,,,,,,,,,,,,,,,,,,,,,,,,,,,,,,
,3958874976.15007,1.79910206794739,38000.3046875,0.181223021435083,1.71132790442704E-5,1,2,16.9040756225586,5.00575983330313,30.7000000029802,219.973464812057,57.6409404604215,1000,-0.00034250843009502,,,,,,,,,,,,,,,,,,,,,1.79779255390167,1.8004115819931,38000.3046875,38000.3046875,53.760409552698,7.70375994461347,1.90169632434845,34,2,0,0,1,0.4656982421875,38.1231689453125,1,1,1,1.79779255390167,0,1.79910206794739,,,,,,,,,,,,,,,,,,,,,,,,,,,,,,,,,
,3958875006.92601,1.79992926120758,36000.43359375,0.170770845548452,1.31718766396036E-5,1,2,16.9040756225586,5.00592237799366,30.7000000029802,207.293137576592,54.3286665107505,1000,-0.000314716262609327,,,,,,,,,,,,,,,,,,,,,1.79921925067902,1.80063927173614,36000.43359375,36000.43359375,53.7088220704288,7.70346697610487,1.90322482585907,34,1,0,0,1,0.469284057617188,38.1231689453125,1,1,1,1.79921925067902,0,1.79992926120758,,,,,,,,,,,,,,,,,,,,,,,,,,,,,,,,,
,3958875009.07718,1.79969048500061,36000.43359375,0.170789309741081,1.58034012226241E-5,1,2,16.9040756225586,5.00592237799366,30.7000000029802,207.320059697915,54.3174646258308,1000,-0.000328824607858034,,,,,,,,,,,,,,,,,,,,,1.79959499835968,1.79978597164154,36000.43359375,36000.43359375,53.6736487870634,7.70346697610487,1.90038192272186,34,2,0,0,1,0.467758178710937,38.1231689453125,1,1,1,1.79978597164154,0,1.79969048500061,,,,,,,,,,,,,,,,,,,,,,,,,,,,,,,,,
,3958875039.66203,1.79936814308166,34000.2109375,0.160489729076701,1.37217057641814E-5,1,2,16.9040756225586,5.00602487682667,30.7000000029802,194.821537334857,51.0489026335847,1000,-0.000304348382709034,,,,,,,,,,,,,,,,,,,,,1.79917812347412,1.79955816268921,34000.2109375,34000.2109375,53.6267510759095,7.70306046223627,1.89805912971497,34,1,0,0,1,0.465240478515625,38.1231689453125,1,1,1,1.79917812347412,0,1.79936814308166,,,,,,,,,,,,,,,,,,,,,,,,,,,,,,,,,
,3958875041.79274,1.79908132553101,34000.2109375,0.160460608458753,1.03060216778392E-5,1,2,16.9040756225586,5.00607781925937,30.7000000029802,194.790915518049,51.0333635880045,1000,-0.000310086232804552,,,,,,,,,,,,,,,,,,,,,1.79898452758789,1.79917812347412,34000.2109375,34000.2109375,53.6447285318518,7.70261365039822,1.89879095554352,34,2,0,0,1,0.468521118164063,38.1231689453125,1,1,1,1.79898452758789,0,1.79908132553101,,,,,,,,,,,,,,,,,,,,,,,,,,,,,,,,,
,3958875073.8065,1.79992657899857,32000.484375,0.150314553674398,7.90478234055935E-6,1,2,16.9040756225586,5.00601892175679,30.7000000029802,182.472186193667,47.8017143471269,1000,-0.000293762759803543,,,,,,,,,,,,,,,,,,,,,1.79788398742676,1.80196917057037,32000.484375,32000.484375,53.4719886291018,7.70239366329257,1.90111255645752,34,1,0,0,1,0.469970703125,38.1231689453125,1,1,1,1.80196917057037,0,1.79992657899857,,,,,,,,,,,,,,,,,,,,,,,,,,,,,,,,,
,3958875075.80056,1.80017793178558,32000.484375,0.15031922018334,1.13388816865189E-5,1,2,16.9040756225586,5.00598216383757,30.7000000029802,182.478425176158,47.7934596945238,1000,-0.000301395117360296,,,,,,,,,,,,,,,,,,,,,1.79838669300079,1.80196917057037,32000.484375,32000.484375,53.536863796198,7.70315136957822,1.89732503890991,34,2,0,0,1,0.468368530273438,38.6119270324707,1,1,1,1.79838669300079,0,1.80017793178558,,,,,,,,,,,,,,,,,,,,,,,,,,,,,,,,,
,3958875105.96927,1.80020743608475,30000.40625,0.140272017972975,1.09743916718423E-5,1,2,16.9040756225586,5.00597860210772,30.7000000029802,170.282708178851,44.5946009880615,1000,-0.000284829124435231,,,,,,,,,,,,,,,,,,,,,1.79956519603729,1.8008496761322,30000.40625,30000.40625,53.6017389632941,7.70252423014957,1.89932930469513,34,1,0,0,1,0.46661376953125,37.6344108581543,1,1,1,1.8008496761322,0,1.80020743608475,,,,,,,,,,,,,,,,,,,,,,,,,,,,,,,,,
,3958875108.0379,1.8001537322998,30000.40625,0.140271227780591,1.04174443599202E-5,1,2,16.9040756225586,5.00597860210772,30.7000000029802,170.279109590659,44.6043451183075,1000,-0.000276589344102815,,,,,,,,,,,,,,,,,,,,,1.79912805557251,1.8011794090271,30000.40625,30000.40625,53.5517147380633,7.70252423014957,1.89734816551209,34,2,0,0,1,0.469818115234375,38.1231689453125,1,1,1,1.79912805557251,0,1.8001537322998,,,,,,,,,,,,,,,,,,,,,,,,,,,,,,,,,
,3958875138.14241,1.80023562908173,28000.3515625,0.130345298686979,1.43964110422289E-5,1,2,16.9040756225586,5.00574903226766,30.7000000029802,158.222839493554,41.4332419553718,1000,-0.000267025547080521,,,,,,,,,,,,,,,,,,,,,1.80012893676758,1.80034232139587,28000.3515625,28000.3515625,53.5736003366018,7.7033753030302,1.90160238742828,34,1,0,0,1,0.466461181640625,38.1231689453125,1,1,1,1.80034232139587,0,1.80023562908173,,,,,,,,,,,,,,,,,,,,,,,,,,,,,,,,,
,3958875140.08796,1.80006539821625,28000.3515625,0.130349235123501,8.08969596393347E-6,1,2,16.9040756225586,5.00565943348535,30.7000000029802,158.227479187339,41.4190291632827,1000,-0.000278927872299594,,,,,,,,,,,,,,,,,,,,,1.79978847503662,1.80034232139587,28000.3515625,28000.3515625,53.5196679687749,7.70357048021067,1.90722632408142,34,2,0,0,1,0.466232299804687,38.1231689453125,1,1,1,1.79978847503662,0,1.80006539821625,,,,,,,,,,,,,,,,,,,,,,,,,,,,,,,,,
,3958875170.28297,1.79973125457764,26000.3359375,0.120515596154929,1.09762861333631E-5,1,2,16.9040756225586,5.00556029461463,30.7000000029802,146.283252851166,38.306139688933,1000,-0.000247293907984583,,,,,,,,,,,,,,,,,,,,,1.79915273189545,1.80030977725983,26000.3359375,26000.3359375,53.4891844565249,7.70442415998193,1.91030740737915,34,1,0,0,1,0.47027587890625,38.6119270324707,1,1,1,1.79915273189545,0,1.79973125457764,,,,,,,,,,,,,,,,,,,,,,,,,,,,,,,,,
,3958875172.27711,1.79937767982483,26000.3359375,0.12051043365252,7.34874741613348E-6,1,2,16.9040756225586,5.00556029461463,30.7000000029802,146.276834237865,38.3050755730466,1000,-0.000246807862859132,,,,,,,,,,,,,,,,,,,,,1.79879009723663,1.79996526241302,26000.3359375,26000.3359375,53.4477581450057,7.70442415998193,1.90751731395721,34,2,0,0,1,0.46600341796875,38.6119270324707,1,1,1,1.79996526241302,0,1.79937767982483,,,,,,,,,,,,,,,,,,,,,,,,,,,,,,,,,
,3958875202.75031,1.80063629150391,24000.40234375,0.110759018190351,5.56807458638868E-6,1,2,16.9040756225586,5.00547969885603,30.7000000029802,134.43997388521,35.1951533432612,1000,-0.000234731162906222,,,,,,,,,,,,,,,,,,,,,1.79955959320068,1.80171298980713,24000.40234375,24000.40234375,53.4594825727941,7.70428183330145,1.90868592262268,34,1,0,0,1,0.46630859375,38.1231689453125,1,1,1,1.79955959320068,0,1.80063629150391,,,,,,,,,,,,,,,,,,,,,,,,,,,,,,,,,
,3958875204.84275,1.79971605539322,24000.40234375,0.110760385165242,7.88124679808778E-6,1,2,16.9040756225586,5.00539449850111,30.7000000029802,134.441203231402,35.1842961874114,1000,-0.000243353456811544,,,,,,,,,,,,,,,,,,,,,1.79955959320068,1.79987251758575,24000.40234375,24000.40234375,53.6462917888903,7.70383130060449,1.91280293464661,34,2,0,0,1,0.465011596679687,38.1231689453125,1,1,1,1.79987251758575,0,1.79971605539322,,,,,,,,,,,,,,,,,,,,,,,,,,,,,,,,,
,3958875241.05761,1.79962575435638,22000.30078125,0.101060984620933,9.48767762178799E-6,1,2,16.9040756225586,5.00546764000479,30.7000000029802,122.619707331723,32.2963647370372,100,-6.33289917911619E-5,,,,,,,,,,,,,,,,,,,,,1.79962575435638,1.79962575435638,22000.30078125,22000.30078125,53.5071619124672,7.70419792198515,1.91341578960419,34,1,0,0,1,0.469436645507812,38.6119270324707,1,1,1,1.79962575435638,0,1.79962575435638,,,,,,,,,,,,,,,,,,,,,,,,,,,,,,,,,
,3958875242.10035,1.79990202188492,22000.30078125,0.101057791372198,5.96445204516101E-6,1,2,16.9040756225586,5.0055170812761,30.7000000029802,122.617547076917,32.2956928886248,100,-6.34062706644096E-5,,,,,,,,,,,,,,,,,,,,,1.79962575435638,1.80017828941345,22000.30078125,22000.30078125,53.1648086210441,7.70406559599914,1.91259670257568,34,2,0,0,1,0.468597412109375,37.6344108581543,1,1,1,1.80017828941345,0,1.79990202188492,,,,,,,,,,,,,,,,,,,,,,,,,,,,,,,,,
,3958875271.80295,1.79995167255402,20000.416015625,0.0914663113657104,7.84116862571452E-6,1,2,16.9040756225586,5.0054772193389,30.7000000029802,110.993659650909,29.1730498827761,100,-0.000104462595129411,,,,,,,,,,,,,,,,,,,,,1.79963648319244,1.80026686191559,20000.416015625,20000.416015625,53.543898452871,7.70386845033291,1.90915775299072,34,1,0,0,1,0.467147827148438,38.1231689453125,1,1,1,1.80026686191559,0,1.79995167255402,,,,,,,,,,,,,,,,,,,,,,,,,,,,,,,,,
,3958875273.82264,1.80025482177734,20000.416015625,0.0914659257970416,6.96073352904561E-6,1,2,16.9040756225586,5.0054772193389,30.7000000029802,110.992710976949,29.1747476874462,100,-0.000102961254908058,,,,,,,,,,,,,,,,,,,,,1.8002427816391,1.80026686191559,20000.416015625,20000.416015625,53.3414566663903,7.70386845033291,1.90814912319183,34,2,0,0,1,0.468826293945313,38.1231689453125,1,1,1,1.8002427816391,0,1.80025482177734,,,,,,,,,,,,,,,,,,,,,,,,,,,,,,,,,
,3958875303.22338,1.79999285936356,18000.412109375,0.0818931350596289,8.59744221044866E-6,1,2,16.9040756225586,5.00537252074711,30.7000000029802,99.3728988267514,26.1222967903606,100,-9.0759657340073E-5,,,,,,,,,,,,,,,,,,,,,1.7991429567337,1.80084276199341,18000.412109375,18000.412109375,53.3555259797364,7.70449599872428,1.91258060932159,34,1,0,0,1,0.468368530273438,38.6119270324707,1,1,1,1.7991429567337,0,1.79999285936356,,,,,,,,,,,,,,,,,,,,,,,,,,,,,,,,,
,3958875305.38589,1.79868692159653,18000.412109375,0.0818896107991638,6.70981249741092E-6,1,2,16.9040756225586,5.00552047444276,30.7000000029802,99.3703173923841,26.1313406354908,100,-8.32616749871259E-5,,,,,,,,,,,,,,,,,,,,,1.79832553863525,1.7990483045578,18000.412109375,18000.412109375,53.3422382949095,7.70386412505565,1.90907251834869,34,2,0,0,1,0.46600341796875,38.1231689453125,1,1,1,1.7990483045578,0,1.79868692159653,,,,,,,,,,,,,,,,,,,,,,,,,,,,,,,,,
,3958875335.59515,1.80075961351395,16000.4296875,0.072367500531892,5.29800342519524E-6,1,2,16.9040756225586,5.00535815805649,30.7000000029802,87.8164430510584,23.0733422895142,100,-8.87530930516245E-5,,,,,,,,,,,,,,,,,,,,,1.800137758255,1.80138146877289,16000.4296875,16000.4296875,53.5220128543326,7.70401356822069,1.9163658618927,34,1,0,0,1,0.470657348632812,38.6119270324707,1,1,1,1.800137758255,0,1.80075961351395,,,,,,,,,,,,,,,,,,,,,,,,,,,,,,,,,
,3958875337.61481,1.79933953285217,16000.4296875,0.072362316737154,5.34770805167002E-6,1,2,16.9040756225586,5.00535815805649,30.7000000029802,87.809933093633,23.0725208903493,100,-8.80613929258264E-5,,,,,,,,,,,,,,,,,,,,,1.79850685596466,1.80017220973969,16000.4296875,16000.4296875,53.1757514203133,7.70401356822069,1.91146600246429,34,2,0,0,1,0.472640991210937,38.1231689453125,1,1,1,1.79850685596466,0,1.79933953285217,,,,,,,,,,,,,,,,,,,,,,,,,,,,,,,,,
,3958875367.73718,1.79966259002686,14000.255859375,0.0628558481361602,3.54260166835589E-6,1,2,16.9040756225586,5.00541496948984,30.7000000029802,76.273932806888,20.0467875211259,100,-7.23212254631081E-5,,,,,,,,,,,,,,,,,,,,,1.79962468147278,1.79970049858093,14000.255859375,14000.255859375,53.249224501121,7.70409772053699,1.91528487205505,34,1,0,0,1,0.4693603515625,38.6119270324707,1,1,1,1.79970049858093,0,1.79966259002686,,,,,,,,,,,,,,,,,,,,,,,,,,,,,,,,,
,3958875369.73971,1.79963141679764,14000.255859375,0.0628569593086794,5.60724751754871E-6,1,2,16.9040756225586,5.00543494460951,30.7000000029802,76.2752239557996,20.0490776031037,100,-7.08188199653491E-5,,,,,,,,,,,,,,,,,,,,,1.79956233501434,1.79970049858093,14000.255859375,14000.255859375,53.1812228199479,7.7037521486146,1.91325891017914,34,2,0,0,1,0.471954345703125,37.6344108581543,1,1,1,1.79956233501434,0,1.79963141679764,,,,,,,,,,,,,,,,,,,,,,,,,,,,,,,,,
,3958875399.6563,1.80068945884705,12000.2255859375,0.0533533540309514,5.45341402080626E-6,1,2,16.9040756225586,5.00550236504813,30.7000000029802,64.7484070491538,17.0016743049367,100,-7.36461457485756E-5,,,,,,,,,,,,,,,,,,,,,1.80021989345551,1.80115902423859,12000.2255859375,12000.2255859375,53.2414082159287,7.70334964235,1.91500186920166,34,1,0,0,1,0.466995239257812,38.1231689453125,1,1,1,1.80021989345551,0,1.80068945884705,,,,,,,,,,,,,,,,,,,,,,,,,,,,,,,,,
,3958875401.75919,1.79977661371231,12000.2255859375,0.0533572915232163,4.40473099066614E-6,1,2,16.9040756225586,5.00550236504813,30.7000000029802,64.7563100985256,16.9910959692726,100,-8.34057013381689E-5,,,,,,,,,,,,,,,,,,,,,1.79914629459381,1.80040693283081,12000.2255859375,12000.2255859375,53.1976370188518,7.70334964235,1.91548502445221,34,2,0,0,1,0.468826293945313,38.1231689453125,1,1,1,1.79914629459381,0,1.79977661371231,,,,,,,,,,,,,,,,,,,,,,,,,,,,,,,,,
,3958875430.65795,1.79964107275009,10000.05078125,0.0438674743920837,4.14954835271864E-6,1,2,16.9040756225586,5.00568542746443,30.7000000029802,53.2407721325309,13.9739334790517,100,-6.52230398004625E-5,,,,,,,,,,,,,,,,,,,,,1.79963684082031,1.79964530467987,10000.05078125,10000.05078125,53.0921171687556,7.70308273710415,1.91128742694855,34,1,0,0,1,0.468215942382812,38.1231689453125,1,1,1,1.79964530467987,0,1.79964107275009,,,,,,,,,,,,,,,,,,,,,,,,,,,,,,,,,
,3958875432.66165,1.79876244068146,10000.05078125,0.0438665735973649,2.83595418990366E-6,1,2,16.9040756225586,5.00562338284112,30.7000000029802,53.2386888550267,13.9736696603329,100,-6.50035690245533E-5,,,,,,,,,,,,,,,,,,,,,1.79787957668304,1.79964530467987,10000.05078125,10000.05078125,52.9678382341979,7.70312578440568,1.90832161903381,34,2,0,0,1,0.468978881835937,38.6119270324707,1,1,1,1.79787957668304,0,1.79876244068146,,,,,,,,,,,,,,,,,,,,,,,,,,,,,,,,,
,3958875463.10359,1.80030071735382,8000.31201171875,0.0343898423371352,3.05786525426203E-6,1,2,16.9040756225586,5.00572164034079,30.7000000029802,41.7403425409994,10.9477743894294,100,-5.70503634659205E-5,,,,,,,,,,,,,,,,,,,,,1.80007386207581,1.80052757263184,8000.31201171875,8000.31201171875,53.1874758481018,7.70288967085045,1.91157138347626,34,1,0,0,1,0.470962524414063,38.1231689453125,1,1,1,1.80052757263184,0,1.80030071735382,,,,,,,,,,,,,,,,,,,,,,,,,,,,,,,,,
,3958875465.09106,1.7998440861702,8000.31201171875,0.0343906468212241,3.78884303998763E-6,1,2,16.9040756225586,5.00566274351251,30.7000000029802,41.7399156447165,10.9505720170687,100,-5.48087368447912E-5,,,,,,,,,,,,,,,,,,,,,1.79957282543182,1.80011534690857,8000.31201171875,8000.31201171875,53.1921656192172,7.70319909486102,1.90981018543243,34,2,0,0,1,0.468826293945313,38.1231689453125,1,1,1,1.79957282543182,0,1.7998440861702,,,,,,,,,,,,,,,,,,,,,,,,,,,,,,,,,
,3958875494.57109,1.80084025859833,5999.79736328125,0.025048941835924,2.46436452183384E-6,1,2,16.9040756225586,5.00562538023522,30.7000000029802,30.4031430283707,7.96999260066665,100,-4.48147362467737E-5,,,,,,,,,,,,,,,,,,,,,1.80027914047241,1.80140137672424,5999.79736328125,5999.79736328125,53.0999334539479,7.70357983238532,1.9089070558548,34,1,0,0,1,0.466156005859375,38.1231689453125,1,1,1,1.80027914047241,0,1.80084025859833,,,,,,,,,,,,,,,,,,,,,,,,,,,,,,,,,
,3958875496.60899,1.79993957281113,5999.79736328125,0.0250481051988933,2.83245769622497E-6,1,2,16.9040756225586,5.00573331771314,30.7000000029802,30.402748399249,7.97107661402155,100,-4.3897829497216E-5,,,,,,,,,,,,,,,,,,,,,1.79960000514984,1.80027914047241,5999.79736328125,5999.79736328125,53.1405781369479,7.70314490678594,1.91062033176422,34,2,0,0,1,0.472183227539063,38.1231689453125,1,1,1,1.79960000514984,0,1.79993957281113,,,,,,,,,,,,,,,,,,,,,,,,,,,,,,,,,
,3958875526.27145,1.79937154054642,3999.80419921875,0.0160937312819591,1.27808683116855E-6,1,2,16.9040756225586,5.0055087522481,30.7000000029802,19.5340139452014,5.11712021027908,100,-3.15674091941498E-5,,,,,,,,,,,,,,,,,,,,,1.79936933517456,1.79937374591827,3999.80419921875,3999.80419921875,53.1366699943518,7.70348295692048,1.91524314880371,34,1,0,0,1,0.46905517578125,38.1231689453125,1,1,1,1.79936933517456,0,1.79937154054642,,,,,,,,,,,,,,,,,,,,,,,,,,,,,,,,,
,3958875528.26161,1.79989069700241,3999.80419921875,0.0160928290011148,1.13949595911176E-6,1,2,16.9040756225586,5.00554816782945,30.7000000029802,19.5326911955149,5.11856363155491,100,-3.01856577291525E-5,,,,,,,,,,,,,,,,,,,,,1.79936933517456,1.80041205883026,3999.80419921875,3999.80419921875,53.2781447563326,7.70303156333669,1.91254436969757,34,2,0,0,1,0.472488403320313,37.6344108581543,1,1,1,1.80041205883026,0,1.79989069700241,,,,,,,,,,,,,,,,,,,,,,,,,,,,,,,,,
,3958875558.32218,1.79987192153931,1999.67749023438,0.00775402975720392,6.20029683099681E-7,1,2,16.9040756225586,5.00552548169513,30.7000000029802,9.4119688672737,2.46412887316844,100,-1.63084430808161E-5,,,,,,,,,,,,,,,,,,,,,1.79983770847321,1.79990613460541,1999.67749023438,1999.67749023438,53.0162992023902,7.70294413801221,1.9108898639679,34,1,0,0,1,0.470809936523438,38.1231689453125,1,1,1,1.79990613460541,0,1.79987192153931,,,,,,,,,,,,,,,,,,,,,,,,,,,,,,,,,
,3958875560.31823,1.800721347332,1999.67749023438,0.00775301336308755,8.32127401481427E-7,1,2,16.9040756225586,5.00552548169513,30.7000000029802,9.4109225769167,2.46309608350196,100,-1.68913914977536E-5,,,,,,,,,,,,,,,,,,,,,1.79990613460541,1.80153656005859,1999.67749023438,1999.67749023438,52.9373547219479,7.70294413801221,1.91527986526489,34,2,0,0,1,0.467758178710937,38.1231689453125,1,1,1,1.80153656005859,0,1.800721347332,,,,,,,,,,,,,,,,,,,,,,,,,,,,,,,,,
,3958875590.23794,1.79984134435654,0.497749298810959,-0.000119469947637874,5.5657953649447E-8,1,2,16.9040756225586,5.00543038239481,30.7000000029802,-0.145004218378408,-0.037989695648852,100,2.30894158996861E-7,,,,,,,,,,,,,,,,,,,,,1.79917013645172,1.80051255226135,0.497749298810959,0.497749298810959,52.9733096338325,7.70336608411783,1.91145253181458,34,1,0,0,1,0.472412109375,38.1231689453125,1,1,1,1.79917013645172,0,1.79984134435654,,,,,,,,,,,,,,,,,,,,,,,,,,,,,,,,,
,3958875592.31969,1.80078834295273,0.497749298810959,-0.000119410838971054,4.87174994935966E-8,1,2,16.9040756225586,5.00548242066865,30.7000000029802,-0.144949329247054,-0.0379155844817653,100,2.76831057142981E-7,,,,,,,,,,,,,,,,,,,,,1.80003345012665,1.80154323577881,0.497749298810959,0.497749298810959,53.1687167636402,7.70288343740449,1.91533696651459,34,2,0,0,1,0.468826293945313,38.1231689453125,1,1,1,1.80154323577881,0,1.80078834295273,,,,,,,,,,,,,,,,,,,,,,,,,,,,,,,,,
