[Header]
; MPMS3 Data File (default extension .dat)
; Copyright (c) 2007, Quantum Design, Inc. All rights reserved.
TITLE,
FILEOPENTIME,3952160620.49701,03/26/2025,2:22 pm
BYAPP,MPMS3 w/ AC,1.0,1.1
INFO,MPMS3 Measurement Release 1.2.2 Build 0, MultiVu Release 2.3.5.2,APPNAME
INFO,Linear Motor Servo Controller,MOTOR_MODULE_NAME
INFO,3101-100 N4,MOTOR_HW_VERSION
INFO,MMC1299,MOTOR_SERIAL_NUMBER
INFO,01.04.28,MOTOR_SOFTWARE_VERSION
INFO,Quantum Design Squid Module,SQUID_MODULE_NAME
INFO,3101-501 B0,SQUID_HW_VERSION
INFO,SQM364,SQUID_SERIAL_NUMBER
INFO,01.03.04,SQUID_SOFTWARE_VERSION
INFO,Quantum Design VSM Oven,OVEN_MODULE_NAME
INFO,3101-201 A3,OVEN_HW_VERSION
INFO,OVB387,OVEN_SERIAL_NUMBER
INFO,01.07.07,OVEN_SOFTWARE_VERSION
INFO,SQUID AC,AC_MODULE_NAME
INFO,3101-401 G0,AC_HW_VERSION
INFO,SAC242,AC_SERIAL_NUMBER
INFO,SQUID AC 00.95.11,AC_SOFTWARE_VERSION
INFO,TCI374,COIL_SERIAL_NUMBER
INFO,0,MOMENT_UNITS
INFO,RuCl3,SAMPLE_MATERIAL
INFO,,SAMPLE_COMMENT
INFO,0.3,SAMPLE_MASS
INFO,,SAMPLE_VOLUME
INFO,,SAMPLE_MOLECULAR_WEIGHT
INFO,,SAMPLE_SIZE
INFO,,SAMPLE_SHAPE
INFO,Standard,SAMPLE_HOLDER
INFO,Standard,SAMPLE_HOLDER_DETAIL
INFO,92.68,SAMPLE_OFFSET
DATATYPE,COMMENT,1
DATATYPE,TIME,2
STARTUPAXIS,X,2
STARTUPAXIS,Y1,5
FIELDGROUP, VSM,2,3,4,5,6,8,9,10,11,14,15
FIELDGROUP, DC, 2,3,4,14,56,57,58,59,60,61,62,63,64,65,66,67,68,69
FIELDGROUP, AC, 2,3,4,11,16,17,18,19,20,21,22,23,24,25,26,27,28,29,30
STARTUPGROUP, All
[Data]
Comment,Time Stamp (sec),Temperature (K),Magnetic Field (Oe),Moment (emu),M. Std. Err. (emu),Transport Action,Averaging Time (sec),Frequency (Hz),Peak Amplitude (mm),Center Position (mm),Lockin Signal' (V),Lockin Signal (V),Range,M. Quad. Signal (emu),AC Moment (emu),AC M. Std Err. (emu),AC Phase (deg),AC Phase Std. Err. (deg),AC Susceptibility (emu/Oe),AC Suscept. Std Err. (emu/Oe),AC X' (emu/Oe),AC X' Std Err. (emu/Oe),AC X'' (emu/Oe),AC X'' Std Err. (emu/Oe),AC Drive (Oe),AC Frequency (Hz),AC Averaging Time (sec),AC Cycles,AC Range,AC Measure Type,AC Signal' (V),AC Signal'' (V),AC Trim Coil Ratio,AC Trim Coil Phase,Min. Temperature (K),Max. Temperature (K),Min. Field (Oe),Max. Field (Oe),Mass (grams),Motor Lag (deg),Pressure (Torr),Measure Count,Measurement Number,SQUID Status (code),Motor Status (code),Measure Status (code),Motor Current (amps),Motor Temp. (C),Temp. Status (code),Field Status (code),Chamber Status (code),Chamber Temp (K),Redirection State,Average Temp (K),Rotation Angle (deg),Rotator state,DC Moment Fixed Ctr (emu),DC Moment Err Fixed Ctr (emu),DC Moment Free Ctr (emu),DC Moment Err Free Ctr (emu),DC Fixed Fit,DC Free Fit,DC Calculated Center (mm),DC Calculated Center Err (mm),DC Scan Length (mm),DC Scan Time (s),DC Number of Points,DC Squid Drift,DC Min V (V),DC Max V (V),DC Scans per Measure,Map 01,Map 02,Map 03,Map 04,Map 05,Map 06,Map 07,Map 08,Map 09,Map 10,Map 11,Map 12,Map 13,Map 14,Map 15,Map 16
,3952163684.40639,1.7999375462532,999.77197265625,,,6,,,,47.2868499755859,,,1,,,,,,,,,,,,,,,,,,,,,,1.79964148998261,1.80052590370178,999.77197265625,999.77197265625,,,1.89039099216461,,1,0,0,0,0.013885498046875,29.8142719268799,1,1,1,1.79990601539612,0,1.80004090070724,,,1.31753080542466E-6,1.92295513546934E-7,1.97731435184201E-6,2.42162471416801E-7,0.101331457495689,0.147499144077301,45.833854675293,0.00828757882118225,30,4,200,-0.00231143715791404,-0.21559776365757,-0.189521580934525,1,,,,,,,,,,,,,,,,
,3952163696.11686,2.03216499090195,999.77197265625,,,6,,,,47.2868499755859,,,1,,,,,,,,,,,,,,,,,,,,,,1.83734095096588,2.21685290336609,999.77197265625,999.77197265625,,,2.07545638084412,,1,0,0,0,0.0145721435546875,29.3255138397217,6,1,1,2.22698903083801,0,2.0259618361791,,,1.52390437580247E-6,1.90788882434524E-7,2.04045224590936E-6,2.28901782599441E-7,0.140621483325958,0.178818047046661,46.0866355895996,2.04945588111877,30,4,200,-0.00837698858231306,-0.311230927705765,-0.239729523658752,1,,,,,,,,,,,,,,,,
,3952163705.38526,2.42631030082703,999.77197265625,,,6,,,,47.2868499755859,,,1,,,,,,,,,,,,,,,,,,,,,,2.23532366752625,2.59856939315796,999.77197265625,999.77197265625,,,2.25803089141846,,1,0,0,0,0.0138092041015625,28.3479976654053,6,1,1,2.62721037864685,0,2.42482730746269,,,1.29333721226105E-6,1.81915647465506E-7,1.89815712816588E-6,2.27113630378543E-7,0.10958107560873,0.155179351568222,45.8775672912598,0,30,4,200,-0.00730834249407053,-0.379710704088211,-0.317819446325302,1,,,,,,,,,,,,,,,,
,3952163715.12414,2.85926568508148,999.77197265625,,,6,,,,47.2868499755859,,,1,,,,,,,,,,,,,,,,,,,,,,2.62721037864685,3.09132099151611,999.77197265625,999.77197265625,,,2.44947648048401,,1,0,0,0,0.0138092041015625,28.8367557525635,6,1,1,3.09132099151611,0,2.85539820194244,,,1.2655707509432E-6,1.82484010517223E-7,1.91492486762345E-6,2.30545170929419E-7,0.10396496206522,0.153093457221985,45.8179130554199,6.76889324188232,30,4,200,-0.00581396138295531,-0.437030225992203,-0.385075300931931,1,,,,,,,,,,,,,,,,
,3952163763.28335,5.1798369884491,999.77197265625,,,6,,,,47.2868499755859,,,1,,,,,,,,,,,,,,,,,,,,,,4.9242205619812,5.38967990875244,999.77197265625,999.77197265625,,,3.13727283477783,,1,0,0,0,0.0145721435546875,29.8142719268799,2,1,1,5.45426607131958,0,5.1515318552653,,,1.40709243437323E-6,1.69820541801403E-7,1.94054124915573E-6,2.06381223573502E-7,0.152278453111649,0.201463475823402,46.0155181884766,2.12187266349792,30,4,200,-0.00278796791099012,0.49426656961441,0.523933529853821,1,,,,,,,,,,,,,,,,
,3952163773.32461,5.70365238189697,999.77197265625,,,6,,,,47.2868499755859,,,1,,,,,,,,,,,,,,,,,,,,,,5.47184658050537,5.93545818328857,999.77197265625,999.77197265625,,,3.2432861328125,,1,0,0,0,0.0138092041015625,29.3255138397217,2,1,1,5.93545818328857,0,5.690323193868,,,1.27185245012456E-6,1.65875389535201E-7,1.79483036200062E-6,2.03664079147445E-7,0.12876296043396,0.174344971776009,45.9639053344727,0,30,4,200,-0.00280813570134342,0.467706203460693,0.494883954524994,1,,,,,,,,,,,,,,,,
,3952163782.55165,6.17824578285217,999.77197265625,,,6,,,,47.2868499755859,,,1,,,,,,,,,,,,,,,,,,,,,,5.9515643119812,6.34250402450562,999.77197265625,999.77197265625,,,3.34046244621277,,1,0,0,0,0,29.8142719268799,2,1,1,6.40492725372314,0,6.13840264081955,,,1.17017811312838E-6,1.83867349475157E-7,1.84426163628206E-6,2.36030399351119E-7,0.0867632925510407,0.134100690484047,45.7393264770508,0,30,4,200,-0.00207432336173952,0.44808042049408,0.470475047826767,1,,,,,,,,,,,,,,,,
,3952163791.75539,6.66696357727051,999.77197265625,,,6,,,,47.2868499755859,,,1,,,,,,,,,,,,,,,,,,,,,,6.43138265609741,6.9025444984436,999.77197265625,999.77197265625,,,3.43063998222351,,1,0,0,0,0.0138092041015625,29.3255138397217,2,1,1,6.9025444984436,0,6.64915784200033,,,1.00785051138252E-6,1.66600273467378E-7,1.76834567571356E-6,2.22113532879808E-7,0.0780380219221115,0.13963571190834,45.5599136352539,0.00774677563458681,30,4,200,-0.00296556320972741,0.42368483543396,0.451180726289749,1,,,,,,,,,,,,,,,,
,3952164741.73063,299.979446411133,999.929748535156,,,6,,,,57.3117485046387,,,1,,,,,,,,,,,,,,,,,,,,,,299.978424072266,299.980560302734,999.929748535156,999.929748535156,,,5.99410486221314,,1,0,0,0,0.0138092041015625,29.3255138397217,1,1,1,299.98046875,0,299.97959391276,,,-4.6963768128874E-6,3.17688094459316E-7,-4.73447822379835E-6,3.15662600767222E-7,0.776747941970825,0.851913094520569,57.7918434143066,,60,1.1,200,-0.0204310920089483,0.221585333347321,0.276166290044785,1,,,,,,,,,,,,,,,,
,3952164745.39152,299.981018066406,999.929748535156,,,6,,,,57.3117485046387,,,1,,,,,,,,,,,,,,,,,,,,,,299.980560302734,299.981597900391,999.929748535156,999.929748535156,,,5.9915246963501,,1,0,0,0,0.0138092041015625,29.8142719268799,1,1,1,299.981475830078,0,299.981160481771,,,-4.67362990050207E-6,3.1551410748319E-7,-4.70846917735682E-6,3.13680167408596E-7,0.785497426986694,0.85724014043808,57.7710494995117,7.60072708129883,60,1.1,200,-0.0219494383782148,0.171413436532021,0.227977067232132,1,,,,,,,,,,,,,,,,
,3952164749.12861,299.982772827148,999.929748535156,,,6,,,,57.3117485046387,,,1,,,,,,,,,,,,,,,,,,,,,,299.981719970703,299.983734130859,999.929748535156,999.929748535156,,,5.99019908905029,,1,0,0,0,0.0138092041015625,29.3255138397217,1,1,1,299.983825683594,0,299.98274230957,,,-4.69163043883404E-6,3.17449678117418E-7,-4.73134815083699E-6,3.15702267284068E-7,0.775641858577728,0.846806108951569,57.7834968566895,,60,1.1,200,-0.0200241655111313,0.115410834550858,0.17372927069664,1,,,,,,,,,,,,,,,,
,3952164752.80692,299.985168457031,999.929748535156,,,6,,,,57.3117485046387,,,1,,,,,,,,,,,,,,,,,,,,,,299.983825683594,299.986083984375,999.929748535156,999.929748535156,,,5.9873743057251,,1,0,0,0,0,29.8142719268799,1,1,1,299.986511230469,0,299.984992980957,,,-4.71835105537381E-6,3.19126086492465E-7,-4.75601291385389E-6,3.1709168244238E-7,0.77739554643631,0.852053284645081,57.7896995544434,2.02216187972226E-6,60,1.1,200,-0.0195728484541178,0.0641736090183258,0.118154235184193,1,,,,,,,,,,,,,,,,
,3952164756.34361,299.988220214844,999.929748535156,,,6,,,,57.3117485046387,,,1,,,,,,,,,,,,,,,,,,,,,,299.986511230469,299.989135742188,999.929748535156,999.929748535156,,,5.98635101318359,,1,0,0,0,0.0138092041015625,29.3255138397217,1,1,1,299.989929199219,0,299.987935384115,,,-4.71654303535417E-6,3.19842621532389E-7,-4.76096515025559E-6,3.17571199815354E-7,0.76648074388504,0.848977863788605,57.8244972229004,0,60,1.1,200,-0.019515622407198,0.0198117904365063,0.0727951601147652,1,,,,,,,,,,,,,,,,
,3952165790.10673,299.998062133789,10000.2080078125,,,6,,,,65.2618713378906,,,1,,,,,,,,,,,,,,,,,,,,,,299.997161865234,299.999420166016,10000.2080078125,10000.2080078125,,,767.709106445313,,1,0,0,0,0.000152587890625,32.2580642700195,1,1,3,299.996704101562,0,299.998344421387,,,-8.256889512918E-5,7.11267252191431E-6,-8.17828900838628E-5,7.03661646502363E-6,0.806571364402771,0.81257164478302,65.3458862304687,8.08368015289307,60,1.1,200,-0.0385530181229115,-0.834453284740448,0.645953416824341,1,,,,,,,,,,,,,,,,
,3952165793.82986,299.996704101562,10000.2080078125,,,6,,,,65.2618713378906,,,1,,,,,,,,,,,,,,,,,,,,,,299.996520996094,299.996612548828,10000.2080078125,10000.2080078125,,,767.713256835938,,1,0,0,0,0,32.7468223571777,1,1,3,299.996795654297,0,299.99658203125,,,-8.27988797375598E-5,7.13470360889948E-6,-8.20182796330312E-5,7.05914666317413E-6,0.805029511451721,0.810918509960175,65.3455200195313,0,60,1.1,200,-0.0583890043199062,0.203506767749786,0.558254778385162,1,,,,,,,,,,,,,,,,
,3952165797.41847,299.997924804687,10000.2080078125,,,6,,,,65.2618713378906,,,1,,,,,,,,,,,,,,,,,,,,,,299.996856689453,299.998260498047,10000.2080078125,10000.2080078125,,,767.724670410156,,1,0,0,0,0.000152587890625,32.2580642700195,1,1,3,299.998992919922,0,299.997629801432,,,-8.29776200836703E-5,7.14698068776982E-6,-8.21998627746582E-5,7.07189799225904E-6,0.80719918012619,0.813005089759827,65.3443069458008,0,60,1.1,200,-0.054165918380022,0.122141987085342,0.476296573877335,1,,,,,,,,,,,,,,,,
,3952165801.07328,300.000122070313,10000.2080078125,,,6,,,,65.2618713378906,,,1,,,,,,,,,,,,,,,,,,,,,,299.999206542969,300.001068115234,10000.2080078125,10000.2080078125,,,767.729736328125,,1,0,0,0,0.0213623046875,32.2580642700195,1,1,3,300.001037597656,0,300.000259399414,,,-8.26598497887884E-5,7.14547360103751E-6,-8.1845971810757E-5,7.06648878557707E-6,0.789930701255798,0.795566558837891,65.3469390869141,0.0945511683821678,60,1.1,200,-0.0564804077148438,0.0255647655576468,0.38801446557045,1,,,,,,,,,,,,,,,,
,3952165804.59622,300.001358032227,10000.2080078125,,,6,,,,65.2618713378906,,,1,,,,,,,,,,,,,,,,,,,,,,300.001037597656,300.001647949219,10000.2080078125,10000.2080078125,,,767.737060546875,,1,0,0,0,0,32.2580642700195,1,1,3,300.001678466797,0,300.001373291016,,,-8.28273662813065E-5,7.14088927267018E-6,-8.20325474435054E-5,7.063943802389E-6,0.802468955516815,0.808359742164612,65.3459854125977,0.41523203253746,60,1.1,200,-0.0646739453077316,-0.0553520582616329,0.302398324012756,1,,,,,,,,,,,,,,,,
,3952165808.26886,300.002655029297,10000.2080078125,,,6,,,,65.2618713378906,,,1,,,,,,,,,,,,,,,,,,,,,,300.001861572266,300.003326416016,10000.2080078125,10000.2080078125,,,767.733093261719,,1,0,0,0,0,31.7693061828613,1,1,3,300.003448486328,0,300.002647399902,,,-8.28010579514738E-5,7.16129364447519E-6,-8.19833027425855E-5,7.08215504491407E-6,0.787647783756256,0.793061554431915,65.3457336425781,,60,1.1,200,-0.0600482858717442,-0.148480743169785,0.217882558703423,1,,,,,,,,,,,,,,,,
,3952165812.14681,300.004577636719,10000.2080078125,,,6,,,,65.2618713378906,,,1,,,,,,,,,,,,,,,,,,,,,,300.003845214844,300.005157470703,10000.2080078125,10000.2080078125,,,767.732727050781,,1,0,0,0,0,31.7693061828613,1,1,3,300.005187988281,0,300.004435221354,,,-8.34176644046709E-5,7.19046521125962E-6,-8.26202760810802E-5,7.11332611509839E-6,0.803361713886261,0.809229671955109,65.345588684082,6.94540449330816E-6,60,1.1,200,-0.0354985371232033,-0.23499496281147,0.122200660407543,1,,,,,,,,,,,,,,,,
,3952165815.51969,300.005142211914,10000.2080078125,,,6,,,,65.2618713378906,,,1,,,,,,,,,,,,,,,,,,,,,,300.005157470703,300.005584716797,10000.2080078125,10000.2080078125,,,767.741943359375,,1,0,0,0,0,31.7693061828613,1,1,3,300.005126953125,0,300.005391438802,,,-8.29403636151794E-5,7.14203951325594E-6,-8.21723061985328E-5,7.06800909010894E-6,0.808414101600647,0.814116716384888,65.3432846069336,0,60,1.1,200,-0.0571586564183235,-0.314543753862381,0.0396261662244797,1,,,,,,,,,,,,,,,,
,3952165819.40813,300.004745483398,10000.2080078125,,,6,,,,65.2618713378906,,,1,,,,,,,,,,,,,,,,,,,,,,300.004638671875,300.005462646484,10000.2080078125,10000.2080078125,,,767.734619140625,,1,0,0,0,0,32.2580642700195,1,1,3,300.004516601562,0,300.005004882812,,,-8.2807642784123E-5,7.16103073925865E-6,-8.19833603506862E-5,7.08103313031624E-6,0.788171350955963,0.793799221515656,65.3471450805664,0,60,1.1,200,-0.0593300722539425,-0.411031395196915,-0.047616895288229,1,,,,,,,,,,,,,,,,
,3952165822.9466,300.004531860352,10000.2080078125,,,6,,,,65.2618713378906,,,1,,,,,,,,,,,,,,,,,,,,,,300.004516601562,300.004608154297,10000.2080078125,10000.2080078125,,,767.728088378906,,1,0,0,0,0.01617431640625,32.7468223571777,1,1,3,300.004547119141,0,300.004547119141,,,-8.30098290645836E-5,7.15636535138677E-6,-8.22223095571148E-5,7.08018566066226E-6,0.802641987800598,0.808429658412933,65.34521484375,0,60,1.1,200,-0.0580060556530952,-0.490232110023499,-0.134810149669647,1,,,,,,,,,,,,,,,,
,3952165826.42651,300.005401611328,10000.2080078125,,,6,,,,65.2618713378906,,,1,,,,,,,,,,,,,,,,,,,,,,300.004608154297,300.006164550781,10000.2080078125,10000.2080078125,,,767.715698242188,,1,0,0,0,0.018310546875,31.7693061828613,1,1,3,300.006195068359,0,300.005401611328,,,-8.30726666746862E-5,7.16951548988399E-6,-8.22670645512404E-5,7.09151984380229E-6,0.797461211681366,0.803200244903564,65.3460464477539,,60,1.1,200,-0.0550486594438553,-0.573178112506866,-0.214578807353973,1,,,,,,,,,,,,,,,,
,3952165829.89908,300.006561279297,10000.2080078125,,,6,,,,65.2618713378906,,,1,,,,,,,,,,,,,,,,,,,,,,300.006195068359,300.007019042969,10000.2080078125,10000.2080078125,,,767.724670410156,,1,0,0,0,0,32.2580642700195,1,1,3,300.006927490234,0,300.006652832031,,,-8.3110217816691E-5,7.16418642832765E-6,-8.23176842883895E-5,7.08754352656567E-6,0.8032106757164,0.809038460254669,65.3454284667969,8.08365154266357,60,1.1,200,-0.0593841858208179,-0.651045620441437,0.829529941082001,1,,,,,,,,,,,,,,,,
,3952165833.53626,300.006942749023,10000.2080078125,,,6,,,,65.2618713378906,,,1,,,,,,,,,,,,,,,,,,,,,,300.006805419922,300.007232666016,10000.2080078125,10000.2080078125,,,767.735534667969,,1,0,0,0,0,32.2580642700195,1,1,3,300.007080078125,0,300.007041931152,,,-8.32779897308281E-5,7.19918534914308E-6,-8.24560520212566E-5,7.119544658296E-6,0.789755642414093,0.795315027236938,65.3463745117187,0.205847516655922,60,1.1,200,-0.0423275195062161,-0.734660565853119,0.750275790691376,1,,,,,,,,,,,,,,,,
,3952165837.14247,300.007339477539,10000.2080078125,,,6,,,,65.2618713378906,,,1,,,,,,,,,,,,,,,,,,,,,,300.007080078125,300.007659912109,10000.2080078125,10000.2080078125,,,767.7392578125,,1,0,0,0,0.0022125244140625,32.2580642700195,1,1,3,300.007598876953,0,300.007461547852,,,-8.29751589325755E-5,7.14442271206183E-6,-8.22228900029187E-5,7.07210664797134E-6,0.808846533298492,0.814303398132324,65.3415222167969,0,60,1.1,200,-0.069724977016449,-0.819457948207855,0.6591015458107,1,,,,,,,,,,,,,,,,
,3952165840.66282,300.007858276367,10000.2080078125,,,6,,,,65.2618713378906,,,1,,,,,,,,,,,,,,,,,,,,,,300.007476806641,300.008361816406,10000.2080078125,10000.2080078125,,,767.732604980469,,1,0,0,0,0,32.2580642700195,1,1,3,300.008239746094,0,300.007987976074,,,-8.29898702870894E-5,7.16241236846216E-6,-8.21840958175165E-5,7.08439981341044E-6,0.797433316707611,0.803178489208221,65.3461074829102,0,60,1.1,200,-0.0578004494309425,-0.895624816417694,0.585090577602386,1,,,,,,,,,,,,,,,,
,3952166591.21743,299.997848510742,-0.10926204174757,,,6,,,,64.921989440918,,,1,,,,,,,,,,,,,,,,,,,,,,299.99462890625,300.002319335937,-0.10926204174757,-0.10926204174757,,,768.111877441406,,1,0,0,0,0,36.1681327819824,1,1,3,299.993377685547,0,299.999015808105,,,-2.22313213473638E-6,1.82506328387535E-7,-2.22122669345872E-6,1.82349107513834E-7,0.896071255207062,0.896112740039825,64.9274597167969,0,60,1.1,200,-0.000452130625490099,-0.395776391029358,-0.386729925870895,1,,,,,,,,,,,,,,,,
,3952166594.94678,299.992538452148,-0.10926204174757,,,6,,,,64.921989440918,,,1,,,,,,,,,,,,,,,,,,,,,,299.991760253906,299.993377685547,-0.10926204174757,-0.10926204174757,,,768.107666015625,,1,0,0,0,0,35.6793746948242,1,1,3,299.99169921875,0,299.992421468099,,,-2.21000012465603E-6,1.81205963864622E-7,-2.20717489584738E-6,1.80972501446114E-7,0.908496260643005,0.908604800701141,64.930290222168,0,60,1.1,200,-0.000553346530068666,-0.396193385124207,-0.387041002511978,1,,,,,,,,,,,,,,,,
,3952166598.43253,299.992935180664,-0.10926204174757,,,6,,,,64.921989440918,,,1,,,,,,,,,,,,,,,,,,,,,,299.991790771484,299.993896484375,-0.10926204174757,-0.10926204174757,,,768.104553222656,,1,0,0,0,0,35.190616607666,1,1,3,299.994079589844,0,299.993011474609,,,-2.23212592427091E-6,1.83233917066609E-7,-2.23925526163078E-6,1.83808681806596E-7,0.896630883216858,0.897177934646606,64.9021987915039,0,60,1.1,200,-0.000108976659248583,-0.396540403366089,-0.387520909309387,1,,,,,,,,,,,,,,,,
,3952166601.94726,299.995452880859,-0.10926204174757,,,6,,,,64.921989440918,,,1,,,,,,,,,,,,,,,,,,,,,,299.994079589844,299.996276855469,-0.10926204174757,-0.10926204174757,,,768.106872558594,,1,0,0,0,0,35.190616607666,1,1,3,299.996826171875,0,299.995290120443,,,-2.23004811242891E-6,1.82832603037838E-7,-2.23431079370609E-6,1.83178176369151E-7,0.909521162509918,0.909755289554596,64.9098663330078,0.210108980536461,60,1.1,200,-0.000338229816406965,-0.396877557039261,-0.387894988059998,1,,,,,,,,,,,,,,,,
