[Header]
; MPMS3 Data File (default extension .dat)
; Copyright (c) 2007, Quantum Design, Inc. All rights reserved.
TITLE,
FILEOPENTIME,3952683509.27789,04/01/2025,4:37 pm
BYAPP,MPMS3 w/ AC,1.0,1.1
INFO,MPMS3 Measurement Release 1.2.2 Build 0, MultiVu Release 2.3.5.2,APPNAME
INFO,Linear Motor Servo Controller,MOTOR_MODULE_NAME
INFO,3101-100 N4,MOTOR_HW_VERSION
INFO,MMC1299,MOTOR_SERIAL_NUMBER
INFO,01.04.28,MOTOR_SOFTWARE_VERSION
INFO,Quantum Design Squid Module,SQUID_MODULE_NAME
INFO,3101-501 B0,SQUID_HW_VERSION
INFO,SQM364,SQUID_SERIAL_NUMBER
INFO,01.03.04,SQUID_SOFTWARE_VERSION
INFO,Quantum Design VSM Oven,OVEN_MODULE_NAME
INFO,3101-201 A3,OVEN_HW_VERSION
INFO,OVB387,OVEN_SERIAL_NUMBER
INFO,01.07.07,OVEN_SOFTWARE_VERSION
INFO,SQUID AC,AC_MODULE_NAME
INFO,3101-401 G0,AC_HW_VERSION
INFO,SAC242,AC_SERIAL_NUMBER
INFO,SQUID AC 00.95.11,AC_SOFTWARE_VERSION
INFO,TCI374,COIL_SERIAL_NUMBER
INFO,0,MOMENT_UNITS
INFO,RuCl3,SAMPLE_MATERIAL
INFO,TB001 2X2 single crystal shard,SAMPLE_COMMENT
INFO,1.7,SAMPLE_MASS
INFO,,SAMPLE_VOLUME
INFO,,SAMPLE_MOLECULAR_WEIGHT
INFO,,SAMPLE_SIZE
INFO,,SAMPLE_SHAPE
INFO,Quartz,SAMPLE_HOLDER
INFO,Standard,SAMPLE_HOLDER_DETAIL
INFO,66.43,SAMPLE_OFFSET
DATATYPE,COMMENT,1
DATATYPE,TIME,2
STARTUPAXIS,X,2
STARTUPAXIS,Y1,5
FIELDGROUP, VSM,2,3,4,5,6,8,9,10,11,14,15
FIELDGROUP, DC, 2,3,4,14,56,57,58,59,60,61,62,63,64,65,66,67,68,69
FIELDGROUP, AC, 2,3,4,11,16,17,18,19,20,21,22,23,24,25,26,27,28,29,30
STARTUPGROUP, All
[Data]
Comment,Time Stamp (sec),Temperature (K),Magnetic Field (Oe),Moment (emu),M. Std. Err. (emu),Transport Action,Averaging Time (sec),Frequency (Hz),Peak Amplitude (mm),Center Position (mm),Lockin Signal' (V),Lockin Signal (V),Range,M. Quad. Signal (emu),AC Moment (emu),AC M. Std Err. (emu),AC Phase (deg),AC Phase Std. Err. (deg),AC Susceptibility (emu/Oe),AC Suscept. Std Err. (emu/Oe),AC X' (emu/Oe),AC X' Std Err. (emu/Oe),AC X'' (emu/Oe),AC X'' Std Err. (emu/Oe),AC Drive (Oe),AC Frequency (Hz),AC Averaging Time (sec),AC Cycles,AC Range,AC Measure Type,AC Signal' (V),AC Signal'' (V),AC Trim Coil Ratio,AC Trim Coil Phase,Min. Temperature (K),Max. Temperature (K),Min. Field (Oe),Max. Field (Oe),Mass (grams),Motor Lag (deg),Pressure (Torr),Measure Count,Measurement Number,SQUID Status (code),Motor Status (code),Measure Status (code),Motor Current (amps),Motor Temp. (C),Temp. Status (code),Field Status (code),Chamber Status (code),Chamber Temp (K),Redirection State,Average Temp (K),Rotation Angle (deg),Rotator state,DC Moment Fixed Ctr (emu),DC Moment Err Fixed Ctr (emu),DC Moment Free Ctr (emu),DC Moment Err Free Ctr (emu),DC Fixed Fit,DC Free Fit,DC Calculated Center (mm),DC Calculated Center Err (mm),DC Scan Length (mm),DC Scan Time (s),DC Number of Points,DC Squid Drift,DC Min V (V),DC Max V (V),DC Scans per Measure,Map 01,Map 02,Map 03,Map 04,Map 05,Map 06,Map 07,Map 08,Map 09,Map 10,Map 11,Map 12,Map 13,Map 14,Map 15,Map 16
,3952683529.02369,300.001800537109,999.699096679688,,,6,,,,30.4689502716064,,,1,,,,,,,,,,,,,,,,,,,,,,299.999114990234,300.006072998047,999.699096679688,999.699096679688,,,5.98436498641968,,1,0,0,0,0,32.2580642700195,1,1,1,299.998626708984,0,300.002915326287,,,1.77817471948332E-5,8.76277162389338E-7,1.77817683707163E-5,8.76277433891597E-7,0.976936101913452,0.976974308490753,30.4739971160889,4.65006905869814E-6,30,4,200,-0.00620739348232746,-0.517935335636139,-0.00339786242693663,1,,,,,,,,,,,,,,,,
,3952683550.51683,299.888931274414,999.699096679688,,,6,,,,30.4689502716064,,,1,,,,,,,,,,,,,,,,,,,,,,299.793914794922,299.997253417969,999.699096679688,999.699096679688,,,6.01746129989624,,1,0,0,0,0,32.2580642700195,2,1,1,299.780609130859,0,299.916052924262,,,1.7812895219906E-5,8.77767222874463E-7,1.78129115065812E-5,8.77766945098863E-7,0.979263961315155,0.979323387145996,30.4629745483398,5.6570628657937E-5,30,4,200,-0.00682275928556919,-0.595625519752502,-0.471347630023956,1,,,,,,,,,,,,,,,,
,3952683560.18702,299.565612792969,999.699096679688,,,6,,,,30.4689502716064,,,1,,,,,,,,,,,,,,,,,,,,,,299.393035888672,299.780609130859,999.699096679688,999.699096679688,,,6.03314876556397,,1,0,0,0,0.0128173828125,32.2580642700195,2,1,1,299.336853027344,0,299.599572075738,,,1.7767014555885E-5,8.75594715692424E-7,1.77681880045018E-5,8.7559905410571E-7,0.974853992462158,0.977412104606628,30.5110569000244,3.33401703755953E-6,30,4,200,-0.00616807863116264,-0.658369541168213,-0.538427591323853,1,,,,,,,,,,,,,,,,
,3952683570.29411,299.029708862305,999.699096679688,,,6,,,,30.4689502716064,,,1,,,,,,,,,,,,,,,,,,,,,,298.751708984375,299.326263427734,999.699096679688,999.699096679688,,,6.04828977584839,,1,0,0,0,0.0165557861328125,31.7693061828613,2,1,1,298.733154296875,0,299.044986300998,,,1.80314494073396E-5,8.88659488654176E-7,1.80321501611922E-5,8.88662392514326E-7,0.973431646823883,0.974806070327759,30.5011043548584,0.131683826446533,30,4,200,-0.00514090619981289,0.410254806280136,0.525587201118469,1,,,,,,,,,,,,,,,,
,3952683580.00426,298.312637329102,999.699096679688,,,6,,,,30.4689502716064,,,1,,,,,,,,,,,,,,,,,,,,,,298.003631591797,298.706573486328,999.699096679688,999.699096679688,,,6.06055498123169,,1,0,0,0,0.0141143798828125,31.7693061828613,2,1,1,297.918701171875,0,298.389411078559,,,1.79909320975792E-5,8.87219359923126E-7,1.79941515641848E-5,8.87229566290073E-7,0.955740690231323,0.959693372249603,30.5386066436768,0,30,4,200,-0.00534443603828549,0.356101632118225,0.474505603313446,1,,,,,,,,,,,,,,,,
,3952683603.34108,296.143157958984,999.699096679688,,,6,,,,30.4630822333899,,,1,,,,,,,,,,,,,,,,,,,,,,295.137664794922,297.194122314453,999.699096679688,999.699096679688,,,6.09060716629028,,1,0,0,0,0.0128173828125,31.7693061828613,2,1,1,295.092193603516,0,296.20363482307,,,1.84842172956396E-5,9.11741304181864E-7,1.84847885341113E-5,9.11743674134927E-7,0.951136112213135,0.951717436313629,30.49169921875,0,30,4,200,-0.00594345387071371,0.00272946711629629,0.347982674837112,1,,,,,,,,,,,,,,,,
,3952683631.03819,292.395278930664,999.699096679688,,,6,,,,30.4571606339035,,,1,,,,,,,,,,,,,,,,,,,,,,291.110931396484,293.899871826172,999.699096679688,999.699096679688,,,6.10799217224121,,1,0,0,0,0,31.7693061828613,2,1,1,290.890686035156,0,292.581066131592,,,1.8539951324892E-5,9.14398055348064E-7,1.85447193369938E-5,9.14413205253016E-7,0.953236877918243,0.958689212799072,30.5407543182373,0,30,4,200,-0.00740280421450734,-0.0144372964277863,0.157372266054153,1,,,,,,,,,,,,,,,,
,3952683658.68573,287.58024597168,999.699096679688,,,6,,,,30.4494762233896,,,1,,,,,,,,,,,,,,,,,,,,,,285.977020263672,289.30810546875,999.699096679688,999.699096679688,,,6.11959505081177,,1,0,0,0,0,31.2805480957031,2,1,1,285.852386474609,0,287.729054170496,,,1.88457315090038E-5,9.2884536129138E-7,1.88489360895681E-5,9.28854492497719E-7,0.971294343471527,0.97755378484726,30.5176086425781,1.00000047683716,30,4,200,-0.00406185025349259,-0.161748662590981,-0.000101583354989998,1,,,,,,,,,,,,,,,,
,3952683686.72673,282.634613037109,999.699096679688,,,6,,,,30.4418492308279,,,1,,,,,,,,,,,,,,,,,,,,,,280.953491210938,284.346160888672,999.699096679688,999.699096679688,,,6.1305046081543,,1,0,0,0,0.0128173828125,30.7917900085449,2,1,1,280.923065185547,0,282.740868462457,,,1.91836940687813E-5,9.45296842613717E-7,1.91849759782942E-5,9.45300961197076E-7,0.980256140232086,0.983723223209381,30.4843597412109,0,30,4,200,-0.00469944486394525,-0.285234987735748,-0.0013394015841186,1,,,,,,,,,,,,,,,,
,3952683715.13304,277.756469726562,999.699096679688,,,6,,,,30.4345065946859,,,1,,,,,,,,,,,,,,,,,,,,,,276.295837402344,279.402984619141,999.699096679688,999.699096679688,,,6.14070653915405,,1,0,0,0,0,31.2805480957031,2,1,1,276.109954833984,0,277.818350399242,,,1.95968851649345E-5,9.65697219409315E-7,1.95984297365805E-5,9.65702181114028E-7,0.978276312351227,0.98198264837265,30.480712890625,5.52093410491943,30,4,200,-0.00341592449694872,-0.395876079797745,-0.00262024882249534,1,,,,,,,,,,,,,,,,
,3952683743.28302,272.906829833984,999.699096679688,,,6,,,,30.4272996748446,,,1,,,,,,,,,,,,,,,,,,,,,,271.367950439453,274.50390625,999.699096679688,999.699096679688,,,6.14901399612427,,1,0,0,0,0.0009918212890625,31.7693061828613,2,1,1,271.309753417969,0,273.01203918457,,,2.00260667124581E-5,9.86851583108199E-7,2.00284960106203E-5,9.86858559187265E-7,0.978029847145081,0.984052896499634,30.4847831726074,0.186599224805832,30,4,200,-0.00325307319872081,-0.482566744089127,-0.00352337281219661,1,,,,,,,,,,,,,,,,
,3952683771.05599,268.388549804687,999.699096679688,,,6,,,,30.4206177918745,,,1,,,,,,,,,,,,,,,,,,,,,,266.869873046875,269.896453857422,999.699096679688,999.699096679688,,,6.15538167953491,,1,0,0,0,0,32.2580642700195,2,1,1,266.824890136719,0,268.339457792394,,,2.04750350714468E-5,1.00898009028784E-6,2.04759995342627E-5,1.00898301077111E-6,0.977853000164032,0.979947328567505,30.4564228057861,2.5049839678104E-6,30,4,200,-0.00249450001865625,-0.569779574871063,-0.00443092454224825,1,,,,,,,,,,,,,,,,
,3952683798.77781,263.846328735352,999.699096679688,,,6,,,,30.414284839623,,,1,,,,,,,,,,,,,,,,,,,,,,262.384582519531,265.401123046875,999.699096679688,999.699096679688,,,6.1616792678833,,1,0,0,0,0.0128173828125,31.2805480957031,2,1,1,262.291534423828,0,263.898563160616,,,2.08733614295889E-5,1.02856494585154E-6,2.08741682676743E-5,1.02856802812626E-6,0.979883015155792,0.981740593910217,30.4464054107666,2.50542712211609,30,4,200,-0.00332676083780825,-0.649081528186798,-0.00513843167573214,1,,,,,,,,,,,,,,,,
,3952683826.81677,259.202682495117,999.699096679688,,,6,,,,30.4079956787809,,,1,,,,,,,,,,,,,,,,,,,,,,257.773010253906,260.879272460938,999.699096679688,999.699096679688,,,6.16502189636231,,1,0,0,0,0,31.2805480957031,2,1,1,257.526092529297,0,259.331444235409,,,2.1372601428755E-5,1.05319367897783E-6,2.13727718927942E-5,1.05319505277195E-6,0.978606343269348,0.978920340538025,30.4218940734863,5.5156044960022,30,4,200,-0.00261988979764283,-0.00703976349905133,0.516165614128113,1,,,,,,,,,,,,,,,,
,3952683855.24521,254.397590637207,999.699096679688,,,6,,,,30.4016190665087,,,1,,,,,,,,,,,,,,,,,,,,,,252.942337036133,256.070495605469,999.699096679688,999.699096679688,,,6.16782236099243,,1,0,0,0,0,30.7917900085449,2,1,1,252.724685668945,0,254.506554996266,,,2.17475255142314E-5,1.07169421680061E-6,2.17501657553227E-5,1.07170242227182E-6,0.97753381729126,0.983346521854401,30.4590072631836,0,30,4,200,-0.00331220705993474,-0.00787090789526701,0.436100453138351,1,,,,,,,,,,,,,,,,
,3952683883.25293,249.559791564941,999.699096679688,,,6,,,,30.3953455449848,,,1,,,,,,,,,,,,,,,,,,,,,,248.045669555664,251.116226196289,999.699096679688,999.699096679688,,,6.16853904724121,,1,0,0,0,0,31.2805480957031,2,1,1,248.003356933594,0,249.653789096408,,,2.22296008799811E-5,1.09547627204314E-6,2.22326889134469E-5,1.09548536724074E-6,0.976504981517792,0.982943654060364,30.4568500518799,0,30,4,200,-0.00379077298566699,0.00254151388071477,0.352754443883896,1,,,,,,,,,,,,,,,,
,3952683911.08795,244.985260009766,999.699096679688,,,6,,,,30.3893428149577,,,1,,,,,,,,,,,,,,,,,,,,,,243.53678894043,246.552337646484,999.699096679688,999.699096679688,,,6.16997289657593,,1,0,0,0,0,31.2805480957031,2,1,1,243.418182373047,0,244.963374418371,,,2.26479243250129E-5,1.11624952347207E-6,2.26527617033753E-5,1.11626481357466E-6,0.971101403236389,0.979128003120422,30.4653778076172,0.0754655674099922,30,4,200,-0.00383152416907251,0.00151290802750736,0.250744879245758,1,,,,,,,,,,,,,,,,
,3952683938.88569,240.427101135254,999.699096679688,,,6,,,,30.3835111201542,,,1,,,,,,,,,,,,,,,,,,,,,,238.976989746094,241.999862670898,999.699096679688,999.699096679688,,,6.17003393173218,,1,0,0,0,0,31.2805480957031,2,1,1,238.854339599609,0,240.507927389706,,,2.32385685014887E-5,1.14516507302698E-6,2.32408205266736E-5,1.14517195885613E-6,0.977768898010254,0.982321918010712,30.4348106384277,0.18659333884716,30,4,200,-0.00242298492230475,0.000561078428290784,0.16211062669754,1,,,,,,,,,,,,,,,,
,3952683967.05033,235.678169250488,999.699096679688,,,6,,,,30.3778897065354,,,1,,,,,,,,,,,,,,,,,,,,,,234.059310913086,237.389343261719,999.699096679688,999.699096679688,,,6.16939306259155,,1,0,0,0,0,31.2805480957031,2,1,1,233.966995239258,0,235.692825317383,,,2.37417840713737E-5,1.1699795301075E-6,2.37451356496544E-5,1.16999126134934E-6,0.977146148681641,0.983871221542358,30.4395027160645,0,30,4,200,-0.00249859923496842,-0.0387594290077686,0.0983674898743629,1,,,,,,,,,,,,,,,,
,3952683995.33452,230.936874389648,999.699096679688,,,6,,,,30.3722177385798,,,1,,,,,,,,,,,,,,,,,,,,,,229.681732177734,232.509841918945,999.699096679688,999.699096679688,,,6.16792726516724,,1,0,0,0,0,31.2805480957031,2,1,1,229.363906860352,0,231.112565882066,,,2.4298957936922E-5,1.19740005224606E-6,2.43019838518993E-5,1.19740753763385E-6,0.978513658046722,0.984993159770966,30.4307117462158,0,30,4,200,-0.0027623139321804,-0.110934041440487,0.0318118520081043,1,,,,,,,,,,,,,,,,
,3952684023.48404,226.336151123047,999.699096679688,,,6,,,,30.3667338894205,,,1,,,,,,,,,,,,,,,,,,,,,,224.882751464844,227.892288208008,999.699096679688,999.699096679688,,,6.16638612747192,,1,0,0,0,0,31.2805480957031,2,1,1,224.780014038086,0,226.430365668403,,,2.49721578062302E-5,1.23053233203396E-6,2.49741050918638E-5,1.23053823247099E-6,0.980151653289795,0.984263300895691,30.4127445220947,,30,4,200,-0.00223604845814407,-0.178459778428078,-0.000405453552957624,1,,,,,,,,,,,,,,,,
,3952684051.32651,221.609893798828,999.699096679688,,,6,,,,30.3612729679141,,,1,,,,,,,,,,,,,,,,,,,,,,220.142227172852,223.164093017578,999.699096679688,999.699096679688,,,6.1643590927124,,1,0,0,0,0,30.7917900085449,2,1,1,220.055694580078,0,221.604411405676,,,2.54856237635106E-5,1.25587774290691E-6,2.54886826592851E-5,1.25588609489561E-6,0.978480279445648,0.984623312950134,30.418550491333,0.336168795824051,30,4,200,-0.00158030446618795,-0.226967111229897,-0.000989096588455141,1,,,,,,,,,,,,,,,,
,3952684079.0716,217.028503417969,999.699096679688,,,6,,,,30.3560535905152,,,1,,,,,,,,,,,,,,,,,,,,,,215.50276184082,218.678573608398,999.699096679688,999.699096679688,,,6.16217088699341,,1,0,0,0,0,31.2805480957031,2,1,1,215.378433227539,0,217.114438225241,,,2.61097632910699E-5,1.28662500001925E-6,2.6112700913155E-5,1.28663431745117E-6,0.978787302970886,0.984523355960846,30.4112491607666,2.50542712211609,30,4,200,-0.0017711513210088,-0.264112889766693,-0.00132208783179522,1,,,,,,,,,,,,,,,,
,3952684107.214,212.367385864258,999.699096679688,,,6,,,,30.3508876751094,,,1,,,,,,,,,,,,,,,,,,,,,,210.741012573242,214.063827514648,999.699096679688,999.699096679688,,,6.15872764587402,,1,0,0,0,0,30.7917900085449,2,1,1,210.670944213867,0,212.487137688531,,,2.68197280313855E-5,1.32153921446341E-6,2.68211095863482E-5,1.32154389916754E-6,0.981497645378113,0.984301865100861,30.3881359100342,5.51254367828369,30,4,200,-0.00209017656743526,-0.311134845018387,-0.00169966917019337,1,,,,,,,,,,,,,,,,
,3952684135.43416,207.711097717285,999.699096679688,,,6,,,,30.3457172494351,,,1,,,,,,,,,,,,,,,,,,,,,,206.354751586914,209.212203979492,999.699096679688,999.699096679688,,,6.15585899353027,,1,0,0,0,0,30.7917900085449,2,1,1,206.209991455078,0,207.829867194681,,,2.75571524459055E-5,1.35793714844357E-6,2.75599436794078E-5,1.35794738262544E-6,0.979190766811371,0.984328627586365,30.3978061676025,2.50542712211609,30,4,200,-0.00180289638228714,-0.361805737018585,-0.0021816436201334,1,,,,,,,,,,,,,,,,
,3952684163.42239,203.065864562988,999.699096679688,,,6,,,,30.3406982258178,,,1,,,,,,,,,,,,,,,,,,,,,,201.534088134766,204.796279907227,999.699096679688,999.699096679688,,,6.15153980255127,,1,0,0,0,0,30.7917900085449,2,1,1,201.33544921875,0,203.207910874311,,,2.82844340056857E-5,1.3937426816962E-6,2.82867870337666E-5,1.3937492458832E-6,0.980381011962891,0.98490047454834,30.3883495330811,,30,4,200,-0.0018526999047026,-0.405097007751465,-0.0026151966303587,1,,,,,,,,,,,,,,,,
,3952684177.93805,200.570877075195,999.699096679688,,,6,,,,30.3406982258178,,,1,,,,,,,,,,,,,,,,,,,,,,199.955978393555,201.314422607422,999.699096679688,999.699096679688,,,6.14989519119263,,1,0,0,0,0,31.2805480957031,2,1,1,199.827331542969,0,200.697379218207,,,2.80882069702049E-5,1.38493372591069E-6,2.80893212819878E-5,1.38493736139843E-6,0.959667026996613,0.960594713687897,30.3733501434326,0.0611668080091476,30,4,200,-0.000461912830360234,-0.414526075124741,-0.277700304985046,1,,,,,,,,,,,,,,,,
,3952684201.42086,196.811996459961,999.699096679688,,,6,,,,30.3340457749523,,,1,,,,,,,,,,,,,,,,,,,,,,195.183349609375,198.440643310547,999.699096679688,999.699096679688,,,6.14493322372436,,1,0,0,0,0,31.2805480957031,2,1,1,195.183349609375,0,196.874610900879,,,2.92241245042328E-5,1.43998832701269E-6,2.92246744078308E-5,1.43999092271872E-6,0.982564151287079,0.983568608760834,30.3562297821045,,30,4,200,-0.000940210826229304,-0.451169341802597,-0.0030926582403481,1,,,,,,,,,,,,,,,,
,3952684216.10889,194.348251342773,999.699096679688,,,6,,,,30.3340457749523,,,1,,,,,,,,,,,,,,,,,,,,,,193.647796630859,195.183349609375,999.699096679688,999.699096679688,,,6.14368629455566,,1,0,0,0,0,31.2805480957031,2,1,1,193.513153076172,0,194.444937811957,,,2.96040257930162E-5,1.45878871780561E-6,2.96042007248115E-5,1.45878961109857E-6,0.97961699962616,0.979878425598145,30.3464241027832,,30,4,200,-0.00103096244856715,-0.46345266699791,-0.32196918129921,1,,,,,,,,,,,,,,,,
,3952684239.44655,190.428039550781,999.699096679688,,,6,,,,30.3274527826849,,,1,,,,,,,,,,,,,,,,,,,,,,188.814514160156,192.041564941406,999.699096679688,999.699096679688,,,6.13824844360352,,1,0,0,0,0,30.7917900085449,2,1,1,188.814514160156,0,190.476125929091,,,3.05357876342215E-5,1.50462397788093E-6,3.05375228976323E-5,1.50463128297574E-6,0.982371985912323,0.985618352890015,30.3662204742432,0.186583817005157,30,4,200,-0.000970976136159152,-0.493069380521774,-0.00349300284869969,1,,,,,,,,,,,,,,,,
,3952684253.9558,188.002891540527,999.699096679688,,,6,,,,30.3274527826849,,,1,,,,,,,,,,,,,,,,,,,,,,187.375106811523,188.777435302734,999.699096679688,999.699096679688,,,6.13659381866455,,1,0,0,0,0,31.2805480957031,2,1,1,187.22834777832,0,188.117753770616,,,3.02695503533978E-5,1.49253995740331E-6,3.02700135439076E-5,1.49254232184774E-6,0.958814382553101,0.959148287773132,30.3473281860352,0,30,4,200,0.00036604207707569,-0.494986027479172,-0.350299209356308,1,,,,,,,,,,,,,,,,
,3952684277.39914,184.062637329102,999.699096679688,,,6,,,,30.320964894294,,,1,,,,,,,,,,,,,,,,,,,,,,182.453582763672,185.743942260742,999.699096679688,999.699096679688,,,6.130934715271,,1,0,0,0,0,30.7917900085449,2,1,1,182.381332397461,0,184.181322733561,,,3.16376034795747E-5,1.55902667541619E-6,3.16377101653414E-5,1.55902736984206E-6,0.978691399097443,0.978829145431519,30.3301677703857,0,30,4,200,-0.000890638795681298,-0.525312662124634,-0.00374805391766131,1,,,,,,,,,,,,,,,,
,3952684292.12412,181.627517700195,999.699096679688,,,6,,,,30.320964894294,,,1,,,,,,,,,,,,,,,,,,,,,,181.017181396484,182.381332397461,999.699096679688,999.699096679688,,,6.12880325317383,,1,0,0,0,0,30.7917900085449,2,1,1,180.87370300293,0,181.771757337782,,,3.16144593179181E-5,1.558161930525E-6,3.1615003117442E-5,1.55816383402332E-6,0.971581637859345,0.972149133682251,30.3424453735352,0,30,4,200,-0.000516964704729617,-0.535154581069946,-0.383520275354385,1,,,,,,,,,,,,,,,,
,3952684315.44837,177.876426696777,999.699096679688,,,6,,,,30.3145238837354,,,1,,,,,,,,,,,,,,,,,,,,,,176.344970703125,179.470199584961,999.699096679688,999.699096679688,,,6.12292194366455,,1,0,0,0,0,30.7917900085449,2,1,1,176.282653808594,0,177.913369571461,,,3.30554775397143E-5,1.62875742579469E-6,3.30569425970958E-5,1.6287628257722E-6,0.983174979686737,0.985819280147553,30.3489513397217,0.0662412643432617,30,4,200,-0.000991256907582283,-0.565176129341126,-0.00411467906087637,1,,,,,,,,,,,,,,,,
,3952684329.77715,175.394065856934,999.699096679688,,,6,,,,30.3145238837354,,,1,,,,,,,,,,,,,,,,,,,,,,174.624114990234,176.282653808594,999.699096679688,999.699096679688,,,6.12102174758911,,1,0,0,0,0.0128173828125,30.7917900085449,2,1,1,174.505477905273,0,175.457090589735,,,3.2907988172999E-5,1.62200342552318E-6,3.29089211498921E-5,1.62200744458035E-6,0.96972930431366,0.97059565782547,30.3418273925781,0.0662015303969383,30,4,200,0.000222141316044144,-0.56993567943573,-0.413490474224091,1,,,,,,,,,,,,,,,,
,3952684353.15415,171.53498840332,999.699096679688,,,6,,,,30.3082325684403,,,1,,,,,,,,,,,,,,,,,,,,,,170.003463745117,173.193023681641,999.699096679688,999.699096679688,,,6.1153359413147,,1,0,0,0,0.0141143798828125,30.7917900085449,2,1,1,169.876953125,0,171.567740546332,,,3.43544807947633E-5,1.69278869974503E-6,3.43550814405076E-5,1.69279183074753E-6,0.982312619686127,0.983219563961029,30.3295001983643,0,30,4,200,-0.000263233785517514,-0.58876758813858,-0.00432971026748419,1,,,,,,,,,,,,,,,,
,3952684368.32926,169.037384033203,999.699096679688,,,6,,,,30.3082325684403,,,1,,,,,,,,,,,,,,,,,,,,,,168.315246582031,169.790176391602,999.699096679688,999.699096679688,,,6.11281204223633,,1,0,0,0,0,30.7917900085449,2,1,1,168.284591674805,0,169.071748521593,,,3.44174195047332E-5,1.69664488199046E-6,3.44190574287698E-5,1.69665202481361E-6,0.965329170227051,0.966602265834808,30.3435287475586,0,30,4,200,0.000334508658852428,-0.586800277233124,-0.423594921827316,1,,,,,,,,,,,,,,,,
,3952684391.47484,165.183250427246,999.699096679688,,,6,,,,30.3018501056137,,,1,,,,,,,,,,,,,,,,,,,,,,163.759201049805,166.729766845703,999.699096679688,999.699096679688,,,6.10676860809326,,1,0,0,0,0,30.7917900085449,2,1,1,163.636734008789,0,165.24822100471,,,3.61433649518491E-5,1.78086436098337E-6,3.61437836973559E-5,1.78086625849254E-6,0.984679996967316,0.985382616519928,30.3192806243897,,30,4,200,-0.00118455127812922,-0.619161069393158,-0.00448385905474424,1,,,,,,,,,,,,,,,,
,3952684406.14338,162.739349365234,999.699096679688,,,6,,,,30.3018501056137,,,1,,,,,,,,,,,,,,,,,,,,,,161.903549194336,163.636734008789,999.699096679688,999.699096679688,,,6.10457229614258,,1,0,0,0,0,30.7917900085449,2,1,1,161.84196472168,0,162.69348449707,,,3.57868463180595E-5,1.76414919258555E-6,3.5787351844946E-5,1.76415150944821E-6,0.96537572145462,0.96574729681015,30.3210678100586,0,30,4,200,4.93265033583157E-5,-0.627133071422577,-0.455171853303909,1,,,,,,,,,,,,,,,,
,3952684429.71007,158.698791503906,999.699096679688,,,6,,,,30.2956953402149,,,1,,,,,,,,,,,,,,,,,,,,,,157.247955322266,160.240417480469,999.699096679688,999.699096679688,,,6.09775972366333,,1,0,0,0,0,30.3030319213867,2,1,1,157.157165527344,0,158.712551540799,,,3.78262209799375E-5,1.86377142536064E-6,3.78266790308952E-5,1.86377369301349E-6,0.985094904899597,0.985844373703003,30.3134422302246,4.72937017548247E-6,30,4,200,-0.00133813603315502,-0.661676228046417,-0.00481943320482969,1,,,,,,,,,,,,,,,,
,3952684444.20759,156.286758422852,999.699096679688,,,6,,,,30.2956953402149,,,1,,,,,,,,,,,,,,,,,,,,,,155.49397277832,157.112396240234,999.699096679688,999.699096679688,,,6.09553861618042,,1,0,0,0,0,30.7917900085449,2,1,1,155.416351318359,0,156.345640394423,,,3.76928486219408E-5,1.85745165760617E-6,3.76954603810871E-5,1.85746105616901E-6,0.977792680263519,0.980901181697846,30.3387126922607,5.00685564475134E-6,30,4,200,0.00167444336693734,-0.661756575107574,-0.482120960950851,1,,,,,,,,,,,,,,,,
,3952684467.28564,152.233154296875,999.699096679688,,,6,,,,30.2895195820917,,,1,,,,,,,,,,,,,,,,,,,,,,150.724243164062,153.826416015625,999.699096679688,999.699096679688,,,6.08824396133423,,1,0,0,0,0,30.7917900085449,2,1,1,150.639892578125,0,152.340086993049,,,3.96547754052425E-5,1.95389812719145E-6,3.96564224186735E-5,1.95390603106296E-6,0.984077632427216,0.98663729429245,30.3224353790283,5.50658082962036,30,4,200,-0.00207178527489305,-0.696211814880371,-0.00495785800740123,1,,,,,,,,,,,,,,,,
,3952684481.95855,149.785461425781,999.699096679688,,,6,,,,30.2895195820917,,,1,,,,,,,,,,,,,,,,,,,,,,148.996505737305,150.639892578125,999.699096679688,999.699096679688,,,6.08583927154541,,1,0,0,0,0.0128173828125,30.7917900085449,2,1,1,148.931030273438,0,149.865924072266,,,4.00504260382284E-5,1.97337158708852E-6,4.00512782868982E-5,1.97337551508801E-6,0.984768986701965,0.986092627048492,30.3131351470947,,30,4,200,-0.0014822717057541,-0.715498089790344,-0.521469533443451,1,,,,,,,,,,,,,,,,
,3952684505.42995,145.91423034668,999.699096679688,,,6,,,,30.2835344505976,,,1,,,,,,,,,,,,,,,,,,,,,,144.657775878906,147.386093139648,999.699096679688,999.699096679688,,,6.07904815673828,,1,0,0,0,0,30.3030319213867,2,1,1,144.442367553711,0,146.068091897403,,,4.15575140907464E-5,2.04765387636289E-6,4.15576779049824E-5,2.04765474381039E-6,0.983990132808685,0.984211385250092,30.2936210632324,0,30,4,200,-0.000542910885997117,-0.752912878990173,-0.00559940282255411,1,,,,,,,,,,,,,,,,
,3952684519.86466,143.583641052246,999.699096679688,,,6,,,,30.2835344505976,,,1,,,,,,,,,,,,,,,,,,,,,,142.817337036133,144.379165649414,999.699096679688,999.699096679688,,,6.07625389099121,,1,0,0,0,0,30.7917900085449,2,1,1,142.788116455078,0,143.555552164714,,,4.19133090334891E-5,2.06522260735791E-6,4.19140103255269E-5,2.06522637295549E-6,0.982903778553009,0.983799040317535,30.3042659759521,0,30,4,200,-0.000172597225173377,0.365673005580902,0.562751293182373,1,,,,,,,,,,,,,,,,
,3952684543.07976,139.668357849121,999.699096679688,,,6,,,,30.2777457668436,,,1,,,,,,,,,,,,,,,,,,,,,,138.202484130859,141.234069824219,999.699096679688,999.699096679688,,,6.06853532791138,,1,0,0,0,0,30.7917900085449,2,1,1,138.102645874023,0,139.671770881204,,,4.37606717660953E-5,2.15614798633214E-6,4.37610654143085E-5,2.15615036105186E-6,0.985885977745056,0.986456692218781,30.2928524017334,0,30,4,200,-0.000452914682682604,-0.00778595684096217,0.552961051464081,1,,,,,,,,,,,,,,,,
,3952684557.8021,137.260009765625,999.699096679688,,,6,,,,30.2777457668436,,,1,,,,,,,,,,,,,,,,,,,,,,136.486465454102,138.102645874023,999.699096679688,999.699096679688,,,6.06579732894897,,1,0,0,0,0,30.7917900085449,2,1,1,136.417373657227,0,137.319673156738,,,4.41668714877631E-5,2.17623982905441E-6,4.41682574747543E-5,2.1762459615735E-6,0.983563423156738,0.985403776168823,30.3064308166504,5.50512790679932,30,4,200,9.45248539210297E-5,0.34299111366272,0.54878568649292,1,,,,,,,,,,,,,,,,
,3952684581.34103,133.285507202148,999.699096679688,,,6,,,,30.2719283562619,,,1,,,,,,,,,,,,,,,,,,,,,,131.834777832031,134.888793945312,999.699096679688,999.699096679688,,,6.05810594558716,,1,0,0,0,0,30.7917900085449,2,1,1,131.682220458984,0,133.414787741268,,,4.61508460783932E-5,2.27391121312015E-6,4.61510476339692E-5,2.27391255493467E-6,0.986022412776947,0.986295282840729,30.282377243042,,30,4,200,-0.000442840188043192,-0.00806538946926594,0.535688161849976,1,,,,,,,,,,,,,,,,
,3952684595.7185,130.938919067383,999.699096679688,,,6,,,,30.2719283562619,,,1,,,,,,,,,,,,,,,,,,,,,,130.195617675781,131.682220458984,999.699096679688,999.699096679688,,,6.05507278442383,,1,0,0,0,0,30.7917900085449,2,1,1,130.195617675781,0,130.926583184136,,,4.65788026364113E-5,2.29508012301622E-6,4.65797894248927E-5,2.29508369648282E-6,0.983655571937561,0.984903812408447,30.2957153320313,0,30,4,200,8.68583520059474E-5,0.313973158597946,0.530867755413055,1,,,,,,,,,,,,,,,,
,3952684618.94928,127.117301940918,999.699096679688,,,6,,,,30.2662535504799,,,1,,,,,,,,,,,,,,,,,,,,,,125.595146179199,128.696563720703,999.699096679688,999.699096679688,,,6.04670476913452,,1,0,0,0,0,30.7917900085449,2,1,1,125.538040161133,0,127.109879437615,,,4.88464726938724E-5,2.40670725416633E-6,4.88466710084804E-5,2.40670911870158E-6,0.986647188663483,0.986895442008972,30.2759952545166,0,30,4,200,-0.000476690445793793,-0.00834201090037823,0.520445048809052,1,,,,,,,,,,,,,,,,
,3952684633.63641,124.653491973877,999.699096679688,,,6,,,,30.2662535504799,,,1,,,,,,,,,,,,,,,,,,,,,,123.872131347656,125.509658813477,999.699096679688,999.699096679688,,,6.04365825653076,,1,0,0,0,0,30.7917900085449,2,1,1,123.797325134277,0,124.695748901367,,,4.94183303939314E-5,2.43495337834621E-6,4.94197686210634E-5,2.43496087477116E-6,0.984645068645477,0.986445009708404,30.2936344146729,5.50396537780762,30,4,200,-5.87557588005438E-6,0.288943231105804,0.517768919467926,1,,,,,,,,,,,,,,,,
,3952684657.15004,120.708847045898,999.699096679688,,,6,,,,30.260610433489,,,1,,,,,,,,,,,,,,,,,,,,,,119.143028259277,122.389595031738,999.699096679688,999.699096679688,,,6.03404951095581,,1,0,0,0,0,30.7917900085449,2,1,1,119.028099060059,0,120.780071482939,,,5.16905774313454E-5,2.54687350324984E-6,5.16907501604507E-5,2.54687514915809E-6,0.985665023326874,0.985854268074036,30.2694358825684,0,30,4,200,-0.000397417403291911,-0.00865334644913673,0.500601887702942,1,,,,,,,,,,,,,,,,
,3952684671.58282,118.205516815186,999.699096679688,,,6,,,,30.260610433489,,,1,,,,,,,,,,,,,,,,,,,,,,117.433624267578,119.028099060059,999.699096679688,999.699096679688,,,6.0309009552002,,1,0,0,0,0,30.7917900085449,2,1,1,117.382934570312,0,118.222744411892,,,5.23586221102823E-5,2.57982424824459E-6,5.2359242606424E-5,2.5798275637467E-6,0.984744131565094,0.985453009605408,30.2780609130859,,30,4,200,-0.000249000848270953,0.252346843481064,0.495925635099411,1,,,,,,,,,,,,,,,,
,3952684694.64347,114.422401428223,999.699096679688,,,6,,,,30.2551534511702,,,1,,,,,,,,,,,,,,,,,,,,,,112.920776367187,115.980690002441,999.699096679688,999.699096679688,,,6.02074384689331,,1,0,0,0,0,30.7917900085449,2,1,1,112.864112854004,0,114.437142764821,,,5.50696124605854E-5,2.71328808949475E-6,5.50697589512023E-5,2.71328918796319E-6,0.987761676311493,0.987947344779968,30.2632217407227,5.3603892326355,30,4,200,-0.000943539896979928,-0.00903717149049044,0.477040648460388,1,,,,,,,,,,,,,,,,
,3952684709.25812,112.041877746582,999.699096679688,,,6,,,,30.2551534511702,,,1,,,,,,,,,,,,,,,,,,,,,,111.21964263916,112.864112854004,999.699096679688,999.699096679688,,,6.01725816726685,,1,0,0,0,0,30.7917900085449,2,1,1,111.21964263916,0,112.128910827637,,,5.56667223966736E-5,2.74275358385447E-6,5.56670325940304E-5,2.74275550093737E-6,0.986474573612213,0.986839711666107,30.2670040130615,0,30,4,200,2.2587757484871E-5,0.210152193903923,0.468180507421494,1,,,,,,,,,,,,,,,,
,3952684732.90193,108.197650909424,999.699096679688,,,6,,,,30.2497723445755,,,1,,,,,,,,,,,,,,,,,,,,,,106.742919921875,109.837921142578,999.699096679688,999.699096679688,,,6.00623226165772,,1,0,0,0,0,30.3030319213867,2,1,1,106.55738067627,0,108.277316822725,,,5.87903175240412E-5,2.89671548583089E-6,5.87904217453321E-5,2.89671641998525E-6,0.985025107860565,0.985122263431549,30.2562408447266,0,30,4,200,-0.000578750506974757,-0.00942383520305157,0.455357193946838,1,,,,,,,,,,,,,,,,
,3952684747.34795,105.74201965332,999.699096679688,,,6,,,,30.2497723445755,,,1,,,,,,,,,,,,,,,,,,,,,,104.981117248535,106.55738067627,999.699096679688,999.699096679688,,,6.00209283828735,,1,0,0,0,0,30.7917900085449,2,1,1,104.926658630371,0,105.759560479058,,,6.03885669820916E-5,2.97538193728599E-6,6.0389201070025E-5,2.97538512042975E-6,0.987016081809998,0.98776376247406,30.2662582397461,5.50147771835327,30,4,200,-0.000361131271347404,0.16906301677227,0.449382156133652,1,,,,,,,,,,,,,,,,
,3952684770.44566,101.836784362793,999.699096679688,,,6,,,,30.2444876398365,,,1,,,,,,,,,,,,,,,,,,,,,,100.293045043945,103.432586669922,999.699096679688,999.699096679688,,,5.99035024642944,,1,0,0,0,0,30.7917900085449,2,1,1,100.240982055664,0,101.872755611644,,,6.44284519024868E-5,3.17443935249861E-6,6.44288585871738E-5,3.17444202790389E-6,0.986789405345917,0.987210035324097,30.2570533752441,,30,4,200,-0.000706296355929226,0.00134053698275238,0.430600941181183,1,,,,,,,,,,,,,,,,
,3952684785.1344,99.4092445373535,999.699096679688,,,6,,,,30.2444876398365,,,1,,,,,,,,,,,,,,,,,,,,,,98.6786727905273,100.220115661621,999.699096679688,999.699096679688,,,5.98641538619995,,1,0,0,0,0,31.2805480957031,2,1,1,98.5683135986328,0,99.4743766784668,,,6.56510079358594E-5,3.23468864295089E-6,6.56514109600547E-5,3.23469082094467E-6,0.986461341381073,0.986871182918549,30.2570400238037,0,30,4,200,-0.000236620850046165,0.118945077061653,0.423392534255981,1,,,,,,,,,,,,,,,,
,3952684808.69666,95.4742012023926,999.699096679688,,,6,,,,30.2393365576489,,,1,,,,,,,,,,,,,,,,,,,,,,94.0591430664062,97.0106811523437,999.699096679688,999.699096679688,,,5.97281551361084,,1,0,0,0,0,30.7917900085449,2,1,1,93.9377212524414,0,95.5658533432904,,,6.94240237006282E-5,3.42053257043081E-6,6.94245186703279E-5,3.4205360773167E-6,0.987725615501404,0.988233387470245,30.2526073455811,3.49479677197451E-7,30,4,200,-0.00056143180700019,0.000868695206008852,0.406806617975235,1,,,,,,,,,,,,,,,,
,3952684823.08741,93.1072731018066,999.699096679688,,,6,,,,30.2393365576489,,,1,,,,,,,,,,,,,,,,,,,,,,92.4514694213867,93.9047393798828,999.699096679688,999.699096679688,,,5.96824932098389,,1,0,0,0,0.0141143798828125,30.7917900085449,2,1,1,92.2768249511719,0,93.2128295898438,,,7.0843378774707E-5,3.49044920653202E-6,7.08436799768004E-5,3.49045090054204E-6,0.98812735080719,0.988448917865753,30.2497615814209,0,30,4,200,-0.000937346951104701,0.065335638821125,0.39618593454361,1,,,,,,,,,,,,,,,,
,3952684832.79157,91.4525375366211,999.699096679688,,,6,,,,30.2393365576489,,,1,,,,,,,,,,,,,,,,,,,,,,90.7858123779297,92.2355117797852,999.699096679688,999.699096679688,,,5.96310424804687,,1,0,0,0,0,31.2805480957031,2,1,1,90.669563293457,0,91.480948554145,,,7.23705022234036E-5,3.56565622386574E-6,7.23709272747982E-5,3.56565924172905E-6,0.9889275431633,0.989391207695007,30.2513790130615,0,30,4,200,-0.00114539451897144,0.0493860319256783,0.388072907924652,1,,,,,,,,,,,,,,,,
,3952684856.12816,87.6294364929199,999.699096679688,,,6,,,,30.2330865779265,,,1,,,,,,,,,,,,,,,,,,,,,,86.0290374755859,89.311637878418,999.699096679688,999.699096679688,,,5.94868278503418,,1,0,0,0,0,30.7917900085449,2,1,1,85.9472351074219,0,87.6813969082303,,,7.64900283840244E-5,3.76862078760137E-6,7.64903518965481E-5,3.76862240852917E-6,0.989003539085388,0.989354610443115,30.2435531616211,,30,4,200,-0.000527949130628258,0.000173704975168221,0.370840787887573,1,,,,,,,,,,,,,,,,
,3952684870.86893,85.1740608215332,999.699096679688,,,6,,,,30.2330865779265,,,1,,,,,,,,,,,,,,,,,,,,,,84.5158920288086,85.9104385375977,999.699096679688,999.699096679688,,,5.94281959533691,,1,0,0,0,0,30.3030319213867,2,1,1,84.4376831054687,0,85.2684105767144,,,7.81643124094574E-5,3.85110568116199E-6,7.81644540139357E-5,3.85110637701032E-6,0.989188849925995,0.989340782165527,30.2399463653564,0,30,4,200,-0.000536914507392794,0.00797760020941496,0.368635982275009,1,,,,,,,,,,,,,,,,
,3952684880.51214,83.5316772460937,999.699096679688,,,6,,,,30.2330865779265,,,1,,,,,,,,,,,,,,,,,,,,,,82.8962554931641,84.3736114501953,999.699096679688,999.699096679688,,,5.93691349029541,,1,0,0,0,0.0128936767578125,30.7917900085449,2,1,1,82.6897430419922,0,83.6650714874268,,,7.96325824611513E-5,3.9234547637273E-6,7.96326454986384E-5,3.92345525316782E-6,0.988962769508362,0.989023387432098,30.2374725341797,,30,4,200,-0.000929148169234395,-0.00587991392239928,0.364346921443939,1,,,,,,,,,,,,,,,,
,3952684903.80546,79.6452903747559,999.699096679688,,,6,,,,30.2270490627605,,,1,,,,,,,,,,,,,,,,,,,,,,78.0642776489258,81.3148040771484,999.699096679688,999.699096679688,,,5.9198579788208,,1,0,0,0,0.0128173828125,30.7917900085449,2,1,1,77.9757766723633,0,79.636079676011,,,8.42961931932337E-5,4.1532302436329E-6,8.42962337021621E-5,4.1532309407777E-6,0.988912105560303,0.988940298557282,30.230052947998,2.50542712211609,30,4,200,-0.000610395858529955,-0.0437432825565338,0.346668750047684,1,,,,,,,,,,,,,,,,
,3952684918.49271,77.1187210083008,999.699096679688,,,6,,,,30.2270490627605,,,1,,,,,,,,,,,,,,,,,,,,,,76.3288650512695,77.9757766723633,999.699096679688,999.699096679688,,,5.91342401504517,,1,0,0,0,0,31.2805480957031,2,1,1,76.2616653442383,0,77.2085090637207,,,8.6107500176372E-5,4.24246348445503E-6,8.61075045004168E-5,4.24246361693606E-6,0.98909455537796,0.989096283912659,30.2277889251709,0,30,4,200,-0.000906030414626002,-0.0561037585139275,0.344362914562225,1,,,,,,,,,,,,,,,,
,3952684928.51286,75.4536781311035,999.699096679688,,,6,,,,30.2270490627605,,,1,,,,,,,,,,,,,,,,,,,,,,74.6456909179688,76.2616653442383,999.699096679688,999.699096679688,,,5.90669918060303,,1,0,0,0,0,30.7917900085449,2,1,1,74.6456909179688,0,75.4887084960937,,,8.78891040296759E-5,4.33024342805215E-6,8.7889102818459E-5,4.33024334030494E-6,0.989072978496552,0.989073574542999,30.2266159057617,7.73173312040854E-8,30,4,200,-0.00102690712083131,-0.070915199816227,0.338245242834091,1,,,,,,,,,,,,,,,,
,3952684951.75805,71.4137344360352,999.699096679688,,,6,,,,30.2212286578691,,,1,,,,,,,,,,,,,,,,,,,,,,69.8439407348633,73.0703277587891,999.699096679688,999.699096679688,,,5.8864598274231,,1,0,0,0,0,31.2805480957031,2,1,1,69.7571411132813,0,71.4163867726046,,,9.31129914440169E-5,4.58764121213747E-6,9.31129917881693E-5,4.58764122545265E-6,0.988707423210144,0.988707482814789,30.2213802337646,0,30,4,200,-0.000772844185121357,-0.112807705998421,0.318852484226227,1,,,,,,,,,,,,,,,,
,3952684966.13428,68.93359375,999.699096679688,,,6,,,,30.2212286578691,,,1,,,,,,,,,,,,,,,,,,,,,,68.2288208007812,69.7571411132813,999.699096679688,999.699096679688,,,5.87825059890747,,1,0,0,0,0,30.7917900085449,2,1,1,68.1100463867187,0,68.9798177083333,,,9.52303402345156E-5,4.69194965041238E-6,9.52303473022538E-5,4.69194940098911E-6,0.988944053649902,0.988955616950989,30.219310760498,0,30,4,200,-0.000907198584172875,-0.125466912984848,0.316513180732727,1,,,,,,,,,,,,,,,,
,3952684976.25076,67.1563758850098,999.699096679688,,,6,,,,30.2212286578691,,,1,,,,,,,,,,,,,,,,,,,,,,66.4229965209961,67.9911956787109,999.699096679688,999.699096679688,,,5.87004613876343,,1,0,0,0,0.0128173828125,30.7917900085449,2,1,1,66.3215560913086,0,67.225708855523,,,9.84423857845793E-5,4.85020592366638E-6,9.84424222844211E-5,4.85020546080911E-6,0.988905370235443,0.988947451114655,30.2175598144531,0,30,4,200,-0.000934149022214115,-0.145001858472824,0.311227858066559,1,,,,,,,,,,,,,,,,
,3952684999.58548,63.1538066864014,999.699096679688,,,6,,,,30.2156838602807,,,1,,,,,,,,,,,,,,,,,,,,,,61.6206359863281,64.8251495361328,999.699096679688,999.699096679688,,,5.84420108795166,,1,0,0,0,0,31.2805480957031,2,1,1,61.4824638366699,0,63.2582960689769,,,0.000104643532978703,5.15577544661833E-6,0.000104643612624532,5.15577428027765E-6,0.988210558891296,0.98829460144043,30.2103443145752,5.49639368057251,30,4,200,-5.52836463612039E-5,-0.195604458451271,0.28502294421196,1,,,,,,,,,,,,,,,,
,3952685013.99249,60.720458984375,999.699096679688,,,6,,,,30.2156838602807,,,1,,,,,,,,,,,,,,,,,,,,,,60.0511093139648,61.4824638366699,999.699096679688,999.699096679688,,,5.83452081680298,,1,0,0,0,0,30.3030319213867,2,1,1,59.9584541320801,0,60.7702060275608,,,0.000106867787086355,5.26534735314326E-6,0.000106868046019474,5.26534614355003E-6,0.988474011421204,0.988706469535828,30.2069339752197,4.34676348959329E-6,30,4,200,-0.000419186311773956,-0.20378115773201,0.28858670592308,1,,,,,,,,,,,,,,,,
,3952685023.65539,59.1322803497314,999.699096679688,,,6,,,,30.2156838602807,,,1,,,,,,,,,,,,,,,,,,,,,,58.4183120727539,59.9584541320801,999.699096679688,999.699096679688,,,5.82509326934814,,1,0,0,0,0,30.7917900085449,2,1,1,58.3061065673828,0,59.1571913825141,,,0.000109187577805064,5.37963827925523E-6,0.000109187940605337,5.37963700453965E-6,0.988553941249847,0.988869249820709,30.205545425415,0,30,4,200,-0.000896419805940241,-0.218388482928276,0.28772634267807,1,,,,,,,,,,,,,,,,
,3952685047.04945,55.0356693267822,999.699096679688,,,6,,,,30.2104867728889,,,1,,,,,,,,,,,,,,,,,,,,,,53.4544143676758,56.7109222412109,999.699096679688,999.699096679688,,,5.79224538803101,,1,0,0,0,0,30.3030319213867,2,1,1,53.3604164123535,0,55.1302168104384,,,0.000116292884333042,5.72978221751682E-6,0.000116293477703395,5.72978102272172E-6,0.987576186656952,0.988011240959167,30.1981029510498,0.171007439494133,30,4,200,-0.000660242163576186,-0.259916543960571,0.277604192495346,1,,,,,,,,,,,,,,,,
,3952685061.76605,52.4855804443359,999.699096679688,,,6,,,,30.2104867728889,,,1,,,,,,,,,,,,,,,,,,,,,,51.7734298706055,53.3604164123535,999.699096679688,999.699096679688,,,5.77902936935425,,1,0,0,0,0,30.7917900085449,2,1,1,51.6107444763184,0,52.5953860812717,,,0.000118799551087909,5.85334486522475E-6,0.000118800574400169,5.85334276675338E-6,0.98678320646286,0.987480342388153,30.1943893432617,0,30,4,200,-0.000763907562941313,-0.274230062961578,0.275234162807465,1,,,,,,,,,,,,,,,,
,3952685071.47697,50.8376350402832,999.699096679688,,,6,,,,30.2104867728889,,,1,,,,,,,,,,,,,,,,,,,,,,50.1513748168945,51.5836448669434,999.699096679688,999.699096679688,,,5.76673793792725,,1,0,0,0,0,30.7917900085449,2,1,1,50.091625213623,0,50.8592338562012,,,0.000121764669730422,5.99952912533352E-6,0.000121768374569864,5.99953281010911E-6,0.9856818318367,0.987941920757294,30.1811466217041,8.74005309015047E-6,30,4,200,4.79236841783859E-5,-0.286518722772598,0.274990856647491,1,,,,,,,,,,,,,,,,
,3952685081.09425,49.2856044769287,999.699096679688,,,6,,,,30.2104867728889,,,1,,,,,,,,,,,,,,,,,,,,,,48.5992279052734,50.091625213623,999.699096679688,999.699096679688,,,5.75266742706299,,1,0,0,0,0,30.7917900085449,2,1,1,48.4795837402344,0,49.3064719306098,,,0.000124150584457725,6.11697376121034E-6,0.000124152209541151,6.11697331341505E-6,0.987035810947418,0.988094210624695,30.190990447998,5.35997486114502,30,4,200,-0.000622073886916041,-0.300042301416397,0.273866057395935,1,,,,,,,,,,,,,,,,
,3952685104.48756,45.3731555938721,999.699096679688,,,6,,,,30.2045799937689,,,1,,,,,,,,,,,,,,,,,,,,,,43.7078323364258,47.0384788513184,999.699096679688,999.699096679688,,,5.70767545700073,,1,0,0,0,0,30.7917900085449,2,1,1,43.7078323364258,0,45.3022681788394,,,0.00013163030317892,6.48549483648236E-6,0.000131631642095154,6.48549292691483E-6,0.987154424190521,0.987996637821198,30.1871967315674,0,30,4,200,-0.000179964379640296,-0.339041978120804,0.267351269721985,1,,,,,,,,,,,,,,,,
,3952685119.17086,42.8315658569336,999.699096679688,,,6,,,,30.2045799937689,,,1,,,,,,,,,,,,,,,,,,,,,,42.1331825256348,43.6240653991699,999.699096679688,999.699096679688,,,5.69008350372314,,1,0,0,0,0,30.7917900085449,2,1,1,42.0390663146973,0,42.8858498467339,,,0.000134436307730514,6.62378630264769E-6,0.000134438702992071,6.62378530041575E-6,0.986699163913727,0.988126456737518,30.1818027496338,0,30,4,200,-0.000816995918285102,-0.355042606592178,0.268152713775635,1,,,,,,,,,,,,,,,,
,3952685128.82508,41.2047233581543,999.699096679688,,,6,,,,30.2045799937689,,,1,,,,,,,,,,,,,,,,,,,,,,40.4860725402832,41.9906158447266,999.699096679688,999.699096679688,,,5.6706976890564,,1,0,0,0,0,30.7917900085449,2,1,1,40.418830871582,0,41.2479417588976,,,0.000137112026771043,6.75565016164247E-6,0.000137114812009022,6.75565110913688E-6,0.986409187316895,0.987984597682953,30.1804428100586,6.7326493535802E-7,30,4,200,-0.000776085071265698,-0.372606128454208,0.262088149785995,1,,,,,,,,,,,,,,,,
,3952685138.50409,39.5977478027344,999.699096679688,,,6,,,,30.2045799937689,,,1,,,,,,,,,,,,,,,,,,,,,,38.9227485656738,40.418830871582,999.699096679688,999.699096679688,,,5.65092039108276,,1,0,0,0,0,30.7917900085449,2,1,1,38.7766647338867,0,39.6732821994358,,,0.000139869416836802,6.8915255549158E-6,0.000139872526396642,6.89152837026663E-6,0.98621666431427,0.987902879714966,30.1794776916504,5.49358510971069,30,4,200,-0.000562688801437616,-0.388573229312897,0.257682323455811,1,,,,,,,,,,,,,,,,
,3952685161.43403,35.5176639556885,999.699096679688,,,6,,,,30.1991798347539,,,1,,,,,,,,,,,,,,,,,,,,,,34.0325775146484,37.1341972351074,999.699096679688,999.699096679688,,,5.58381605148315,,1,0,0,0,0,29.8142719268799,2,1,1,33.9011306762695,0,35.6057806575999,,,0.000147923522350551,7.28832792331631E-6,0.000147926601746297,7.28832710571561E-6,0.986551582813263,0.988209843635559,30.174596786499,0,30,4,200,-0.000487394951051101,-0.434916138648987,0.2472924888134,1,,,,,,,,,,,,,,,,
,3952685176.22153,33.0352268218994,999.699096679688,,,6,,,,30.1991798347539,,,1,,,,,,,,,,,,,,,,,,,,,,32.3602752685547,33.8422622680664,999.699096679688,999.699096679688,,,5.55520248413086,,1,0,0,0,0,30.7917900085449,2,1,1,32.2281913757324,0,33.114741007487,,,0.000150870972444395,7.4335722542839E-6,0.000150874548363023,7.43357084514342E-6,0.986337244510651,0.988214552402496,30.1729164123535,3.90555167198181,30,4,200,-0.000698017363902181,-0.451832145452499,0.24560658633709,1,,,,,,,,,,,,,,,,
,3952685186.0238,31.3688583374023,999.699096679688,,,6,,,,30.1991798347539,,,1,,,,,,,,,,,,,,,,,,,,,,30.7056064605713,32.152099609375,999.699096679688,999.699096679688,,,5.52562189102173,,1,0,0,0,0,30.3030319213867,2,1,1,30.5856170654297,0,31.4994723002116,,,0.000153769454735638,7.57640058639316E-6,0.000153773400386837,7.57639747630808E-6,0.986175298690796,0.988210499286652,30.171745300293,0,30,4,200,-0.000623273954261094,-0.467941790819168,0.241890639066696,1,,,,,,,,,,,,,,,,
,3952685195.72192,29.7119092941284,999.699096679688,,,6,,,,30.1991798347539,,,1,,,,,,,,,,,,,,,,,,,,,,29.0038280487061,30.5181789398193,999.699096679688,999.699096679688,,,5.49320268630981,,1,0,0,0,0,30.7917900085449,2,1,1,28.9056396484375,0,29.7432755364312,,,0.000156684872980671,7.72008071476963E-6,0.000156689338884684,7.72007819295777E-6,0.98584908246994,0.98805844783783,30.1703300476074,0,30,4,200,-0.000530408462509513,-0.483567386865616,0.239530652761459,1,,,,,,,,,,,,,,,,
,3952685205.69714,28.0020933151245,999.699096679688,,,6,,,,30.1991798347539,,,1,,,,,,,,,,,,,,,,,,,,,,27.1516170501709,28.9056396484375,999.699096679688,999.699096679688,,,5.45477056503296,,1,0,0,0,0,30.7917900085449,2,1,1,27.0985469818115,0,28.0881006240845,,,0.000159784189543803,7.87281115272294E-6,0.000159789007390969,7.8728066686856E-6,0.985679984092712,0.988015353679657,30.169397354126,5.35996627807617,30,4,200,-0.000237707034102641,-0.497138649225235,0.238989397883415,1,,,,,,,,,,,,,,,,
,3952685229.2305,24.0434846878052,999.699096679688,,,6,,,,30.1935694547005,,,1,,,,,,,,,,,,,,,,,,,,,,22.6066417694092,25.6447296142578,999.699096679688,999.699096679688,,,5.32405853271484,,1,0,0,0,0,30.7917900085449,2,1,1,22.4422397613525,0,24.1076908111572,,,0.000168988769085997,8.32634146541093E-6,0.000168993226289952,8.32633673609201E-6,0.985611438751221,0.98762446641922,30.1656742095947,8.54488644108642E-6,30,4,200,-0.000116457624244504,-0.537065088748932,0.241765409708023,1,,,,,,,,,,,,,,,,
,3952685243.60968,21.5928859710693,999.699096679688,,,6,,,,30.1935694547005,,,1,,,,,,,,,,,,,,,,,,,,,,20.959846496582,22.3989639282227,999.699096679688,999.699096679688,,,5.26819133758545,,1,0,0,0,0,30.7917900085449,2,1,1,20.786808013916,0,21.7154541015625,,,0.000172336343693556,8.49128325195342E-6,0.000172341453321977,8.49128620921195E-6,0.985599756240845,0.987802624702454,30.1644821166992,0,30,4,200,-0.000142230128403753,-0.550309002399445,0.244209989905357,1,,,,,,,,,,,,,,,,
,3952685253.37456,19.9973526000977,999.699096679688,,,6,,,,30.1935694547005,,,1,,,,,,,,,,,,,,,,,,,,,,19.361499786377,20.7535800933838,999.699096679688,999.699096679688,,,5.20175695419312,,1,0,0,0,0,30.7917900085449,2,1,1,19.2411251068115,0,20.1031706068251,,,0.000175977233265792,8.67071982426965E-6,0.000175982799923689,8.67071932432305E-6,0.985239207744598,0.987569689750671,30.1633205413818,0,30,4,200,-5.71545242564753E-5,-0.564614951610565,0.247556239366531,1,,,,,,,,,,,,,,,,
,3952685263.59458,18.3205852508545,999.699096679688,,,6,,,,30.1935694547005,,,1,,,,,,,,,,,,,,,,,,,,,,17.6085834503174,19.1457843780518,999.699096679688,999.699096679688,,,5.11626720428467,,1,0,0,0,0,30.7917900085449,2,1,1,17.4953861236572,0,18.4053497314453,,,0.000180095981763424,8.87366616864739E-6,0.00018010203493324,8.87366446327282E-6,0.985164225101471,0.987650573253632,30.1623306274414,0,30,4,200,-3.61587153747678E-5,-0.579291641712189,0.251864820718765,1,,,,,,,,,,,,,,,,
,3952685273.26209,16.7159461975098,999.699096679688,,,6,,,,30.1935694547005,,,1,,,,,,,,,,,,,,,,,,,,,,16.1042423248291,17.4953861236572,999.699096679688,999.699096679688,,,5.01754760742188,,1,0,0,0,0,30.7917900085449,2,1,1,15.9365062713623,0,16.8074652353923,,,0.000184121870602927,9.07206953900113E-6,0.000184128380104861,9.07207323391352E-6,0.984877586364746,0.987398028373718,30.1618041992188,0,30,4,200,0.000156770023750141,-0.592970192432404,0.257395416498184,1,,,,,,,,,,,,,,,,
,3952685282.99596,15.1646609306335,999.699096679688,,,6,,,,30.1935694547005,,,1,,,,,,,,,,,,,,,,,,,,,,14.5046091079712,15.9083814620972,999.699096679688,999.699096679688,,,4.89297580718994,,1,0,0,0,0,30.7917900085449,2,1,1,14.4209403991699,0,15.2061818440755,,,0.000188521853698922,9.28890609984521E-6,0.000188529048168177,9.28890374327487E-6,0.984582483768463,0.987316012382507,30.1602668762207,0,30,4,200,0.000195326138054952,-0.607070684432983,0.26361820101738,1,,,,,,,,,,,,,,,,
,3952685305.98362,11.498547077179,999.699096679688,,,6,,,,30.1881739458866,,,1,,,,,,,,,,,,,,,,,,,,,,10.0648183822632,13.0238409042358,999.699096679688,999.699096679688,,,4.36993503570557,,1,0,0,0,0,29.8142719268799,2,1,1,9.97325325012207,0,11.4870078703936,,,0.000199737136970119,9.84112552788606E-6,0.000199739723330764,9.84111978942291E-6,0.987407088279724,0.988531708717346,30.1684093475342,0,30,4,200,0.000561835302505642,-0.632791697978973,0.288091152906418,1,,,,,,,,,,,,,,,,
,3952685320.82065,9.61139678955078,999.699096679688,,,6,,,,30.1881739458866,,,1,,,,,,,,,,,,,,,,,,,,,,9.330735206604,9.931565284729,999.699096679688,999.699096679688,,,4.2345814704895,,1,0,0,0,0,30.7917900085449,6,1,1,9.29122829437256,0,9.67254808213976,,,0.000201097985487984,9.90814379104331E-6,0.000201100712597834,9.90813972435111E-6,0.987598776817322,0.988781630992889,30.1680908203125,0,30,4,200,-0.00029175792587921,-0.636419475078583,0.287546783685684,1,,,,,,,,,,,,,,,,
,3952685330.60575,9.09628438949585,999.699096679688,,,6,,,,30.1881739458866,,,1,,,,,,,,,,,,,,,,,,,,,,8.93539237976074,9.29122829437256,999.699096679688,999.699096679688,,,4.13880109786987,,1,0,0,0,0,30.7917900085449,6,1,1,8.90134048461914,0,9.09833155737983,,,0.000201914548461602,9.94837493412901E-6,0.000201917485979075,9.94836915798918E-6,0.987647771835327,0.988940000534058,30.1672744750977,0,30,4,200,-0.000787290104199201,-0.643615603446961,0.286254823207855,1,,,,,,,,,,,,,,,,
,3952685340.3166,8.73732042312622,999.699096679688,,,6,,,,30.1881739458866,,,1,,,,,,,,,,,,,,,,,,,,,,8.5897912979126,8.8972978591919,999.699096679688,999.699096679688,,,4.05400466918945,,1,0,0,0,0,31.2805480957031,6,1,1,8.57734298706055,0,8.74217213524712,,,0.00020249274108179,9.97688536182633E-6,0.000202495576228099,9.97687755837092E-6,0.987456560134888,0.988696217536926,30.167516708374,0,30,4,200,-0.000811597041320056,-0.651734709739685,0.281338691711426,1,,,,,,,,,,,,,,,,
,3952685350.26794,8.57259750366211,999.699096679688,,,6,,,,30.1881739458866,,,1,,,,,,,,,,,,,,,,,,,,,,8.53340530395508,8.57057762145996,999.699096679688,999.699096679688,,,4.00697708129883,,1,0,0,0,0.0128173828125,31.2805480957031,6,1,1,8.57461738586426,0,8.54956690470378,,,0.000202803860529535,9.99222797787468E-6,0.000202807071935541,9.99222488403747E-6,0.987358808517456,0.988707780838013,30.1665840148926,0,30,4,200,-0.00131630117539316,-0.661365568637848,0.275798738002777,1,,,,,,,,,,,,,,,,
,3952685360.23801,8.55802822113037,999.699096679688,,,6,,,,30.1881739458866,,,1,,,,,,,,,,,,,,,,,,,,,,8.54515361785889,8.5776834487915,999.699096679688,999.699096679688,,,3.97374749183655,,1,0,0,0,0,30.7917900085449,6,1,1,8.54068946838379,0,8.56573454538981,,,0.000202891820728663,9.99656362583858E-6,0.000202895572150456,9.99656354313833E-6,0.987329602241516,0.988884806632996,30.1650676727295,3.07282380163087E-6,30,4,200,-0.000900395854841918,-0.669022738933563,0.266154050827026,1,,,,,,,,,,,,,,,,
,3952685383.48422,7.63773274421692,999.699096679688,,,6,,,,30.1831395725847,,,1,,,,,,,,,,,,,,,,,,,,,,7.14473628997803,8.4033899307251,999.699096679688,999.699096679688,,,3.80530619621277,,1,0,0,0,0,30.7917900085449,6,1,1,6.87207555770874,0,8.06154492322136,,,0.000191373323650362,9.44950632416586E-6,0.000191373439447509,9.44950790331782E-6,0.933023035526276,0.933029532432556,30.1866989135742,5.4942421913147,30,4,200,-0.00349372578784823,-0.678303599357605,0.255458116531372,1,,,,,,,,,,,,,,,,
,3952685397.91765,6.00670075416565,999.699096679688,,,6,,,,30.1831395725847,,,1,,,,,,,,,,,,,,,,,,,,,,5.26616764068604,6.8262243270874,999.699096679688,999.699096679688,,,3.54736590385437,,1,0,0,0,0,30.7917900085449,6,1,1,5.1871771812439,0,6.04227336247762,,,0.000150131685260094,7.39969621672125E-6,0.000150136975473986,7.39969816843022E-6,0.970421135425568,0.971627056598663,30.1513576507568,0,30,4,200,0.0012096562422812,-0.496670007705688,0.21709805727005,1,,,,,,,,,,,,,,,,
,3952685407.84985,4.6939058303833,999.699096679688,,,6,,,,30.1831395725847,,,1,,,,,,,,,,,,,,,,,,,,,,4.20111179351807,5.1871771812439,999.699096679688,999.699096679688,,,3.2862606048584,,1,0,0,0,0,30.7917900085449,6,1,1,4.20063447952271,0,4.49658842086792,,,0.00014233138905136,7.01358326687996E-6,0.000142341029439297,7.0135931205416E-6,0.979889512062073,0.983512759208679,30.13938331604,5.48993492126465,30,4,200,0.00181303755380213,-0.42446294426918,0.240181311964989,1,,,,,,,,,,,,,,,,
,3952685417.7679,4.18868231773376,999.699096679688,,,6,,,,30.1831395725847,,,1,,,,,,,,,,,,,,,,,,,,,,4.17875289916992,4.20063447952271,999.699096679688,999.699096679688,,,3.21477222442627,,1,0,0,0,0.0128173828125,30.7917900085449,6,1,1,4.17673015594482,0,4.19720813963148,,,0.000141925308391141,6.99276137144522E-6,0.000141928789494812,6.99276349235969E-6,0.986871361732483,0.988868057727814,30.1566963195801,0,30,4,200,-0.000785948301199824,-0.417210847139359,0.236147433519363,1,,,,,,,,,,,,,,,,
,3952685427.42513,4.18836164474487,999.699096679688,,,6,,,,30.1831395725847,,,1,,,,,,,,,,,,,,,,,,,,,,4.17673015594482,4.21070289611816,999.699096679688,999.699096679688,,,3.16601848602295,,1,0,0,0,0,30.7917900085449,6,1,1,4.19999313354492,0,4.20030148824056,,,0.000141878798676543,6.99049540377686E-6,0.000141882659522546,6.99049470280433E-6,0.986598014831543,0.988819777965546,30.1550598144531,0,30,4,200,-0.000879158149473369,-0.424178451299667,0.228270396590233,1,,,,,,,,,,,,,,,,
,3952685437.08247,4.20033526420593,999.699096679688,,,6,,,,30.1831395725847,,,1,,,,,,,,,,,,,,,,,,,,,,4.19878816604614,4.2005763053894,999.699096679688,999.699096679688,,,3.14163136482239,,1,0,0,0,0,30.7917900085449,5,1,1,4.20060300827026,0,4.19985887739393,,,0.000141834430498996,6.98828625981494E-6,0.000141838228949458,6.98828812711683E-6,0.986834466457367,0.989031314849854,30.1554737091064,0,30,4,200,-0.000874682969879359,-0.430071234703064,0.222545370459557,1,,,,,,,,,,,,,,,,
,3952685447.22925,4.20055484771729,999.699096679688,,,6,,,,30.1831395725847,,,1,,,,,,,,,,,,,,,,,,,,,,4.19871473312378,4.2016544342041,999.699096679688,999.699096679688,,,3.13549208641052,,1,0,0,0,0,30.3030319213867,5,1,1,4.20085620880127,0,4.20002041922675,,,0.000141821724634672,6.98765687213718E-6,0.000141825668071301,6.98765723982535E-6,0.986845552921295,0.98915833234787,30.1548347473145,0,30,4,200,-0.000913925236091018,-0.436368852853775,0.216160997748375,1,,,,,,,,,,,,,,,,
,3952685457.09815,4.20077204704285,999.699096679688,,,6,,,,30.1831395725847,,,1,,,,,,,,,,,,,,,,,,,,,,4.19856929779053,4.20085620880127,999.699096679688,999.699096679688,,,3.13489627838135,,1,0,0,0,0,30.7917900085449,5,1,1,4.20068788528442,0,4.19975482092963,,,0.000141835551377605,6.98833927452121E-6,0.000141839238374578,6.98833911445066E-6,0.986887574195862,0.989049732685089,30.1557331085205,0,30,4,200,-0.00101130187977105,-0.443430304527283,0.209605619311333,1,,,,,,,,,,,,,,,,
,3952685466.75594,4.20096039772034,999.699096679688,,,6,,,,30.1831395725847,,,1,,,,,,,,,,,,,,,,,,,,,,4.19846677780151,4.20115756988525,999.699096679688,999.699096679688,,,3.13397336006165,,1,0,0,0,0,30.7917900085449,5,1,1,4.20128011703491,0,4.20001485612657,,,0.000141811550028115,6.98715860804285E-6,0.000141815318914302,6.98716055271333E-6,0.986855447292328,0.989036858081818,30.1555862426758,0,30,4,200,-0.000999231706373394,-0.450519800186157,0.202269002795219,1,,,,,,,,,,,,,,,,
,3952685476.65259,4.20069932937622,999.699096679688,,,6,,,,30.1831395725847,,,1,,,,,,,,,,,,,,,,,,,,,,4.19866228103638,4.20141887664795,999.699096679688,999.699096679688,,,3.13595628738403,,1,0,0,0,0,30.7917900085449,5,1,1,4.20011854171753,0,4.20006594657898,,,0.00014182872706291,6.9879954266742E-6,0.000141832431918114,6.98799532643315E-6,0.986921668052673,0.989101469516754,30.1556720733643,0,30,4,200,-0.00104801415000111,-0.458374261856079,0.195001482963562,1,,,,,,,,,,,,,,,,
,3952685486.61014,4.20043802261353,999.699096679688,,,6,,,,30.1831395725847,,,1,,,,,,,,,,,,,,,,,,,,,,4.19851350784302,4.20097637176514,999.699096679688,999.699096679688,,,3.13616013526916,,1,0,0,0,0,30.7917900085449,5,1,1,4.20088052749634,0,4.19996245702108,,,0.000141814287460418,6.98728042363045E-6,0.000141817786227543,6.98727811276959E-6,0.986983299255371,0.989071249961853,30.1562747955322,0,30,4,200,-0.00112170656211674,-0.466276675462723,0.187115490436554,1,,,,,,,,,,,,,,,,
,3952685496.29995,4.20094609260559,999.699096679688,,,6,,,,30.1831395725847,,,1,,,,,,,,,,,,,,,,,,,,,,4.19902992248535,4.20099782943726,999.699096679688,999.699096679688,,,3.1371169090271,,1,0,0,0,0,30.7917900085449,1,1,1,4.20101165771484,0,4.20009093814426,,,0.000141816060245859,6.98737271586401E-6,0.000141819711479002,6.9873732040411E-6,0.986904203891754,0.989038467407227,30.1559162139893,0.186563715338707,30,4,200,-0.00105426937807351,-0.474539309740067,0.178671151399612,1,,,,,,,,,,,,,,,,
