[Header]
; MPMS3 Data File (default extension .dat)
; Copyright (c) 2007, Quantum Design, Inc. All rights reserved.
TITLE,
FILEOPENTIME,3952573915.91993,03/31/2025,10:10 am
BYAPP,MPMS3 w/ AC,1.0,1.1
INFO,MPMS3 Measurement Release 1.2.2 Build 0, MultiVu Release 2.3.5.2,APPNAME
INFO,Linear Motor Servo Controller,MOTOR_MODULE_NAME
INFO,3101-100 N4,MOTOR_HW_VERSION
INFO,MMC1299,MOTOR_SERIAL_NUMBER
INFO,01.04.28,MOTOR_SOFTWARE_VERSION
INFO,Quantum Design Squid Module,SQUID_MODULE_NAME
INFO,3101-501 B0,SQUID_HW_VERSION
INFO,SQM364,SQUID_SERIAL_NUMBER
INFO,01.03.04,SQUID_SOFTWARE_VERSION
INFO,Quantum Design VSM Oven,OVEN_MODULE_NAME
INFO,3101-201 A3,OVEN_HW_VERSION
INFO,OVB387,OVEN_SERIAL_NUMBER
INFO,01.07.07,OVEN_SOFTWARE_VERSION
INFO,SQUID AC,AC_MODULE_NAME
INFO,3101-401 G0,AC_HW_VERSION
INFO,SAC242,AC_SERIAL_NUMBER
INFO,SQUID AC 00.95.11,AC_SOFTWARE_VERSION
INFO,TCI374,COIL_SERIAL_NUMBER
INFO,0,MOMENT_UNITS
INFO,RuCl3,SAMPLE_MATERIAL
INFO,Second stage second crystal shard cut off of second crystal with many domains on it,SAMPLE_COMMENT
INFO,1.8,SAMPLE_MASS
INFO,,SAMPLE_VOLUME
INFO,,SAMPLE_MOLECULAR_WEIGHT
INFO,,SAMPLE_SIZE
INFO,,SAMPLE_SHAPE
INFO,Quartz,SAMPLE_HOLDER
INFO,Standard,SAMPLE_HOLDER_DETAIL
INFO,65.93,SAMPLE_OFFSET
DATATYPE,COMMENT,1
DATATYPE,TIME,2
STARTUPAXIS,X,2
STARTUPAXIS,Y1,5
FIELDGROUP, VSM,2,3,4,5,6,8,9,10,11,14,15
FIELDGROUP, DC, 2,3,4,14,56,57,58,59,60,61,62,63,64,65,66,67,68,69
FIELDGROUP, AC, 2,3,4,11,16,17,18,19,20,21,22,23,24,25,26,27,28,29,30
STARTUPGROUP, All
[Data]
Comment,Time Stamp (sec),Temperature (K),Magnetic Field (Oe),Moment (emu),M. Std. Err. (emu),Transport Action,Averaging Time (sec),Frequency (Hz),Peak Amplitude (mm),Center Position (mm),Lockin Signal' (V),Lockin Signal (V),Range,M. Quad. Signal (emu),AC Moment (emu),AC M. Std Err. (emu),AC Phase (deg),AC Phase Std. Err. (deg),AC Susceptibility (emu/Oe),AC Suscept. Std Err. (emu/Oe),AC X' (emu/Oe),AC X' Std Err. (emu/Oe),AC X'' (emu/Oe),AC X'' Std Err. (emu/Oe),AC Drive (Oe),AC Frequency (Hz),AC Averaging Time (sec),AC Cycles,AC Range,AC Measure Type,AC Signal' (V),AC Signal'' (V),AC Trim Coil Ratio,AC Trim Coil Phase,Min. Temperature (K),Max. Temperature (K),Min. Field (Oe),Max. Field (Oe),Mass (grams),Motor Lag (deg),Pressure (Torr),Measure Count,Measurement Number,SQUID Status (code),Motor Status (code),Measure Status (code),Motor Current (amps),Motor Temp. (C),Temp. Status (code),Field Status (code),Chamber Status (code),Chamber Temp (K),Redirection State,Average Temp (K),Rotation Angle (deg),Rotator state,DC Moment Fixed Ctr (emu),DC Moment Err Fixed Ctr (emu),DC Moment Free Ctr (emu),DC Moment Err Free Ctr (emu),DC Fixed Fit,DC Free Fit,DC Calculated Center (mm),DC Calculated Center Err (mm),DC Scan Length (mm),DC Scan Time (s),DC Number of Points,DC Squid Drift,DC Min V (V),DC Max V (V),DC Scans per Measure,Map 01,Map 02,Map 03,Map 04,Map 05,Map 06,Map 07,Map 08,Map 09,Map 10,Map 11,Map 12,Map 13,Map 14,Map 15,Map 16
,3952574171.34186,299.756607055664,1000.37896728516,,,6,,,,31.0016390084154,,,1,,,,,,,,,,,,,,,,,,,,,,299.741851806641,299.776763916016,1000.37896728516,1000.37896728516,,,6.05284023284912,,1,0,0,0,0,31.7693061828613,1,1,1,299.771362304687,0,299.76511976454,,,1.99512229153473E-5,9.83316910249423E-7,1.99522097960172E-5,9.83319575391064E-7,0.971805393695831,0.973514199256897,31.0381774902344,1.74514370883117E-5,30,4,200,0.000126357947010547,0.411672502756119,0.504792094230652,1,,,,,,,,,,,,,,,,
,3952574188.54167,299.619750976562,1000.37896728516,,,6,,,,31.0016390084154,,,1,,,,,,,,,,,,,,,,,,,,,,299.481750488281,299.806976318359,1000.37896728516,1000.37896728516,,,6.0566086769104,,1,0,0,0,0,32.2580642700195,2,1,1,299.432525634766,0,299.689575195313,,,1.99730632524441E-5,9.89422665676853E-7,1.9974738277537E-5,9.89425623475207E-7,0.895470321178436,0.896238446235657,30.9534912109375,,30,4,200,0.00154799234587699,-0.646671056747437,0.574555695056915,1,,,,,,,,,,,,,,,,
,3952574198.28187,298.987976074219,1000.37896728516,,,6,,,,31.0016390084154,,,1,,,,,,,,,,,,,,,,,,,,,,298.570709228516,299.432525634766,1000.37896728516,1000.37896728516,,,6.0535044670105,,1,0,0,0,0,32.2580642700195,2,1,1,298.543426513672,0,299.017801920573,,,2.03516790523342E-5,1.0041307600119E-6,2.0367251382272E-5,1.00416994181047E-6,0.945804417133331,0.961416602134705,31.1463470458984,,30,4,200,0.000780723232310265,-0.639988541603088,-0.541666328907013,1,,,,,,,,,,,,,,,,
,3952574208.01371,298.049301147461,1000.37896728516,,,6,,,,31.0016390084154,,,1,,,,,,,,,,,,,,,,,,,,,,297.644195556641,298.522552490234,1000.37896728516,1000.37896728516,,,6.05157041549683,,1,0,0,0,0.00030517578125,32.2580642700195,2,1,1,297.576049804687,0,298.107750786675,,,2.10354730123401E-5,1.03852517581899E-6,2.1036747287716E-5,1.03852857091889E-6,0.935210525989532,0.93609744310379,31.0423202514648,8.23791367565718E-7,30,4,200,0.00104857992846519,-0.64232736825943,-0.539799511432648,1,,,,,,,,,,,,,,,,
,3952574226.26612,295.896697998047,1000.37896728516,,,6,,,,30.9963085683328,,,1,,,,,,,,,,,,,,,,,,,,,,295.377899169922,296.493408203125,1000.37896728516,1000.37896728516,,,6.04564666748047,,1,0,0,0,0,32.2580642700195,2,1,1,295.299987792969,0,295.936889648438,,,2.01557583550747E-5,9.93200630962701E-7,2.01558394942862E-5,9.93201256932656E-7,0.98006397485733,0.980234920978546,31.0061569213867,0,30,4,200,-0.00127241818699986,-0.640952289104462,-0.537395060062408,1,,,,,,,,,,,,,,,,
,3952574236.25659,294.527862548828,1000.37896728516,,,6,,,,30.9963085683328,,,1,,,,,,,,,,,,,,,,,,,,,,293.884307861328,295.299987792969,1000.37896728516,1000.37896728516,,,6.04076290130615,,1,0,0,0,0,32.2580642700195,2,1,1,293.755737304687,0,294.568667602539,,,2.02809220653251E-5,9.99719450395314E-7,2.02859079013539E-5,9.99735421792005E-7,0.966824650764465,0.974675357341766,31.0775165557861,3.24811185237195E-6,30,4,200,-0.00165035645477474,-0.641355693340302,-0.53574001789093,1,,,,,,,,,,,,,,,,
,3952574254.98694,291.371780395508,1000.37896728516,,,6,,,,30.9894534536305,,,1,,,,,,,,,,,,,,,,,,,,,,290.585693359375,292.237579345703,1000.37896728516,1000.37896728516,,,6.03347969055176,,1,0,0,0,0.00274658203125,31.7693061828613,2,1,1,290.505981445313,0,291.42877875434,,,2.07786906138215E-5,1.0237649354753E-6,2.07797035757779E-5,1.02376978258883E-6,0.988123953342438,0.992718458175659,31.0250129699707,0.0526297725737095,30,4,200,-0.000449362822109833,-0.653472423553467,-0.555225074291229,1,,,,,,,,,,,,,,,,
,3952574273.65984,288.209701538086,1000.37896728516,,,6,,,,30.9844460541127,,,1,,,,,,,,,,,,,,,,,,,,,,287.337097167969,289.082305908203,1000.37896728516,1000.37896728516,,,6.0274338722229,,1,0,0,0,0,31.7693061828613,2,1,1,287.337097167969,0,288.238467407227,,,2.10768647989712E-5,1.03844846853704E-6,2.10779604342071E-5,1.03845352588513E-6,0.988758087158203,0.994328558444977,31.0212306976318,3.77392659345332E-8,30,4,200,-0.000305758614558727,-0.660484373569489,-0.561564266681671,1,,,,,,,,,,,,,,,,
,3952574283.55342,286.436141967773,1000.37896728516,,,6,,,,30.9844460541127,,,1,,,,,,,,,,,,,,,,,,,,,,285.648864746094,287.284484863281,1000.37896728516,1000.37896728516,,,6.02571535110474,,1,0,0,0,0.0188446044921875,31.7693061828613,2,1,1,285.587799072266,0,286.499389648438,,,2.12175836546372E-5,1.04537410251108E-6,2.12184840272955E-5,1.0453769582762E-6,0.989393591880798,0.994247078895569,31.0182151794434,1.25997685245238E-5,30,4,200,-0.000246934767346829,-0.663178205490112,-0.564215362071991,1,,,,,,,,,,,,,,,,
,3952574301.95039,283.181396484375,1000.37896728516,,,6,,,,30.9772445873445,,,1,,,,,,,,,,,,,,,,,,,,,,282.351501464844,284.100189208984,1000.37896728516,1000.37896728516,,,6.02160692214966,,1,0,0,0,0.0197601318359375,32.2580642700195,2,1,1,282.262603759766,0,283.272640652127,,,2.1536023027842E-5,1.06108596879292E-6,2.15374839337286E-5,1.06109108366893E-6,0.987526535987854,0.994561851024628,31.0197830200195,0,30,4,200,-0.000201286922674626,-0.667804360389709,-0.567502081394196,1,,,,,,,,,,,,,,,,
,3952574311.99108,281.39079284668,1000.37896728516,,,6,,,,30.9772445873445,,,1,,,,,,,,,,,,,,,,,,,,,,280.576812744141,282.262603759766,1000.37896728516,1000.37896728516,,,6.01980304718018,,1,0,0,0,0,31.7693061828613,2,1,1,280.518981933594,0,281.461511230469,,,6.69099673466269E-5,2.24019670912794E-5,0.0003042436125012,2.41963759564745E-5,0.0108855981379747,0.214982181787491,39.1191253662109,1.29560983181,30,4,200,-0.582237362861633,-3.99955201148987,0.546533703804016,1,,,,,,,,,,,,,,,,
,3952574330.82182,278.064636230469,1000.37896728516,,,6,,,,30.9704579109056,,,1,,,,,,,,,,,,,,,,,,,,,,277.308624267578,278.876495361328,1000.37896728516,1000.37896728516,,,6.01661252975464,,1,0,0,0,0,32.2580642700195,2,1,1,277.252777099609,0,278.137905544705,,,2.19969084126385E-5,1.08382457824819E-6,2.19987989175247E-5,1.08383116470505E-6,0.985451877117157,0.992792963981628,31.0183410644531,,30,4,200,-9.97042589006014E-5,-0.673334896564484,0.552724361419678,1,,,,,,,,,,,,,,,,
,3952574340.56604,276.445648193359,1000.37896728516,,,6,,,,30.9704579109056,,,1,,,,,,,,,,,,,,,,,,,,,,275.638519287109,277.252777099609,1000.37896728516,1000.37896728516,,,6.01536560058594,,1,0,0,0,0,32.2580642700195,2,1,1,275.638519287109,0,276.504144287109,,,2.2165559201185E-5,1.09211081532084E-6,2.21672054143705E-5,1.09211681773735E-6,0.987020075321198,0.994436621665955,31.0148906707764,0,30,4,200,-0.000158360955538228,0.450018376111984,0.552919328212738,1,,,,,,,,,,,,,,,,
,3952574359.27303,273.409713745117,1000.37896728516,,,6,,,,30.9639389534747,,,1,,,,,,,,,,,,,,,,,,,,,,272.733673095703,274.251831054687,1000.37896728516,1000.37896728516,,,6.01230382919311,,1,0,0,0,0.0197601318359375,32.2580642700195,2,1,1,272.567596435547,0,273.456763373481,,,2.2502720040473E-5,1.10869747759699E-6,2.25036817132269E-5,1.1087012758397E-6,0.98894602060318,0.993398547172546,30.9975318908691,1.79835115687865E-8,30,4,200,-0.00021917860431131,0.445846825838089,0.550671279430389,1,,,,,,,,,,,,,,,,
,3952574369.4304,271.714981079102,1000.37896728516,,,6,,,,30.9639389534747,,,1,,,,,,,,,,,,,,,,,,,,,,270.924835205078,272.567596435547,1000.37896728516,1000.37896728516,,,6.01116228103638,,1,0,0,0,0,31.7693061828613,2,1,1,270.862365722656,0,271.771090698242,,,2.22070311226462E-5,1.09548853886448E-6,2.22079194767706E-5,1.09549174885573E-6,0.948980808258057,0.949710786342621,30.9964046478271,5.56744146347046,30,4,200,0.00103818206116557,-0.669643521308899,0.559617519378662,1,,,,,,,,,,,,,,,,
,3952574388.27213,268.723876953125,1000.37896728516,,,6,,,,30.9578032097486,,,1,,,,,,,,,,,,,,,,,,,,,,268.077270507813,269.470672607422,1000.37896728516,1000.37896728516,,,6.00829935073853,,1,0,0,0,0.018768310546875,32.2580642700195,2,1,1,267.977081298828,0,268.833869086372,,,2.26361135380172E-5,1.11586580838079E-6,2.26380651154206E-5,1.11587390731019E-6,0.965493321418762,0.967859983444214,31.0052661895752,0.186675757169724,30,4,200,0.000524780713021755,-0.666656255722046,-0.560531437397003,1,,,,,,,,,,,,,,,,
,3952574398.00418,267.217086791992,1000.37896728516,,,6,,,,30.9578032097486,,,1,,,,,,,,,,,,,,,,,,,,,,266.672729492187,267.977081298828,1000.37896728516,1000.37896728516,,,6.00676870346069,,1,0,0,0,0,31.7693061828613,2,1,1,266.457092285156,0,267.377370198568,,,2.31065189267675E-5,1.13850431773531E-6,2.31074316085726E-5,1.13850853210207E-6,0.985007166862488,0.987622380256653,30.9898567199707,6.76798617860186E-6,30,4,200,-8.23078153189272E-5,-0.668525159358978,-0.561688721179962,1,,,,,,,,,,,,,,,,
,3952574421.35234,263.448333740234,1000.37896728516,,,6,,,,30.9518250391991,,,10,,,,,,,,,,,,,,,,,,,,,,261.964752197266,265.032653808594,1000.37896728516,1000.37896728516,,,6.00207757949829,,1,0,0,0,0.017547607421875,32.7468223571777,2,1,1,261.864013671875,0,263.485328225529,,,2.35355943450643E-5,1.15966493626057E-6,2.35383191626438E-5,1.15967286350819E-6,0.983945727348328,0.993682622909546,31.0077514648438,,30,4,200,-3.30599941662513E-5,-2.81124925613403,3.95546317100525,1,,,,,,,,,,,,,,,,
,3952574444.52673,259.684112548828,1000.37896728516,,,6,,,,30.9457661684734,,,1,,,,,,,,,,,,,,,,,,,,,,259.012969970703,260.495147705078,1000.37896728516,1000.37896728516,,,5.9993143081665,,1,0,0,0,0,30.3030319213867,2,1,1,258.873077392578,0,259.796759711372,,,2.34137260543228E-5,1.15471647792462E-6,2.34154735743312E-5,1.15472162232827E-6,0.954329907894135,0.955890119075775,30.9904861450195,0.186765566468239,30,4,200,0.000809498189482838,-0.651432454586029,-0.540566742420197,1,,,,,,,,,,,,,,,,
,3952574454.89396,257.970825195313,1000.37896728516,,,6,,,,30.9457661684734,,,1,,,,,,,,,,,,,,,,,,,,,,257.271026611328,258.763305664062,1000.37896728516,1000.37896728516,,,5.99742650985718,,1,0,0,0,0,32.2580642700195,2,1,1,257.178344726562,0,258.075639512804,,,2.3925337855588E-5,1.17889168124292E-6,2.39253775934101E-5,1.17889194272167E-6,0.982782185077667,0.982865989208221,30.9521980285645,4.28768515803313E-7,30,4,200,0.000296610582154244,-0.651935398578644,-0.540790200233459,1,,,,,,,,,,,,,,,,
,3952574473.24982,254.933448791504,1000.37896728516,,,6,,,,30.9395744874164,,,1,,,,,,,,,,,,,,,,,,,,,,254.164321899414,255.762817382813,1000.37896728516,1000.37896728516,,,5.99396705627441,,1,0,0,0,0,32.2580642700195,2,1,1,254.104080200195,0,255.024402194553,,,2.38488345500839E-5,1.17651238119804E-6,2.38506383578634E-5,1.17651872554117E-6,0.94844651222229,0.94982385635376,30.984281539917,0,30,4,200,0.00100069376640022,-0.648181021213532,-0.535394549369812,1,,,,,,,,,,,,,,,,
,3952574482.89295,253.300582885742,1000.37896728516,,,6,,,,30.9395744874164,,,1,,,,,,,,,,,,,,,,,,,,,,252.656661987305,254.104080200195,1000.37896728516,1000.37896728516,,,5.99214887619018,,1,0,0,0,0,31.7693061828613,2,1,1,252.497085571289,0,253.404310438368,,,2.45820881282669E-5,1.2111968117557E-6,2.45844022065549E-5,1.21120175937122E-6,0.985689342021942,0.995027959346771,30.9904327392578,5.56690502166748,30,4,200,-0.000436180765973404,-0.652647733688354,-0.536970376968384,1,,,,,,,,,,,,,,,,
,3952574501.50612,250.277679443359,1000.37896728516,,,6,,,,30.9336544901412,,,1,,,,,,,,,,,,,,,,,,,,,,249.515716552734,251.091720581055,1000.37896728516,1000.37896728516,,,5.98860216140747,,1,0,0,0,0,31.7693061828613,2,1,1,249.463638305664,0,250.363000488281,,,2.4430089324468E-5,1.20494558162542E-6,2.44325132250011E-5,1.20495358269395E-6,0.952471613883972,0.954456567764282,30.9849624633789,5.56641387939453,30,4,200,0.00081271753879264,-0.647457957267761,-0.532168984413147,1,,,,,,,,,,,,,,,,
,3952574511.28375,248.634536743164,1000.37896728516,,,6,,,,30.9336544901412,,,1,,,,,,,,,,,,,,,,,,,,,,248.002517700195,249.423583984375,1000.37896728516,1000.37896728516,,,5.98635578155518,,1,0,0,0,0,32.2580642700195,2,1,1,247.845489501953,0,248.737484402127,,,2.50768540058007E-5,1.23551598735135E-6,2.50777246349383E-5,1.23552019558217E-6,0.989492237567902,0.993086636066437,30.9636421203613,5.56449842453003,30,4,200,-3.08556845993735E-5,-0.649870991706848,-0.533791422843933,1,,,,,,,,,,,,,,,,
,3952574529.42271,245.492820739746,1000.37896728516,,,6,,,,30.9277492688798,,,1,,,,,,,,,,,,,,,,,,,,,,244.876174926758,246.228729248047,1000.37896728516,1000.37896728516,,,5.98298740386963,,1,0,0,0,0,31.7693061828613,2,1,1,244.756912231445,0,245.552824232313,,,2.50101249425826E-5,1.23328503000397E-6,2.501189350483E-5,1.23329177489135E-6,0.957307994365692,0.958861768245697,30.9708728790283,3.10949917547987E-6,30,4,200,0.000891533098183572,-0.64572149515152,-0.528203666210175,1,,,,,,,,,,,,,,,,
,3952574539.32649,243.939506530762,1000.37896728516,,,6,,,,30.9277492688798,,,1,,,,,,,,,,,,,,,,,,,,,,243.285430908203,244.756912231445,1000.37896728516,1000.37896728516,,,5.98128509521484,,1,0,0,0,0,31.7693061828613,2,1,1,243.122100830078,0,243.99966261122,,,2.57078004811501E-5,1.26665027768972E-6,2.5709965367716E-5,1.26665756311234E-6,0.986365735530853,0.994615018367767,30.9752044677734,,30,4,200,-0.000239034532569349,-0.648800730705261,-0.529525220394135,1,,,,,,,,,,,,,,,,
,3952574558.21761,240.858329772949,1000.37896728516,,,6,,,,30.9219580498958,,,1,,,,,,,,,,,,,,,,,,,,,,240.135879516602,241.644378662109,1000.37896728516,1000.37896728516,,,5.97732257843018,,1,0,0,0,0,31.7693061828613,2,1,1,240.072280883789,0,240.908296373155,,,2.56409390615573E-5,1.26393619956719E-6,2.56435182569019E-5,1.26394354792397E-6,0.966778218746185,0.969761967658997,30.9739971160889,0,30,4,200,0.000741037714760751,-0.643974602222443,-0.523940324783325,1,,,,,,,,,,,,,,,,
,3952574567.93803,239.174011230469,1000.37896728516,,,6,,,,30.9219580498958,,,1,,,,,,,,,,,,,,,,,,,,,,238.299758911133,240.048263549805,1000.37896728516,1000.37896728516,,,5.97528219223022,,1,0,0,0,0,31.7693061828613,2,1,1,238.299758911133,0,239.178819274902,,,2.62697582312396E-5,1.29430232065425E-6,2.62702812650471E-5,1.29430394619029E-6,0.988584637641907,0.990355968475342,30.9450912475586,2.2255942440097E-6,30,4,200,0.000101924757473171,-0.645559430122376,-0.523312866687775,1,,,,,,,,,,,,,,,,
,3952574586.57454,235.918670654297,1000.37896728516,,,6,,,,30.9161462842865,,,1,,,,,,,,,,,,,,,,,,,,,,235.166702270508,236.721755981445,1000.37896728516,1000.37896728516,,,5.97158718109131,,1,0,0,0,0,31.7693061828613,2,1,1,235.115585327148,0,235.931226942274,,,2.6224438758405E-5,1.29338342516816E-6,2.62271437802009E-5,1.29339112763361E-6,0.953518331050873,0.955653965473175,30.9687232971191,,30,4,200,0.000729638210032135,-0.64077639579773,-0.5161994099617,1,,,,,,,,,,,,,,,,
,3952574596.27732,234.367897033691,1000.37896728516,,,6,,,,30.9161462842865,,,1,,,,,,,,,,,,,,,,,,,,,,233.760314941406,235.080352783203,1000.37896728516,1000.37896728516,,,5.96936750411987,,1,0,0,0,0,31.7693061828613,2,1,1,233.65544128418,0,234.46454026964,,,2.66329164131978E-5,1.31245893633684E-6,2.66330125545286E-5,1.31245940004485E-6,0.976921319961548,0.9770627617836,30.9258193969727,,30,4,200,0.000498304958455265,-0.640144824981689,-0.515678286552429,1,,,,,,,,,,,,,,,,
,3952574614.49702,231.370475769043,1000.37896728516,,,6,,,,30.9104371142595,,,1,,,,,,,,,,,,,,,,,,,,,,230.653274536133,232.181716918945,1000.37896728516,1000.37896728516,,,5.96573877334595,,1,0,0,0,0,32.2580642700195,2,1,1,230.559234619141,0,231.464609781901,,,2.67982211828639E-5,1.32163320488987E-6,2.68006154443293E-5,1.32163967593012E-6,0.954318642616272,0.956202328205109,30.9594631195068,,30,4,200,0.000886569556314498,-0.637951493263245,-0.511088371276855,1,,,,,,,,,,,,,,,,
,3952574624.50416,229.669990539551,1000.37896728516,,,6,,,,30.9104371142595,,,1,,,,,,,,,,,,,,,,,,,,,,228.848373413086,230.559234619141,1000.37896728516,1000.37896728516,,,5.96356153488159,,1,0,0,0,0,32.2580642700195,2,1,1,228.780746459961,0,229.760894775391,,,2.73832906267727E-5,1.34936513184003E-6,2.73833070153446E-5,1.34936536873418E-6,0.979365468025208,0.97938597202301,30.9139232635498,,30,4,200,0.000469304184662178,-0.637871563434601,-0.510059773921967,1,,,,,,,,,,,,,,,,
,3952574643.29823,226.386978149414,1000.37896728516,,,6,,,,30.9048187949978,,,1,,,,,,,,,,,,,,,,,,,,,,225.710830688477,227.162979125977,1000.37896728516,1000.37896728516,,,5.95999097824097,,1,0,0,0,0,31.7693061828613,2,1,1,225.610977172852,0,226.454881456163,,,2.75077289144324E-5,1.35660715866267E-6,2.75108053685974E-5,1.3566174942299E-6,0.954600512981415,0.956952452659607,30.9592704772949,5.56410551071167,30,4,200,0.000779344409238547,-0.632877469062805,-0.502736210823059,1,,,,,,,,,,,,,,,,
,3952574653.00995,224.823692321777,1000.37896728516,,,6,,,,30.9048187949978,,,1,,,,,,,,,,,,,,,,,,,,,,224.277435302734,225.610977172852,1000.37896728516,1000.37896728516,,,5.9577112197876,,1,0,0,0,0,31.2805480957031,2,1,1,224.036407470703,0,224.967142740885,,,2.8241202363948E-5,1.39148355263115E-6,2.82440141583438E-5,1.39149300952213E-6,0.985829472541809,0.996088564395905,30.9563980102539,0.0614169165492058,30,4,200,-0.000358799035893753,-0.637466073036194,-0.505197942256927,1,,,,,,,,,,,,,,,,
,3952574671.58499,221.727935791016,1000.37896728516,,,6,,,,30.8993049995488,,,1,,,,,,,,,,,,,,,,,,,,,,220.995452880859,222.485107421875,1000.37896728516,1000.37896728516,,,5.95350933074951,,1,0,0,0,0,31.7693061828613,2,1,1,220.970764160156,0,221.727756076389,,,2.81620407559272E-5,1.38916586909508E-6,2.81646685975941E-5,1.38917499011034E-6,0.950220167636871,0.951989948749542,30.9489669799805,0,30,4,200,0.000994331552647054,-0.631816506385803,-0.498226791620255,1,,,,,,,,,,,,,,,,
,3952574681.31846,220.101097106934,1000.37896728516,,,6,,,,30.8993049995488,,,1,,,,,,,,,,,,,,,,,,,,,,219.481964111328,220.910598754883,1000.37896728516,1000.37896728516,,,5.95193147659302,,1,0,0,0,0,31.7693061828613,2,1,1,219.291595458984,0,220.232576158312,,,2.89640404886577E-5,1.42703452412965E-6,2.89647912090682E-5,1.42703853119987E-6,0.989516079425812,0.992019057273865,30.9250583648682,,30,4,200,9.9784274425474E-6,-0.634562015533447,-0.500260055065155,1,,,,,,,,,,,,,,,,
,3952574699.63065,217.139778137207,1000.37896728516,,,6,,,,30.893837066867,,,1,,,,,,,,,,,,,,,,,,,,,,216.45719909668,217.925521850586,1000.37896728516,1000.37896728516,,,5.94770431518555,,1,0,0,0,0,33.7243423461914,2,1,1,216.354034423828,0,217.166349622938,,,2.89028404941035E-5,1.42609281164833E-6,2.89052487097486E-5,1.42610042962912E-6,0.945084571838379,0.946519076824188,30.9409217834473,0,30,4,200,0.000751011539250612,-0.629064023494721,-0.490856170654297,1,,,,,,,,,,,,,,,,
,3952574709.66763,215.423454284668,1000.37896728516,,,6,,,,30.893837066867,,,1,,,,,,,,,,,,,,,,,,,,,,214.628128051758,216.284942626953,1000.37896728516,1000.37896728516,,,5.94555902481079,,1,0,0,0,0,32.2580642700195,2,1,1,214.561965942383,0,215.491926405165,,,2.95765988593814E-5,1.45736106170108E-6,2.95766603168002E-5,1.45736141200587E-6,0.982369065284729,0.98247355222702,30.90110206604,,30,4,200,0.00038486035191454,-0.630324721336365,-0.492394536733627,1,,,,,,,,,,,,,,,,
,3952574728.31306,212.187164306641,1000.37896728516,,,6,,,,30.8884181598211,,,1,,,,,,,,,,,,,,,,,,,,,,211.488693237305,212.959518432617,1000.37896728516,1000.37896728516,,,5.94116020202637,,1,0,0,0,0,31.2805480957031,2,1,1,211.414810180664,0,212.264019436306,,,2.97581940211451E-5,1.46758892872531E-6,2.97614927082337E-5,1.46759965295239E-6,0.954681634902954,0.957022249698639,30.9426918029785,0,30,4,200,0.000769898004364222,-0.6263307929039,-0.485047876834869,1,,,,,,,,,,,,,,,,
,3952574737.99098,210.652099609375,1000.37896728516,,,6,,,,30.8884181598211,,,1,,,,,,,,,,,,,,,,,,,,,,210.030822753906,211.414810180664,1000.37896728516,1000.37896728516,,,5.93942546844482,,1,0,0,0,0,31.7693061828613,2,1,1,209.889389038086,0,210.779174804687,,,3.05508909389015E-5,1.50530066349945E-6,3.05541001565095E-5,1.50531194315947E-6,0.985140800476074,0.994927704334259,30.9413146972656,5.56249189376831,30,4,200,-0.000488142773974687,-0.631593942642212,-0.487999737262726,1,,,,,,,,,,,,,,,,
,3952574756.55884,207.59676361084,1000.37896728516,,,6,,,,30.8831412271239,,,1,,,,,,,,,,,,,,,,,,,,,,206.769134521484,208.476547241211,1000.37896728516,1000.37896728516,,,5.9352593421936,,1,0,0,0,0,31.7693061828613,2,1,1,206.716979980469,0,207.602620442708,,,3.04894820365847E-5,1.50390197799558E-6,3.04919253376436E-5,1.50390907945617E-6,0.951180517673492,0.952746748924255,30.9294357299805,,30,4,200,0.00138076313305646,-0.622306227684021,-0.478317260742188,1,,,,,,,,,,,,,,,,
,3952574766.32522,205.894844055176,1000.37896728516,,,6,,,,30.8831412271239,,,1,,,,,,,,,,,,,,,,,,,,,,205.231781005859,206.676498413086,1000.37896728516,1000.37896728516,,,5.93304824829102,,1,0,0,0,0,30.3030319213867,2,1,1,205.113189697266,0,206.030824449327,,,3.13744018566553E-5,1.54587207507891E-6,3.1377735584337E-5,1.54588248150847E-6,0.985338032245636,0.996005237102509,30.9365634918213,,30,4,200,0.000236596650211141,-0.622723698616028,-0.476030856370926,1,,,,,,,,,,,,,,,,
,3952574785.53528,202.698936462402,1000.37896728516,,,6,,,,30.8777032702022,,,1,,,,,,,,,,,,,,,,,,,,,,201.898406982422,203.582260131836,1000.37896728516,1000.37896728516,,,5.92831707000732,,1,0,0,0,0,34.7018585205078,2,1,1,201.815612792969,0,202.803244696723,,,3.20416374847238E-5,1.57874342859656E-6,3.20449736695012E-5,1.57875554866715E-6,0.985532283782959,0.995942711830139,30.9302978515625,0.0654327794909477,30,4,200,-0.000296612619422376,-0.624480843544006,-0.474905014038086,1,,,,,,,,,,,,,,,,
,3952574795.36312,200.942001342773,1000.37896728516,,,6,,,,30.8777032702022,,,1,,,,,,,,,,,,,,,,,,,,,,200.26203918457,201.815612792969,1000.37896728516,1000.37896728516,,,5.9263596534729,,1,0,0,0,0,31.7693061828613,2,1,1,200.068389892578,0,201.044035169813,,,3.22890462180116E-5,1.59091770165625E-6,3.22920669304875E-5,1.59092837457992E-6,0.986255049705505,0.996093213558197,30.9276103973389,0,30,4,200,-0.000486743461806327,-0.629396915435791,-0.477841228246689,1,,,,,,,,,,,,,,,,
,3952574813.93422,197.784843444824,1000.37896728516,,,6,,,,30.8724793711589,,,1,,,,,,,,,,,,,,,,,,,,,,197.005859375,198.603790283203,1000.37896728516,1000.37896728516,,,5.9213809967041,,1,0,0,0,0,31.7693061828613,2,1,1,196.965896606445,0,197.794715033637,,,3.2676925888785E-5,1.61030536361863E-6,3.26804754303064E-5,1.61031531150027E-6,0.976919293403625,0.981891334056854,30.9265785217285,0,30,4,200,0.000304531888104975,-0.634214699268341,-0.48174449801445,1,,,,,,,,,,,,,,,,
,3952574823.64342,196.218368530273,1000.37896728516,,,6,,,,30.8724793711589,,,1,,,,,,,,,,,,,,,,,,,,,,195.521789550781,196.930267333984,1000.37896728516,1000.37896728516,,,5.91914844512939,,1,0,0,0,0,31.7693061828613,2,1,1,195.506469726562,0,196.289966159397,,,3.32081594382359E-5,1.63613260201255E-6,3.32094746884092E-5,1.63613653057429E-6,0.98986005783081,0.994669497013092,30.905158996582,0,30,4,200,3.36873417836614E-5,-0.63629674911499,-0.482719093561172,1,,,,,,,,,,,,,,,,
,3952574841.90501,193.293327331543,1000.37896728516,,,6,,,,30.8674091662337,,,1,,,,,,,,,,,,,,,,,,,,,,192.618103027344,194.079650878906,1000.37896728516,1000.37896728516,,,5.91478681564331,,1,0,0,0,0,31.7693061828613,2,1,1,192.50700378418,0,193.410614013672,,,3.36100178237932E-5,1.65630132905881E-6,3.36131968834181E-5,1.65631073254502E-6,0.97656637430191,0.980728030204773,30.9178028106689,0.186636492609978,30,4,200,0.000544591923244298,-0.634348750114441,-0.477575808763504,1,,,,,,,,,,,,,,,,
,3952574851.96623,191.67748260498,1000.37896728516,,,6,,,,30.8674091662337,,,1,,,,,,,,,,,,,,,,,,,,,,190.91845703125,192.50700378418,1000.37896728516,1000.37896728516,,,5.91193723678589,,1,0,0,0,0.0141143798828125,31.7693061828613,2,1,1,190.847961425781,0,191.713314480252,,,3.39032033035006E-5,1.67060819172545E-6,3.3904222162192E-5,1.67061201891174E-6,0.980496764183044,0.981975734233856,30.8956203460693,0.0672217532992363,30,4,200,0.00083010911475867,-0.630386710166931,-0.47282350063324,1,,,,,,,,,,,,,,,,
,3952574861.9335,190.013519287109,1000.37896728516,,,6,,,,30.8674091662337,,,1,,,,,,,,,,,,,,,,,,,,,,189.321334838867,190.847961425781,1000.37896728516,1000.37896728516,,,5.90952348709106,,1,0,0,0,0.0141143798828125,32.2580642700195,2,1,1,189.179077148438,0,190.143271552192,,,3.41900693395583E-5,1.68482131306781E-6,3.4190810774189E-5,1.68482479743259E-6,0.978276550769806,0.979198753833771,30.8911209106445,6.47795445729571E-7,30,4,200,0.000923839921597391,-0.626083254814148,-0.466738104820251,1,,,,,,,,,,,,,,,,
,3952574880.46578,186.944702148438,1000.37896728516,,,6,,,,30.8607296368178,,,1,,,,,,,,,,,,,,,,,,,,,,186.272323608398,187.789520263672,1000.37896728516,1000.37896728516,,,5.9049825668335,,1,0,0,0,0,31.7693061828613,2,1,1,186.099884033203,0,187.019070095486,,,3.50439213226089E-5,1.72680475416352E-6,3.50452381649967E-5,1.72680963114855E-6,0.980899333953857,0.982814073562622,30.8922748565674,2.7169913664693E-5,30,4,200,0.000637090939562768,-0.623589634895325,-0.460944771766663,1,,,,,,,,,,,,,,,,
,3952574890.15622,185.281028747559,1000.37896728516,,,6,,,,30.8607296368178,,,1,,,,,,,,,,,,,,,,,,,,,,184.551315307617,186.099884033203,1000.37896728516,1000.37896728516,,,5.90234231948852,,1,0,0,0,0,31.7693061828613,2,1,1,184.462173461914,0,185.374304877387,,,3.53951313396417E-5,1.74400159150168E-6,3.53961001554945E-5,1.74400640402805E-6,0.984510183334351,0.986189782619476,30.8872947692871,INF,30,4,200,0.000539463246241212,-0.622268915176392,-0.457806944847107,1,,,,,,,,,,,,,,,,
,3952574900.15724,183.638519287109,1000.37896728516,,,6,,,,30.8607296368178,,,1,,,,,,,,,,,,,,,,,,,,,,182.893417358398,184.462173461914,1000.37896728516,1000.37896728516,,,5.89974164962769,,1,0,0,0,0,31.7693061828613,2,1,1,182.814865112305,0,183.727270507813,,,3.55573754143402E-5,1.7524278831155E-6,3.55592272937025E-5,1.75243276582249E-6,0.972938716411591,0.974824726581574,30.8982620239258,0,30,4,200,0.00102375610731542,-0.617167115211487,-0.451234400272369,1,,,,,,,,,,,,,,,,
,3952574919.00712,180.444732666016,1000.37896728516,,,6,,,,30.8539773581558,,,1,,,,,,,,,,,,,,,,,,,,,,179.802230834961,181.203018188477,1000.37896728516,1000.37896728516,,,5.89510297775269,,1,0,0,0,0,31.7693061828613,2,1,1,179.686447143555,0,180.551495022244,,,3.64755978277287E-5,1.79767748059754E-6,3.64793366116257E-5,1.79768695898591E-6,0.97303980588913,0.976923406124115,30.9066371917725,0,30,4,200,0.000787665776442736,-0.616014719009399,-0.446239113807678,1,,,,,,,,,,,,,,,,
,3952574928.82419,178.892349243164,1000.37896728516,,,6,,,,30.8539773581558,,,1,,,,,,,,,,,,,,,,,,,,,,178.342254638672,179.655578613281,1000.37896728516,1000.37896728516,,,5.89283800125122,,1,0,0,0,0.0141143798828125,31.7693061828613,2,1,1,178.129119873047,0,179.036168416341,,,3.72021002395572E-5,1.83297426084606E-6,3.72053010384504E-5,1.83298544209591E-6,0.986860573291779,0.996423721313477,30.9018402099609,0,30,4,200,-0.000269045092863962,-0.61870002746582,-0.446061909198761,1,,,,,,,,,,,,,,,,
,3952574938.55701,177.30835723877,1000.37896728516,,,6,,,,30.8539773581558,,,1,,,,,,,,,,,,,,,,,,,,,,176.58837890625,178.129119873047,1000.37896728516,1000.37896728516,,,5.88990497589111,,1,0,0,0,0,31.7693061828613,2,1,1,176.487594604492,0,177.327487521701,,,3.71167899306476E-5,1.8292494956499E-6,3.71189962822649E-5,1.82925715643493E-6,0.97361558675766,0.975798726081848,30.8936977386475,5.35835886001587,30,4,200,0.000957339711021632,-0.614847481250763,-0.441727966070175,1,,,,,,,,,,,,,,,,
,3952574956.74743,174.271118164062,1000.37896728516,,,6,,,,30.8473814803952,,,1,,,,,,,,,,,,,,,,,,,,,,173.523178100586,175.099639892578,1000.37896728516,1000.37896728516,,,5.8850245475769,,1,0,0,0,0,31.7693061828613,2,1,1,173.442596435547,0,174.357403225369,,,3.81001077223386E-5,1.87759440093829E-6,3.81037200613355E-5,1.87760552261666E-6,0.976089239120483,0.980149447917938,30.897741317749,0,30,4,200,0.00055775057990104,-0.614057421684265,-0.436574757099152,1,,,,,,,,,,,,,,,,
,3952574966.78128,172.560020446777,1000.37896728516,,,6,,,,30.8473814803952,,,1,,,,,,,,,,,,,,,,,,,,,,171.734161376953,173.442596435547,1000.37896728516,1000.37896728516,,,5.88256502151489,,1,0,0,0,0,31.7693061828613,2,1,1,171.677444458008,0,172.630543518066,,,3.85637909915985E-5,1.90016606559431E-6,3.85656766845445E-5,1.90017434985029E-6,0.983323037624359,0.986249804496765,30.8830966949463,0,30,4,200,0.000608127564191818,-0.61232316493988,-0.433295577764511,1,,,,,,,,,,,,,,,,
,3952574976.81669,170.902870178223,1000.37896728516,,,6,,,,30.8473814803952,,,1,,,,,,,,,,,,,,,,,,,,,,170.285980224609,171.677444458008,1000.37896728516,1000.37896728516,,,5.88015556335449,,1,0,0,0,0.0128173828125,31.7693061828613,2,1,1,170.128295898438,0,170.983829074436,,,3.91055573651619E-5,1.92671962948747E-6,3.91061149508645E-5,1.92672272310495E-6,0.988499820232391,0.989658236503601,30.8664264678955,,30,4,200,0.000547984091099352,-0.611400723457336,-0.430232465267181,1,,,,,,,,,,,,,,,,
,3952574995.35408,167.960037231445,1000.37896728516,,,6,,,,30.8408418611637,,,1,,,,,,,,,,,,,,,,,,,,,,167.174362182617,168.745712280273,1000.37896728516,1000.37896728516,,,5.87528085708618,,1,0,0,0,0,31.2805480957031,2,1,1,167.174362182617,0,167.966323852539,,,3.9938168419452E-5,1.96809378543008E-6,3.99423144710274E-5,1.96810599488504E-6,0.977876961231232,0.982844829559326,30.8936367034912,2.64355094259372E-7,30,4,200,0.000676394207403064,-0.608760416507721,-0.423041015863419,1,,,,,,,,,,,,,,,,
,3952575005.10904,166.366744995117,1000.37896728516,,,6,,,,30.8408418611637,,,1,,,,,,,,,,,,,,,,,,,,,,165.66047668457,167.13459777832,1000.37896728516,1000.37896728516,,,5.87247085571289,,1,0,0,0,0,32.2580642700195,2,1,1,165.568359375,0,166.413099500868,,,4.04510249331528E-5,1.9930322690162E-6,4.04521220766514E-5,1.99303614732058E-6,0.987600147724152,0.98983097076416,30.8677101135254,0,30,4,200,0.000535305065568537,-0.606355726718903,-0.418924748897553,1,,,,,,,,,,,,,,,,
,3952575015.07372,164.706321716309,1000.37896728516,,,6,,,,30.8408418611637,,,1,,,,,,,,,,,,,,,,,,,,,,163.905410766602,165.568359375,1000.37896728516,1000.37896728516,,,5.87006950378418,,1,0,0,0,0.0128173828125,31.7693061828613,2,1,1,163.844284057617,0,164.748458862305,,,4.06794283714424E-5,2.00473644910639E-6,4.06809586759351E-5,2.00474205403927E-6,0.975432991981506,0.976893007755279,30.8723831176758,0,30,4,200,0.0011086113518104,-0.600557446479797,-0.410532861948013,1,,,,,,,,,,,,,,,,
,3952575033.8713,161.403099060059,1000.37896728516,,,6,,,,30.8343197649737,,,1,,,,,,,,,,,,,,,,,,,,,,160.634429931641,162.25422668457,1000.37896728516,1000.37896728516,,,5.86519861221314,,1,0,0,0,0.0128173828125,31.7693061828613,2,1,1,160.551971435547,0,161.486145019531,,,4.18982506395563E-5,2.06475934618999E-6,4.19028701342878E-5,2.0647730964256E-6,0.976279020309448,0.981142580509186,30.8886833190918,0,30,4,200,0.000709709245711565,-0.59835296869278,-0.403378665447235,1,,,,,,,,,,,,,,,,
,3952575043.57262,159.771774291992,1000.37896728516,,,6,,,,30.8343197649737,,,1,,,,,,,,,,,,,,,,,,,,,,158.991577148438,160.551971435547,1000.37896728516,1000.37896728516,,,5.86226797103882,,1,0,0,0,0,31.7693061828613,2,1,1,158.991577148438,0,159.801205444336,,,4.25765776856095E-5,2.09768226984389E-6,4.25780274666925E-5,2.09768778077252E-6,0.991017282009125,0.995775640010834,30.864330291748,0,30,4,200,-0.00011081864067819,-0.599968314170837,-0.40230068564415,1,,,,,,,,,,,,,,,,
,3952575053.28241,158.160911560059,1000.37896728516,,,6,,,,30.8343197649737,,,1,,,,,,,,,,,,,,,,,,,,,,157.488662719727,158.937698364258,1000.37896728516,1000.37896728516,,,5.85970687866211,,1,0,0,0,0,31.7693061828613,2,1,1,157.384124755859,0,158.211961534288,,,4.26641161201217E-5,2.10247785053764E-6,4.26669192849642E-5,2.10248834896692E-6,0.976758122444153,0.979534685611725,30.8759498596191,5.55661296844482,30,4,200,0.000991062144748867,-0.595840692520142,-0.396900415420532,1,,,,,,,,,,,,,,,,
,3952575071.56453,155.22632598877,1000.37896728516,,,6,,,,30.8279881755672,,,1,,,,,,,,,,,,,,,,,,,,,,154.532333374023,155.967758178711,1000.37896728516,1000.37896728516,,,5.85508298873901,,1,0,0,0,0,32.2580642700195,2,1,1,154.484893798828,0,155.258387247721,,,4.39387515102034E-5,2.16508050871409E-6,4.39421842416517E-5,2.16509260718661E-6,0.981415510177612,0.985845327377319,30.8735179901123,5.55639410018921,30,4,200,0.000739021401386708,-0.595257639884949,-0.391151696443558,1,,,,,,,,,,,,,,,,
,3952575081.53042,153.622428894043,1000.37896728516,,,6,,,,30.8279881755672,,,1,,,,,,,,,,,,,,,,,,,,,,152.78352355957,154.461334228516,1000.37896728516,1000.37896728516,,,5.85194635391235,,1,0,0,0,0,31.7693061828613,2,1,1,152.78352355957,0,153.65233001709,,,4.43860385063463E-5,2.18705709003866E-6,4.43879398736322E-5,2.18706548802383E-6,0.98306542634964,0.985549867153168,30.8613948822022,,30,4,200,0.0008269899408333,-0.591261565685272,-0.385023891925812,1,,,,,,,,,,,,,,,,
,3952575091.51665,151.943222045898,1000.37896728516,,,6,,,,30.8279881755672,,,1,,,,,,,,,,,,,,,,,,,,,,151.266143798828,152.748504638672,1000.37896728516,1000.37896728516,,,5.84956502914429,,1,0,0,0,0.0128173828125,32.2580642700195,2,1,1,151.137939453125,0,152.016074286567,,,4.48500595929976E-5,2.21027055098689E-6,4.48529466724093E-5,2.21028149299026E-6,0.975437104701996,0.977987229824066,30.8691635131836,,30,4,200,0.00109197245910764,-0.585877299308777,-0.376313418149948,1,,,,,,,,,,,,,,,,
,3952575110.11305,148.763931274414,1000.37896728516,,,6,,,,30.8216361792782,,,1,,,,,,,,,,,,,,,,,,,,,,148.146926879883,149.573989868164,1000.37896728516,1000.37896728516,,,5.84441232681274,,1,0,0,0,0.0141143798828125,31.7693061828613,2,1,1,147.953872680664,0,148.926674736871,,,4.6234585458905E-5,2.27836934691372E-6,4.62390277363841E-5,2.27838345866596E-6,0.977926194667816,0.982462644577026,30.8722724914551,0,30,4,200,0.00052189826965332,-0.586304485797882,-0.371813625097275,1,,,,,,,,,,,,,,,,
,3952575119.92189,147.141700744629,1000.37896728516,,,6,,,,30.8216361792782,,,1,,,,,,,,,,,,,,,,,,,,,,146.473220825195,147.935668945313,1000.37896728516,1000.37896728516,,,5.84141063690186,,1,0,0,0,0,31.7693061828613,2,1,1,146.347732543945,0,147.206831190321,,,4.68932440362798E-5,2.3104044395732E-6,4.6893929622154E-5,2.31040795772323E-6,0.988979041576386,0.990239381790161,30.8410110473633,3.98544907569885,30,4,200,0.000566618284210563,-0.5857093334198,-0.368543952703476,1,,,,,,,,,,,,,,,,
,3952575129.87731,145.473739624023,1000.37896728516,,,6,,,,30.8216361792782,,,1,,,,,,,,,,,,,,,,,,,,,,144.66862487793,146.347732543945,1000.37896728516,1000.37896728516,,,5.83869361877441,,1,0,0,0,0,31.7693061828613,2,1,1,144.599746704102,0,145.497395324707,,,4.73371721187156E-5,2.3328178258632E-6,4.73415380360614E-5,2.33283170868251E-6,0.975807547569275,0.979682207107544,30.8712291717529,5.35824394226074,30,4,200,0.00100771023426205,-0.578809857368469,-0.357903838157654,1,,,,,,,,,,,,,,,,
,3952575148.70085,142.280014038086,1000.37896728516,,,6,,,,30.8153484982263,,,1,,,,,,,,,,,,,,,,,,,,,,141.562133789062,143.18229675293,1000.37896728516,1000.37896728516,,,5.83362913131714,,1,0,0,0,0.0128173828125,31.7693061828613,2,1,1,141.377731323242,0,142.366338094076,,,4.88754854955708E-5,2.4085219478142E-6,4.88797580966128E-5,2.40853554307422E-6,0.977680623531342,0.981705665588379,30.8636474609375,0,30,4,200,0.000771917519159615,-0.581192076206207,-0.35390317440033,1,,,,,,,,,,,,,,,,
,3952575158.31568,140.563194274902,1000.37896728516,,,6,,,,30.8153484982263,,,1,,,,,,,,,,,,,,,,,,,,,,139.947067260742,141.377731323242,1000.37896728516,1000.37896728516,,,5.83073091506958,,1,0,0,0,0,32.2580642700195,2,1,1,139.748657226562,0,140.699191623264,,,4.94727047205769E-5,2.43745062851385E-6,4.94739896650467E-5,2.43745607779163E-6,0.990744531154633,0.993819952011108,30.8414154052734,0,30,4,200,0.000294485740596429,-0.580031096935272,-0.350275337696075,1,,,,,,,,,,,,,,,,
,3952575168.13285,138.958953857422,1000.37896728516,,,6,,,,30.8153484982263,,,1,,,,,,,,,,,,,,,,,,,,,,138.306991577148,139.700088500977,1000.37896728516,1000.37896728516,,,5.82775783538818,,1,0,0,0,0.0128173828125,32.2580642700195,2,1,1,138.217819213867,0,139.065539889865,,,5.00083486611594E-5,2.46408369579676E-6,5.00100772593952E-5,2.46408990795345E-6,0.983133375644684,0.985153734683991,30.8456134796143,1.74160061305884E-6,30,4,200,0.000535437779035419,-0.579634010791779,-0.346516072750092,1,,,,,,,,,,,,,,,,
,3952575186.99907,135.9892578125,1000.37896728516,,,6,,,,30.8092826964016,,,1,,,,,,,,,,,,,,,,,,,,,,135.317733764648,136.884155273438,1000.37896728516,1000.37896728516,,,5.82228755950928,,1,0,0,0,0.0128173828125,31.7693061828613,2,1,1,135.094360351562,0,136.062088012695,,,5.17579699950889E-5,2.55035559114428E-6,5.1761729792144E-5,2.55037034944352E-6,0.981788158416748,0.98592871427536,30.8529758453369,0,30,4,200,0.000590565148741007,-0.575886607170105,-0.335315972566605,1,,,,,,,,,,,,,,,,
,3952575197.22908,134.150230407715,1000.37896728516,,,6,,,,30.8092826964016,,,1,,,,,,,,,,,,,,,,,,,,,,133.351333618164,135.059463500977,1000.37896728516,1000.37896728516,,,5.8198823928833,,1,0,0,0,0,31.7693061828613,2,1,1,133.240997314453,0,134.24447801378,,,5.23000026542965E-5,2.57704897542998E-6,5.23024552430907E-5,2.5770599269391E-6,0.982110440731049,0.984677731990814,30.8441867828369,0,30,4,200,0.000768080935813487,-0.572415232658386,-0.329759746789932,1,,,,,,,,,,,,,,,,
,3952575206.91607,132.461853027344,1000.37896728516,,,6,,,,30.8092826964016,,,1,,,,,,,,,,,,,,,,,,,,,,131.741165161133,133.240997314453,1000.37896728516,1000.37896728516,,,5.81660652160644,,1,0,0,0,0.0141143798828125,31.7693061828613,2,1,1,131.682708740234,0,132.531650119358,,,5.29976622052233E-5,2.61124713556841E-6,5.30003093319279E-5,2.61125857996361E-6,0.986469149589539,0.990409970283508,30.8454036712646,5.35937070846558,30,4,200,0.00135430635418743,-0.570540428161621,-0.320768594741821,1,,,,,,,,,,,,,,,,
,3952575225.19466,129.462554931641,1000.37896728516,,,6,,,,30.8031283217176,,,1,,,,,,,,,,,,,,,,,,,,,,128.64924621582,130.307281494141,1000.37896728516,1000.37896728516,,,5.81077194213867,,1,0,0,0,0.0141143798828125,31.7693061828613,2,1,1,128.617828369141,0,129.478993733724,,,5.50494174575749E-5,2.71225412443328E-6,5.50523789561952E-5,2.71226446368258E-6,0.988996088504791,0.995403707027435,30.8409671783447,0,30,4,200,-0.000998616451397538,-0.582748413085938,-0.323237925767899,1,,,,,,,,,,,,,,,,
,3952575235.36154,127.748397827148,1000.37896728516,,,6,,,,30.8031283217176,,,1,,,,,,,,,,,,,,,,,,,,,,126.973831176758,128.559478759766,1000.37896728516,1000.37896728516,,,5.80763721466065,,1,0,0,0,0.0128173828125,31.7693061828613,2,1,1,126.937316894531,0,127.806800079346,,,5.55980542609736E-5,2.73932139715612E-6,5.56009685354268E-5,2.73933238314155E-6,0.987844288349152,0.992861330509186,30.8403377532959,0,30,4,200,-9.11238021217287E-6,-0.588483333587646,-0.33109775185585,1,,,,,,,,,,,,,,,,
,3952575245.40522,126.15896987915,1000.37896728516,,,6,,,,30.8031283217176,,,1,,,,,,,,,,,,,,,,,,,,,,125.539222717285,126.907806396484,1000.37896728516,1000.37896728516,,,5.80412530899048,,1,0,0,0,0.0141143798828125,32.2580642700195,2,1,1,125.410133361816,0,126.240439520942,,,5.63710035488258E-5,2.77745550597507E-6,5.63735486922386E-5,2.77746465357167E-6,0.986433506011963,0.989982485771179,30.8377151489258,0.0866926833987236,30,4,200,0.000602366984821856,-0.588152408599854,-0.326512306928635,1,,,,,,,,,,,,,,,,
,3952575264.06459,122.941600799561,1000.37896728516,,,6,,,,30.7972183628052,,,1,,,,,,,,,,,,,,,,,,,,,,122.185539245605,123.697662353516,1000.37896728516,1000.37896728516,,,5.79816150665283,,1,0,0,0,0.0141143798828125,32.2580642700195,2,1,1,122.185539245605,0,122.983562469482,,,5.8401304070165E-5,2.87747188596549E-6,5.84050737123701E-5,2.87748701847094E-6,0.986926555633545,0.992764294147491,30.8383941650391,0,30,4,200,0.000375861505744979,-0.594775855541229,-0.323067009449005,1,,,,,,,,,,,,,,,,
,3952575273.84762,121.385555267334,1000.37896728516,,,6,,,,30.7972183628052,,,1,,,,,,,,,,,,,,,,,,,,,,120.688301086426,122.144081115723,1000.37896728516,1000.37896728516,,,5.79527473449707,,1,0,0,0,0.0128173828125,31.7693061828613,2,1,1,120.627029418945,0,121.407631768121,,,5.91224254916882E-5,2.91308373517551E-6,5.9126018310026E-5,2.91309803056079E-6,0.984908938407898,0.989227831363678,30.8371658325195,0,30,4,200,0.000665639410726726,-0.590903162956238,-0.315509140491486,1,,,,,,,,,,,,,,,,
,3952575283.79106,119.643939971924,1000.37896728516,,,6,,,,30.7972183628052,,,1,,,,,,,,,,,,,,,,,,,,,,118.755737304687,120.596572875977,1000.37896728516,1000.37896728516,,,5.79194927215576,,1,0,0,0,0.0128173828125,32.2580642700195,2,1,1,118.691307067871,0,119.707129669189,,,6.00249097438529E-5,2.95747473329184E-6,6.00275937102495E-5,2.95748410234925E-6,0.986741185188294,0.99037104845047,30.8316745758057,5.55262756347656,30,4,200,0.000464365351945162,-0.588586032390594,-0.310295253992081,1,,,,,,,,,,,,,,,,
,3952575302.63311,116.345970153809,1000.37896728516,,,6,,,,30.7913721660403,,,1,,,,,,,,,,,,,,,,,,,,,,115.630500793457,117.131546020508,1000.37896728516,1000.37896728516,,,5.78538608551025,,1,0,0,0,0.0141143798828125,32.2580642700195,2,1,1,115.560394287109,0,116.369623819987,,,6.21649028189268E-5,3.06293802029383E-6,6.21684160851935E-5,3.0629498103571E-6,0.986180782318115,0.990744888782501,30.8301696777344,3.9816243648529,30,4,200,0.000412906490964815,-0.594637215137482,-0.305752485990524,1,,,,,,,,,,,,,,,,
,3952575312.36737,114.802543640137,1000.37896728516,,,6,,,,30.7913721660403,,,1,,,,,,,,,,,,,,,,,,,,,,114.188171386719,115.505599975586,1000.37896728516,1000.37896728516,,,5.78206777572632,,1,0,0,0,0.0128173828125,31.7693061828613,2,1,1,114.044692993164,0,114.897705078125,,,6.29625021128301E-5,3.10210917477174E-6,6.29645980201419E-5,3.1021169934902E-6,0.989548146724701,0.993092656135559,30.8210411071777,0.0915791690349579,30,4,200,0.000185957222129218,-0.59466952085495,-0.303693860769272,1,,,,,,,,,,,,,,,,
,3952575322.07435,113.230495452881,1000.37896728516,,,6,,,,30.7913721660403,,,1,,,,,,,,,,,,,,,,,,,,,,112.500495910645,114.018341064453,1000.37896728516,1000.37896728516,,,5.77843379974365,,1,0,0,0,0.0128173828125,31.7693061828613,2,1,1,112.442649841309,0,113.310459560818,,,6.40005546637556E-5,3.15344853656062E-6,6.40034236171341E-5,3.15345760434447E-6,0.984733641147614,0.987786173820496,30.825984954834,0,30,4,200,0.000676038966048509,-0.59276407957077,-0.294423520565033,1,,,,,,,,,,,,,,,,
,3952575340.34066,110.178539276123,1000.37896728516,,,6,,,,30.7857446909437,,,1,,,,,,,,,,,,,,,,,,,,,,109.40584564209,111.040863037109,1000.37896728516,1000.37896728516,,,5.77152347564697,,1,0,0,0,0.0128173828125,32.2580642700195,2,1,1,109.316215515137,0,110.200991312663,,,6.63077047702681E-5,3.26698747450701E-6,6.63109371597096E-5,3.26700007280631E-6,0.987856090068817,0.99240380525589,30.8215770721436,0,30,4,200,0.000243160349782556,-0.600999534130096,-0.294062077999115,1,,,,,,,,,,,,,,,,
,3952575350.40301,108.480472564697,1000.37896728516,,,6,,,,30.7857446909437,,,1,,,,,,,,,,,,,,,,,,,,,,107.711540222168,109.316215515137,1000.37896728516,1000.37896728516,,,5.76771783828735,,1,0,0,0,0.0141143798828125,32.2580642700195,2,1,1,107.644729614258,0,108.513368988037,,,6.73573285521835E-5,3.31873301372472E-6,6.73600325827135E-5,3.31874401847602E-6,0.987119913101196,0.990395307540894,30.818187713623,0,30,4,200,0.00048366968985647,-0.599984049797058,-0.287565767765045,1,,,,,,,,,,,,,,,,
,3952575360.43179,106.768444061279,1000.37896728516,,,6,,,,30.7857446909437,,,1,,,,,,,,,,,,,,,,,,,,,,106.027587890625,107.644729614258,1000.37896728516,1000.37896728516,,,5.764235496521,,1,0,0,0,0.0128173828125,31.7693061828613,2,1,1,105.892158508301,0,106.875375535753,,,6.83703458775751E-5,3.36864606487972E-6,6.83726338233675E-5,3.36865645444358E-6,0.987073123455048,0.989687204360962,30.8152084350586,0,30,4,200,0.000457073125289753,-0.598505735397339,-0.281876415014267,1,,,,,,,,,,,,,,,,
,3952575378.96895,103.755947113037,1000.37896728516,,,6,,,,30.78021297932,,,1,,,,,,,,,,,,,,,,,,,,,,103.148620605469,104.535133361816,1000.37896728516,1000.37896728516,,,5.75633239746094,,1,0,0,0,0,32.2580642700195,2,1,1,102.976760864258,0,103.845059712728,,,7.09887283392321E-5,3.49757608423187E-6,7.09915787470769E-5,3.49758698106169E-6,0.988977551460266,0.993113279342651,30.8127574920654,6.92499770593713E-6,30,4,200,-0.000223238777834922,-0.607034265995026,-0.279302656650543,1,,,,,,,,,,,,,,,,
,3952575388.66036,102.144298553467,1000.37896728516,,,6,,,,30.78021297932,,,1,,,,,,,,,,,,,,,,,,,,,,101.411506652832,102.935493469238,1000.37896728516,1000.37896728516,,,5.75261735916138,,1,0,0,0,0,31.7693061828613,2,1,1,101.353103637695,0,102.199849446615,,,7.20530554427564E-5,3.55003121468356E-6,7.20553000963808E-5,3.5500406978417E-6,0.988554179668426,0.991394758224487,30.8087463378906,0,30,4,200,0.000217810418689623,-0.609375357627869,-0.276615291833878,1,,,,,,,,,,,,,,,,
,3952575398.63532,100.376567840576,1000.37896728516,,,6,,,,30.78021297932,,,1,,,,,,,,,,,,,,,,,,,,,,99.5351104736328,101.319595336914,1000.37896728516,1000.37896728516,,,5.74832582473755,,1,0,0,0,0,31.7693061828613,2,1,1,99.4335403442383,0,100.427855682373,,,7.34082084423661E-5,3.61677977559688E-6,7.34102294764018E-5,3.61678894546644E-6,0.989031493663788,0.99161422252655,30.8069458007812,0,30,4,200,0.000300747691653669,-0.609792292118072,-0.269621819257736,1,,,,,,,,,,,,,,,,
,3952575417.49432,97.3423233032227,1000.37896728516,,,6,,,,30.7748035711642,,,1,,,,,,,,,,,,,,,,,,,,,,96.6655654907227,98.1358795166016,1000.37896728516,1000.37896728516,,,5.74016237258911,,1,0,0,0,0.0141143798828125,32.2580642700195,2,1,1,96.5487670898438,0,97.4063754611545,,,7.62214333679795E-5,3.75533439148465E-6,7.62235573704023E-5,3.7553428474406E-6,0.990361571311951,0.993544459342957,30.8018703460693,0,30,4,200,0.000198531677597202,-0.617046773433685,-0.264696896076202,1,,,,,,,,,,,,,,,,
,3952575427.29016,95.7602195739746,1000.37896728516,,,6,,,,30.7748035711642,,,1,,,,,,,,,,,,,,,,,,,,,,95.1533432006836,96.5487670898438,1000.37896728516,1000.37896728516,,,5.73609113693237,,1,0,0,0,0.0141143798828125,32.2580642700195,2,1,1,94.9716720581055,0,95.8277723524306,,,7.73530241098544E-5,3.81115496068431E-6,7.73550515101785E-5,3.81116197935181E-6,0.988656342029572,0.991058647632599,30.8011932373047,2.84374782495433E-5,30,4,200,0.000311982614221051,-0.618090927600861,-0.260571509599686,1,,,,,,,,,,,,,,,,
,3952575437.03239,94.1897811889648,1000.37896728516,,,6,,,,30.7748035711642,,,1,,,,,,,,,,,,,,,,,,,,,,93.5195541381836,94.9348754882813,1000.37896728516,1000.37896728516,,,5.73127746582031,,1,0,0,0,0,31.7693061828613,2,1,1,93.4446868896484,0,94.2453859117296,,,7.88543880068599E-5,3.88510119505784E-6,7.88558104645501E-5,3.88510723820248E-6,0.989253103733063,0.990915298461914,30.7965106964111,0.186495810747147,30,4,200,0.000138789400807582,-0.618837118148804,-0.255007117986679,1,,,,,,,,,,,,,,,,
,3952575455.27287,91.0131683349609,1000.37896728516,,,6,,,,30.7696219227081,,,1,,,,,,,,,,,,,,,,,,,,,,90.3378677368164,91.792350769043,1000.37896728516,1000.37896728516,,,5.72254037857056,,1,0,0,0,0,31.7693061828613,2,1,1,90.2339859008789,0,91.0699929131402,,,8.19317362993039E-5,4.03663414969106E-6,8.19336191230053E-5,4.03664176874924E-6,0.991453289985657,0.99444454908371,30.7941856384277,0,30,4,200,-9.31085232878104E-5,-0.631675481796265,-0.253591448068619,1,,,,,,,,,,,,,,,,
,3952575465.27171,89.386775970459,1000.37896728516,,,6,,,,30.7696219227081,,,1,,,,,,,,,,,,,,,,,,,,,,88.597297668457,90.2339859008789,1000.37896728516,1000.37896728516,,,5.71836709976196,,1,0,0,0,0.0141143798828125,31.7693061828613,2,1,1,88.5395660400391,0,89.3695755004883,,,8.32759554546407E-5,4.1029174643649E-6,8.32777476467479E-5,4.10292536833688E-6,0.990000367164612,0.99220210313797,30.7932891845703,0,30,4,200,0.000157333764946088,-0.634338557720184,-0.249167397618294,1,,,,,,,,,,,,,,,,
,3952575475.26423,87.7243995666504,1000.37896728516,,,6,,,,30.7696219227081,,,1,,,,,,,,,,,,,,,,,,,,,,87.0811080932617,88.5042114257812,1000.37896728516,1000.37896728516,,,5.71337604522705,,1,0,0,0,0.0130462646484375,31.7693061828613,2,1,1,86.9445877075195,0,87.8474968804254,,,8.48713084652051E-5,4.1814705372093E-6,8.48725926264128E-5,4.1814759947017E-6,0.991230249404907,0.992981493473053,30.7895069122314,0,30,4,200,0.000422142678871751,-0.633025109767914,-0.239207863807678,1,,,,,,,,,,,,,,,,
,3952575493.81593,84.691764831543,1000.37896728516,,,6,,,,30.7646097469813,,,1,,,,,,,,,,,,,,,,,,,,,,84.0063400268555,85.5181884765625,1000.37896728516,1000.37896728516,,,5.70339822769165,,1,0,0,0,0,32.2580642700195,2,1,1,83.8354644775391,0,84.8459726969401,,,8.83429459568139E-5,4.352482024259E-6,8.83445854251926E-5,4.35248925724082E-6,0.992066621780396,0.994601130485535,30.7865962982178,0,30,4,200,-0.000193610569112934,-0.644989669322968,-0.236664742231369,1,,,,,,,,,,,,,,,,
,3952575503.58731,82.9789772033691,1000.37896728516,,,6,,,,30.7646097469813,,,1,,,,,,,,,,,,,,,,,,,,,,82.2592468261719,83.7964172363281,1000.37896728516,1000.37896728516,,,5.69768905639648,,1,0,0,0,0,32.2580642700195,2,1,1,82.1615371704102,0,83.0048107571072,,,8.98978677987582E-5,4.42908475698212E-6,8.9898994405426E-5,4.42909064802601E-6,0.992201626300812,0.99380224943161,30.7825107574463,0,30,4,200,0.000214124956983142,-0.646786212921143,-0.23105962574482,1,,,,,,,,,,,,,,,,
,3952575513.52868,81.3225593566895,1000.37896728516,,,6,,,,30.7646097469813,,,1,,,,,,,,,,,,,,,,,,,,,,80.5463943481445,82.1615371704102,1000.37896728516,1000.37896728516,,,5.69219017028809,,1,0,0,0,0,32.2580642700195,2,1,1,80.4835815429688,0,81.3501113891602,,,9.16909480906821E-5,4.51741838609977E-6,9.16919869566996E-5,4.51742267089726E-6,0.992419183254242,0.993941366672516,30.7818431854248,0,30,4,200,-1.43308152473765E-5,-0.650054335594177,-0.227075651288033,1,,,,,,,,,,,,,,,,
,3952575523.46628,79.6494483947754,1000.37896728516,,,6,,,,30.7646097469813,,,1,,,,,,,,,,,,,,,,,,,,,,78.9642333984375,80.4835815429688,1000.37896728516,1000.37896728516,,,5.68641901016235,,1,0,0,0,0,31.7693061828613,2,1,1,78.815315246582,0,79.7411431206597,,,9.36142439132736E-5,4.61213501741158E-6,9.36151281089706E-5,4.61213958607079E-6,0.993622362613678,0.995124995708466,30.7801685333252,0,30,4,200,-0.00113254319876432,-0.666291356086731,-0.22804719209671,1,,,,,,,,,,,,,,,,
,3952575542.06115,76.2745399475098,1000.37896728516,,,6,,,,30.7584586825396,,,1,,,,,,,,,,,,,,,,,,,,,,75.4397277832031,77.1093521118164,1000.37896728516,1000.37896728516,,,5.67503643035889,,1,0,0,0,0,31.7693061828613,2,1,1,75.4397277832031,0,76.269319152832,,,9.74678203622633E-5,4.80202667017642E-6,9.74692222001667E-5,4.80203318347033E-6,0.992631196975708,0.994685113430023,30.7777652740479,0,30,4,200,-0.000360199308488518,-0.693185865879059,-0.242126911878586,1,,,,,,,,,,,,,,,,
,3952575551.80033,74.652156829834,1000.37896728516,,,6,,,,30.7584586825396,,,1,,,,,,,,,,,,,,,,,,,,,,73.9843139648438,75.4004974365234,1000.37896728516,1000.37896728516,,,5.66871356964111,,1,0,0,0,0.0141143798828125,32.7468223571777,2,1,1,73.9038162231445,0,74.739995320638,,,9.92564826352056E-5,4.89011022308475E-6,9.92573878661934E-5,4.8901159833116E-6,0.993773758411407,0.995216488838196,30.7735328674316,0,30,4,200,0.000510322919581085,-0.694428205490112,-0.233016178011894,1,,,,,,,,,,,,,,,,
,3952575561.70999,73.0792846679688,1000.37896728516,,,6,,,,30.7584586825396,,,1,,,,,,,,,,,,,,,,,,,,,,72.4801330566406,73.9038162231445,1000.37896728516,1000.37896728516,,,5.66222333908081,,1,0,0,0,0,31.7693061828613,2,1,1,72.254753112793,0,73.2238693237305,,,0.000101159425199671,4.98385578727798E-6,0.000101160195235495,4.98386101219887E-6,0.994019985198975,0.995242476463318,30.7721633911133,0,30,4,200,5.48062962479889E-5,-0.695123910903931,-0.228170484304428,1,,,,,,,,,,,,,,,,
,3952575571.70123,71.3736228942871,1000.37896728516,,,6,,,,30.7584586825396,,,1,,,,,,,,,,,,,,,,,,,,,,70.6130752563477,72.254753112793,1000.37896728516,1000.37896728516,,,5.65455341339111,,1,0,0,0,0,31.7693061828613,2,1,1,70.4924926757812,0,71.502067565918,,,0.000103382924393662,5.09337922002972E-6,0.000103383362550054,5.09338196495533E-6,0.994808197021484,0.995577752590179,30.7687473297119,0.186568886041641,30,4,200,8.2193007983733E-5,-0.698785841464996,-0.221229672431946,1,,,,,,,,,,,,,,,,
,3952575590.29203,68.1876716613769,1000.37896728516,,,6,,,,30.7525774560867,,,1,,,,,,,,,,,,,,,,,,,,,,67.5130233764648,69.0147018432617,1000.37896728516,1000.37896728516,,,5.64122486114502,,1,0,0,0,0,32.2580642700195,2,1,1,67.3606414794922,0,68.2181676228841,,,0.000107773775688714,5.30972188933678E-6,0.000107774547542997,5.30972638782735E-6,0.994209945201874,0.995428800582886,30.7660217285156,0,30,4,200,-0.000134996473207138,-0.714712262153625,-0.217561796307564,1,,,,,,,,,,,,,,,,
,3952575600.08867,66.4405479431152,1000.37896728516,,,6,,,,30.7525774560867,,,1,,,,,,,,,,,,,,,,,,,,,,65.6710433959961,67.3005676269531,1000.37896728516,1000.37896728516,,,5.63336610794067,,1,0,0,0,0,31.7693061828613,2,1,1,65.5805282592773,0,66.4878319634332,,,0.0001098388293545,5.41144862795949E-6,0.000109839315341808,5.41145168365812E-6,0.994643568992615,0.995420515537262,30.7630863189697,0,30,4,200,0.000140197749715298,-0.718064725399017,-0.210404515266418,1,,,,,,,,,,,,,,,,
,3952575610.03642,64.6980762481689,1000.37896728516,,,6,,,,30.7525774560867,,,1,,,,,,,,,,,,,,,,,,,,,,63.8791275024414,65.5805282592773,1000.37896728516,1000.37896728516,,,5.62455415725708,,1,0,0,0,0,31.7693061828613,2,1,1,63.8156242370605,0,64.7504814147949,,,0.000112247046508261,5.53008253289033E-6,0.000112247403329035,5.53008545639297E-6,0.995125114917755,0.995703041553497,30.761287689209,0,30,4,200,-0.000229309283895418,-0.725606441497803,-0.206836223602295,1,,,,,,,,,,,,,,,,
,3952575619.99567,63.0526714324951,1000.37896728516,,,6,,,,30.7525774560867,,,1,,,,,,,,,,,,,,,,,,,,,,62.4646453857422,63.8156242370605,1000.37896728516,1000.37896728516,,,5.61646890640259,,1,0,0,0,0.0141143798828125,32.7468223571777,2,1,1,62.2897186279297,0,63.1650564405653,,,0.000114493378533094,5.64074685517342E-6,0.000114493564003497,5.64074880237155E-6,0.995262861251831,0.995540082454681,30.758617401123,0,30,4,200,0.000182824122020975,-0.729306876659393,-0.200585588812828,1,,,,,,,,,,,,,,,,
,3952575638.39817,60.059928894043,1000.37896728516,,,6,,,,30.7469626423895,,,1,,,,,,,,,,,,,,,,,,,,,,59.4659881591797,60.8299713134766,1000.37896728516,1000.37896728516,,,5.59896993637085,,1,0,0,0,0,31.7693061828613,2,1,1,59.2898864746094,0,60.1696311102973,,,0.000119488741117669,5.88686678212288E-6,0.000119489119206424,5.88686927924126E-6,0.994803249835968,0.995360374450684,30.7558193206787,1.20851166229841E-6,30,4,200,-8.16782776382752E-5,-0.745335519313812,-0.193840369582176,1,,,,,,,,,,,,,,,,
,3952575648.07093,58.4357738494873,1000.37896728516,,,6,,,,30.7469626423895,,,1,,,,,,,,,,,,,,,,,,,,,,57.7418479919434,59.2602615356445,1000.37896728516,1000.37896728516,,,5.5897159576416,,1,0,0,0,0.0140380859375,32.2580642700195,2,1,1,57.6112861633301,0,58.4858097500271,,,0.000121937029591347,6.00748242219414E-6,0.000121937361221711,6.0074854581655E-6,0.994997322559357,0.995461463928223,30.7549247741699,0,30,4,200,-4.68863072455861E-5,-0.751402020454407,-0.188752338290215,1,,,,,,,,,,,,,,,,
,3952575657.7428,56.7924194335937,1000.37896728516,,,6,,,,30.7469626423895,,,1,,,,,,,,,,,,,,,,,,,,,,56.1093215942383,57.6112861633301,1000.37896728516,1000.37896728516,,,5.5798020362854,,1,0,0,0,0.0141143798828125,32.2580642700195,2,1,1,55.9735527038574,0,56.8945490519206,,,0.000124531517555119,6.1353046352291E-6,0.000124531704802422,6.13530620813936E-6,0.994982063770294,0.995237112045288,30.7529392242432,1.64453613251681E-5,30,4,200,-7.8813660365995E-5,-0.760394215583801,-0.185017719864845,1,,,,,,,,,,,,,,,,
,3952575667.84114,55.0114898681641,1000.37896728516,,,6,,,,30.7469626423895,,,1,,,,,,,,,,,,,,,,,,,,,,54.3470306396484,55.8954658508301,1000.37896728516,1000.37896728516,,,5.5685338973999,,1,0,0,0,0,31.7693061828613,2,1,1,54.127513885498,0,55.1362563239204,,,0.000127463240471513,6.27974284372249E-6,0.000127463273983059,6.27974333154221E-6,0.994955837726593,0.994992673397064,30.7492656707764,0,30,4,200,8.24610833660699E-5,-0.768052339553833,-0.178753644227982,1,,,,,,,,,,,,,,,,
,3952575686.27744,51.8118705749512,1000.37896728516,,,6,,,,30.7417401173855,,,1,,,,,,,,,,,,,,,,,,,,,,51.0925064086914,52.5915908813477,1000.37896728516,1000.37896728516,,,5.54667949676514,,1,0,0,0,0,32.2580642700195,2,1,1,51.0321502685547,0,51.8266851637099,,,0.000132909818139585,6.54810196689344E-6,0.000132910020337155,6.54810286389213E-6,0.994317412376404,0.99456650018692,30.7480354309082,,30,4,200,-1.13897285700659E-5,-0.784747242927551,-0.17019210755825,1,,,,,,,,,,,,,,,,
,3952575695.98328,50.1694755554199,1000.37896728516,,,6,,,,30.7417401173855,,,1,,,,,,,,,,,,,,,,,,,,,,49.3724899291992,50.9664611816406,1000.37896728516,1000.37896728516,,,5.53460168838501,,1,0,0,0,0,31.7693061828613,2,1,1,49.3724899291992,0,50.1947135925293,,,0.000135602431438097,6.68074924942355E-6,0.000135602567658444,6.68075029183974E-6,0.994653105735779,0.994814217090607,30.7466678619385,0,30,4,200,0.000170218670973554,-0.792132139205933,-0.164547353982925,1,,,,,,,,,,,,,,,,
,3952575705.69457,48.5037689208984,1000.37896728516,,,6,,,,30.7417401173855,,,1,,,,,,,,,,,,,,,,,,,,,,47.720817565918,49.3724899291992,1000.37896728516,1000.37896728516,,,5.52134323120117,,1,0,0,0,0,31.7693061828613,2,1,1,47.6350479125977,0,48.541749742296,,,0.000138562289642892,6.82658415342542E-6,0.000138562431452422,6.82658531073787E-6,0.994356095790863,0.994509518146515,30.7466831207275,3.79336370315286E-6,30,4,200,0.000181190131115727,-0.800996124744415,-0.1594507843256,1,,,,,,,,,,,,,,,,
,3952575715.66142,46.7089576721191,1000.37896728516,,,6,,,,30.7417401173855,,,1,,,,,,,,,,,,,,,,,,,,,,45.8374443054199,47.6350479125977,1000.37896728516,1000.37896728516,,,5.50663185119629,,1,0,0,0,0,32.2580642700195,2,1,1,45.7828674316406,0,46.7226833343506,,,0.000141513471400482,6.97195853926479E-6,0.00014151349852718,6.97195891439857E-6,0.994861841201782,0.994888722896576,30.7437267303467,,30,4,200,0.000107338797533885,-0.808603763580322,-0.153883144259453,1,,,,,,,,,,,,,,,,
,3952575725.65306,45.0306739807129,1000.37896728516,,,6,,,,30.7417401173855,,,1,,,,,,,,,,,,,,,,,,,,,,44.3977127075195,45.7828674316406,1000.37896728516,1000.37896728516,,,5.49179172515869,,1,0,0,0,0,32.2580642700195,2,1,1,44.2784805297852,0,45.0887786017524,,,0.000144375223938899,7.11296570412285E-6,0.000144375224115986,7.11296570951314E-6,0.994430363178253,0.994430422782898,30.7418556213379,0,30,4,200,0.000401261990191415,-0.816072106361389,-0.147389009594917,1,,,,,,,,,,,,,,,,
,3952575744.34387,41.8742923736572,1000.37896728516,,,6,,,,30.7358889123298,,,1,,,,,,,,,,,,,,,,,,,,,,41.1927528381348,42.7241172790527,1000.37896728516,1000.37896728516,,,5.4602541923523,,1,0,0,0,0,31.7693061828613,2,1,1,41.0244674682617,0,42.0326173570421,,,0.000150406111206902,7.41009992310695E-6,0.000150406212029512,7.41010113163541E-6,0.994256973266602,0.994345963001251,30.7396984100342,3.70773295799154E-6,30,4,200,0.000103566599136684,-0.834283113479614,-0.137938186526299,1,,,,,,,,,,,,,,,,
,3952575754.12015,40.1859436035156,1000.37896728516,,,6,,,,30.7358889123298,,,1,,,,,,,,,,,,,,,,,,,,,,39.4679145812988,41.0244674682617,1000.37896728516,1000.37896728516,,,5.44227457046509,,1,0,0,0,0.0141143798828125,31.7693061828613,2,1,1,39.3474197387695,0,40.1772465176053,,,0.000153306486537149,7.55297251881907E-6,0.000153306486692931,7.55297252637492E-6,0.994755268096924,0.994755268096924,30.7359104156494,5.5439977645874,30,4,200,0.000178844595211558,-0.841887176036835,-0.132328033447266,1,,,,,,,,,,,,,,,,
,3952575764.25928,38.4264984130859,1000.37896728516,,,6,,,,30.7358889123298,,,1,,,,,,,,,,,,,,,,,,,,,,37.6903038024902,39.2505874633789,1000.37896728516,1000.37896728516,,,5.42138051986694,,1,0,0,0,0.0141143798828125,31.2805480957031,2,1,1,37.602409362793,0,38.4614940219455,,,0.000156369788822175,7.70390735662122E-6,0.000156369787243812,7.70390715285971E-6,0.994386851787567,0.994389772415161,30.7352046966553,0,30,4,200,0.000241907051531598,-0.851228833198547,-0.127010107040405,1,,,,,,,,,,,,,,,,
,3952575774.1193,36.8105220794678,1000.37896728516,,,6,,,,30.7358889123298,,,1,,,,,,,,,,,,,,,,,,,,,,36.0186347961426,37.602409362793,1000.37896728516,1000.37896728516,,,5.40053176879883,,1,0,0,0,0,31.7693061828613,2,1,1,36.0186347961426,0,36.8305088043213,,,0.000159399688849473,7.85318548221404E-6,0.000159399700663383,7.85318461923903E-6,0.994362950325012,0.994395732879639,30.7335929870605,1,30,4,200,0.000260231172433123,-0.85926353931427,-0.121121279895306,1,,,,,,,,,,,,,,,,
,3952575783.87116,35.154203414917,1000.37896728516,,,6,,,,30.7358889123298,,,1,,,,,,,,,,,,,,,,,,,,,,34.4033508300781,35.9946937561035,1000.37896728516,1000.37896728516,,,5.37726879119873,,1,0,0,0,0.0141143798828125,32.2580642700195,2,1,1,34.3137130737305,0,35.2489581637912,,,0.000162459180834475,8.00392318708609E-6,0.000162459261122437,8.00392215153229E-6,0.994177341461182,0.994285404682159,30.7316646575928,0,30,4,200,0.000271968892775476,-0.867395102977753,-0.115121327340603,1,,,,,,,,,,,,,,,,
,3952575802.12127,31.9476881027222,1000.37896728516,,,6,,,,30.7305925662745,,,1,,,,,,,,,,,,,,,,,,,,,,31.3023986816406,32.7475471496582,1000.37896728516,1000.37896728516,,,5.32820177078247,,1,0,0,0,0,32.2580642700195,2,1,1,31.1478290557861,0,32.0744766659207,,,0.000169382451258944,8.34502090426257E-6,0.000169382458650884,8.34502005041323E-6,0.994075000286102,0.994099676609039,30.7285480499268,,30,4,200,5.95458041061647E-5,-0.885625004768372,-0.101238407194614,1,,,,,,,,,,,,,,,,
,3952575812.08757,30.2725830078125,1000.37896728516,,,6,,,,30.7305925662745,,,1,,,,,,,,,,,,,,,,,,,,,,29.7280406951904,31.1478290557861,1000.37896728516,1000.37896728516,,,5.29869031906128,,1,0,0,0,0,32.2580642700195,2,1,1,29.3973369598389,0,30.4778874715169,,,0.000172525366152942,8.49988261191961E-6,0.000172525382803459,8.49988190305935E-6,0.993724167346954,0.993752896785736,30.7283229827881,0,30,4,200,0.000188427264220081,-0.894352674484253,-0.0946804285049438,1,,,,,,,,,,,,,,,,
,3952575822.07932,28.5732736587524,1000.37896728516,,,6,,,,30.7305925662745,,,1,,,,,,,,,,,,,,,,,,,,,,27.9066314697266,29.358247756958,1000.37896728516,1000.37896728516,,,5.2651104927063,,1,0,0,0,0,32.2580642700195,2,1,1,27.7882995605469,0,28.6673944261339,,,0.000175910410229683,8.66666300979176E-6,0.000175910478419136,8.66666160627342E-6,0.993557691574097,0.993643581867218,30.7266273498535,0,30,4,200,0.000256845058174804,-0.902971148490906,-0.0873266831040382,1,,,,,,,,,,,,,,,,
,3952575831.82607,26.9455480575562,1000.37896728516,,,6,,,,30.7305925662745,,,1,,,,,,,,,,,,,,,,,,,,,,26.1524486541748,27.7882995605469,1000.37896728516,1000.37896728516,,,5.2295126914978,,1,0,0,0,0,31.7693061828613,2,1,1,26.1027965545654,0,26.9393272399902,,,0.000179171047972451,8.82730492219119E-6,0.00017917126875072,8.82730278116313E-6,0.993578493595123,0.993812441825867,30.7240962982178,0,30,4,200,0.000324316206388175,-0.909546554088593,-0.0790721252560616,1,,,,,,,,,,,,,,,,
,3952575841.93523,25.3119335174561,1000.37896728516,,,6,,,,30.7305925662745,,,1,,,,,,,,,,,,,,,,,,,,,,24.5519237518311,26.0719432830811,1000.37896728516,1000.37896728516,,,5.18498516082764,,1,0,0,0,0.0128173828125,32.2580642700195,2,1,1,24.5519237518311,0,25.2988649368286,,,0.00018262889493418,8.99768614147238E-6,0.000182629285816297,8.99768456202793E-6,0.993241906166077,0.993593692779541,30.7224502563477,3.97273397445679,30,4,200,0.000369636021787301,-0.91723644733429,-0.0704132691025734,1,,,,,,,,,,,,,,,,
,3952575851.90666,23.5797281265259,1000.37896728516,,,6,,,,30.7305925662745,,,1,,,,,,,,,,,,,,,,,,,,,,22.8457984924316,24.4370250701904,1000.37896728516,1000.37896728516,,,5.14122343063354,,1,0,0,0,0.000457763671875,32.2580642700195,2,1,1,22.7224311828613,0,23.6346054077148,,,0.000186230276426819,9.17513846308472E-6,0.000186230691840884,9.17513593378387E-6,0.992934346199036,0.993298411369324,30.7221240997314,0,30,4,200,0.000514647283125669,-0.924710929393768,-0.06051279976964,1,,,,,,,,,,,,,,,,
,3952575870.10975,20.5006761550903,1000.37896728516,,,6,,,,30.7251918654003,,,1,,,,,,,,,,,,,,,,,,,,,,19.8457050323486,21.278657913208,1000.37896728516,1000.37896728516,,,5.03812074661255,,1,0,0,0,0,31.2805480957031,2,1,1,19.7226943969727,0,20.5804822709825,,,0.000193130573878602,9.51508469065085E-6,0.000193130834332039,9.51508330268697E-6,0.993130683898926,0.993351817131042,30.7186527252197,5.36006498336792,30,4,200,0.000678636250086129,-0.93646514415741,-0.0402083322405815,1,,,,,,,,,,,,,,,,
,3952575879.7226,18.933837890625,1000.37896728516,,,6,,,,30.7251918654003,,,1,,,,,,,,,,,,,,,,,,,,,,18.2985553741455,19.7226943969727,1000.37896728516,1000.37896728516,,,4.97151803970337,,1,0,0,0,0,32.2580642700195,2,1,1,18.1449813842773,0,18.9989738464355,,,0.000196985996557521,9.70505704100217E-6,0.00019698644696257,9.7050548744446E-6,0.992772936820984,0.993128955364227,30.7167167663574,5.36020708084106,30,4,200,0.000776301545556635,-0.94279545545578,-0.0283266846090555,1,,,,,,,,,,,,,,,,
,3952575889.46582,17.307333946228,1000.37896728516,,,6,,,,30.7251918654003,,,1,,,,,,,,,,,,,,,,,,,,,,16.590934753418,18.0777378082275,1000.37896728516,1000.37896728516,,,4.88840436935425,,1,0,0,0,0,32.2580642700195,2,1,1,16.5369300842285,0,17.3374741872152,,,0.000201151729657994,9.91031680048633E-6,0.000201152385979122,9.9103159185006E-6,0.992487132549286,0.992947340011597,30.7153987884521,0,30,4,200,0.000891990785021335,-0.949396848678589,-0.0152178052812815,1,,,,,,,,,,,,,,,,
,3952575899.43352,15.7080025672913,1000.37896728516,,,6,,,,30.7251918654003,,,1,,,,,,,,,,,,,,,,,,,,,,14.9817733764648,16.5369300842285,1000.37896728516,1000.37896728516,,,4.77540349960327,,1,0,0,0,0,32.2580642700195,2,1,1,14.879075050354,0,15.7469655036926,,,0.000205545775867374,1.01268382100092E-5,0.000205546602670285,1.01268344608345E-5,0.991978883743286,0.992546558380127,30.7139797210693,5.35994100570679,30,4,200,0.000912813935428858,-0.956679821014404,-0.0017723017372191,1,,,,,,,,,,,,,,,,
,3952575909.42872,14.0660305023193,1000.37896728516,,,6,,,,30.7251918654003,,,1,,,,,,,,,,,,,,,,,,,,,,13.4107990264893,14.8481712341309,1000.37896728516,1000.37896728516,,,4.65571451187134,,1,0,0,0,0.0141143798828125,32.2580642700195,2,1,1,13.2838897705078,0,14.1558559205797,,,0.000210137072830213,1.03530188140015E-5,0.000210138240877744,1.03530166019463E-5,0.992313623428345,0.993105292320252,30.7123394012451,,30,4,200,0.000988261541351676,-0.961952209472656,0.0137195996940136,1,,,,,,,,,,,,,,,,
,3952575919.11288,12.4895372390747,1000.37896728516,,,6,,,,30.7251918654003,,,1,,,,,,,,,,,,,,,,,,,,,,11.8547925949097,13.2606945037842,1000.37896728516,1000.37896728516,,,4.48272752761841,,1,0,0,0,0,32.2580642700195,2,1,1,11.7183799743652,0,12.5675910313924,,,0.000213242251020804,1.05059342341037E-5,0.000213243857779618,1.05059318014081E-5,0.993186473846436,0.994441986083984,30.7102813720703,0,30,4,200,0.00136373494751751,-0.961301147937775,0.0307664442807436,1,,,,,,,,,,,,,,,,
,3952575928.883,10.9306197166443,1000.37896728516,,,6,,,,30.7251918654003,,,1,,,,,,,,,,,,,,,,,,,,,,10.224983215332,11.7029256820679,1000.37896728516,1000.37896728516,,,4.27907371520996,,1,0,0,0,0,32.2580642700195,2,1,1,10.1583137512207,0,10.9921308093601,,,0.000214500812030915,1.0567931985747E-5,0.000214503078361014,1.05679310823989E-5,0.993334472179413,0.995190858840942,30.7077331542969,0,30,4,200,0.00139405683148652,-0.952872753143311,0.047666747123003,1,,,,,,,,,,,,,,,,
,3952575947.2595,9.18996477127075,1000.37896728516,,,6,,,,30.7200833002908,,,1,,,,,,,,,,,,,,,,,,,,,,8.92602825164795,9.47727012634277,1000.37896728516,1000.37896728516,,,4.03449153900146,,1,0,0,0,0,32.2580642700195,6,1,1,8.90265941619873,0,9.1676525539822,,,0.000211713941489761,1.04306503762978E-5,0.000211716802755616,1.04306514580022E-5,0.992993593215942,0.995280981063843,30.7004909515381,,30,4,200,0.000244817929342389,-0.920469105243683,0.059921633452177,1,,,,,,,,,,,,,,,,
,3952575957.29122,8.72874975204468,1000.37896728516,,,6,,,,30.7200833002908,,,1,,,,,,,,,,,,,,,,,,,,,,8.59846305847168,8.90265941619873,1000.37896728516,1000.37896728516,,,3.94545435905457,,1,0,0,0,0,32.2580642700195,6,1,1,8.55484008789063,0,8.74895773993598,,,0.000211449151499191,1.04176341864599E-5,0.000211452414829129,1.04176383807456E-5,0.992609262466431,0.995043873786926,30.6993427276611,0,30,4,200,0.000128857747768052,-0.913720786571503,0.0652872696518898,1,,,,,,,,,,,,,,,,
,3952575967.30901,8.39036130905151,1000.37896728516,,,6,,,,30.7200833002908,,,1,,,,,,,,,,,,,,,,,,,,,,8.25681972503662,8.54508304595947,1000.37896728516,1000.37896728516,,,3.86183261871338,,1,0,0,0,0,32.2580642700195,6,1,1,8.23563957214355,0,8.40530723995633,,,0.000211177046017049,1.04042637959446E-5,0.000211180952585769,1.04042660574042E-5,0.992194056510925,0.995063304901123,30.697208404541,1.07613177533494E-5,30,4,200,0.00014082902634982,-0.907068133354187,0.0706307142972946,1,,,,,,,,,,,,,,,,
,3952575976.95485,8.1529221534729,1000.37896728516,,,6,,,,30.7200833002908,,,1,,,,,,,,,,,,,,,,,,,,,,8.04954528808594,8.23563957214355,1000.37896728516,1000.37896728516,,,3.80086064338684,,1,0,0,0,0.0141143798828125,32.2580642700195,6,1,1,8.07020473480225,0,8.10713227589925,,,0.000210795420533148,1.03854809538681E-5,0.000210800127407007,1.0385482030314E-5,0.991951525211334,0.995491147041321,30.6948623657227,0.186569467186928,30,4,200,-9.45025458349846E-5,-0.900073647499084,0.0735583528876305,1,,,,,,,,,,,,,,,,
,3952575986.62926,8.06976222991943,1000.37896728516,,,6,,,,30.7200833002908,,,1,,,,,,,,,,,,,,,,,,,,,,8.06936550140381,8.07965850830078,1000.37896728516,1000.37896728516,,,3.76225137710571,,1,0,0,0,0.0141143798828125,32.2580642700195,6,1,1,8.06737518310547,0,8.07529979281955,,,0.000210650788323661,1.03783659094709E-5,0.000210655364028125,1.03783647226628E-5,0.991842091083527,0.995216548442841,30.6950836181641,,30,4,200,-0.000218886678339913,-0.89765477180481,0.0752221718430519,1,,,,,,,,,,,,,,,,
,3952575996.57532,8.02123737335205,1000.37896728516,,,6,,,,30.7200833002908,,,1,,,,,,,,,,,,,,,,,,,,,,7.98389863967896,8.06737518310547,1000.37896728516,1000.37896728516,,,3.72998404502869,,1,0,0,0,0.0128173828125,32.2580642700195,6,1,1,7.97509956359863,0,8.03325200080872,,,0.00021034374306589,1.03632568679492E-5,0.000210348487638175,1.03632566873373E-5,0.991624355316162,0.994999349117279,30.6946640014648,1,30,4,200,-0.000133428678964265,-0.894650518894196,0.0774740651249886,1,,,,,,,,,,,,,,,,
,3952576006.52779,7.8952910900116,1000.37896728516,,,6,,,,30.7200833002908,,,1,,,,,,,,,,,,,,,,,,,,,,7.82732152938843,7.97509956359863,1000.37896728516,1000.37896728516,,,3.70414066314697,,1,0,0,0,0,32.2580642700195,6,1,1,7.81548261642456,0,7.89003144370185,,,0.000209385891661413,1.0316073570167E-5,0.0002093909673593,1.03160716106142E-5,0.991502225399017,0.99516749382019,30.6936416625977,5.54018402099609,30,4,200,-0.000163855642313138,-0.888210654258728,0.0795742496848106,1,,,,,,,,,,,,,,,,
,3952576016.28038,7.26610708236694,1000.37896728516,,,6,,,,30.7200833002908,,,1,,,,,,,,,,,,,,,,,,,,,,6.83150863647461,7.81548261642456,1000.37896728516,1000.37896728516,,,3.60718584060669,,1,0,0,0,0,32.2580642700195,6,1,1,6.71673154830933,0,7.43802033530341,,,0.000198925460574061,9.81215723597131E-6,0.000198930234692751,9.81216350086934E-6,0.950966060161591,0.951443672180176,30.6942195892334,7.60344664740842E-6,30,4,200,0.000223753348109312,-0.881726562976837,0.0797051787376404,1,,,,,,,,,,,,,,,,
,3952576026.31543,5.8280816078186,1000.37896728516,,,6,,,,30.7200833002908,,,1,,,,,,,,,,,,,,,,,,,,,,4.93943166732788,6.71673154830933,1000.37896728516,1000.37896728516,,,3.35898447036743,,1,0,0,0,0.0128173828125,31.2805480957031,6,1,1,4.93943166732788,0,5.87432045936584,,,0.000178372432095789,8.78854399784705E-6,0.000178375292912377,8.78854297783833E-6,0.986801624298096,0.988088071346283,30.6985721588135,0.186578541994095,30,4,200,0.00276535004377365,-0.761177361011505,0.0896239951252937,1,,,,,,,,,,,,,,,,
,3952576036.28776,4.54711246490479,1000.37896728516,,,6,,,,30.7200833002908,,,1,,,,,,,,,,,,,,,,,,,,,,4.19986820220947,4.8936710357666,1000.37896728516,1000.37896728516,,,3.14413356781006,,1,0,0,0,0,31.7693061828613,6,1,1,4.20055389404297,0,4.40510431925456,,,0.000174572644421962,8.60129061066959E-6,0.00017457959606048,8.60129382586329E-6,0.987110793590546,0.990659296512604,30.6864891052246,1,30,4,200,0.00218339264392853,-0.697160184383392,0.116442531347275,1,,,,,,,,,,,,,,,,
,3952576045.9373,4.2005627155304,1000.37896728516,,,6,,,,30.7200833002908,,,1,,,,,,,,,,,,,,,,,,,,,,4.19906139373779,4.20072746276855,1000.37896728516,1000.37896728516,,,3.08911275863647,,1,0,0,0,0,32.2580642700195,6,1,1,4.20057153701782,0,4.20005416870117,,,0.000174766407735851,8.61028511729777E-6,0.000174768291004473,8.61028291027155E-6,0.993857860565186,0.996042490005493,30.7023067474365,0,30,4,200,-0.000504823110532016,-0.691382110118866,0.115465223789215,1,,,,,,,,,,,,,,,,
,3952576055.63477,4.2000687122345,1000.37896728516,,,6,,,,30.7200833002908,,,1,,,,,,,,,,,,,,,,,,,,,,4.16893196105957,4.21102333068848,1000.37896728516,1000.37896728516,,,3.03832602500916,,1,0,0,0,0,32.2580642700195,5,1,1,4.20021295547485,0,4.19750928878784,,,0.000174888639517737,8.61634147065131E-6,0.000174890272695677,8.61633821382931E-6,0.993246853351593,0.994884073734283,30.7033996582031,,30,4,200,-0.000829095370136201,-0.692554831504822,0.11579953879118,1,,,,,,,,,,,,,,,,
,3952576065.61907,4.20055556297302,1000.37896728516,,,6,,,,30.7200833002908,,,1,,,,,,,,,,,,,,,,,,,,,,4.19863224029541,4.20108461380005,1000.37896728516,1000.37896728516,,,3.01739454269409,,1,0,0,0,0,31.7693061828613,5,1,1,4.20089817047119,0,4.19999542236328,,,0.000174776143004613,8.61076358445384E-6,0.000174778082774542,8.61076243309442E-6,0.993841350078583,0.996067464351654,30.7021465301514,0.152157843112946,30,4,200,-0.000445146026322618,-0.692944526672363,0.114727653563023,1,,,,,,,,,,,,,,,,
,3952576075.70626,4.20095348358154,1000.37896728516,,,6,,,,30.7200833002908,,,1,,,,,,,,,,,,,,,,,,,,,,4.19851398468018,4.20127868652344,1000.37896728516,1000.37896728516,,,3.01470160484314,,1,0,0,0,0,32.2580642700195,5,1,1,4.20100879669189,0,4.1999421649509,,,0.000174754046902592,8.60967501126584E-6,0.000174755995548534,8.60967265225836E-6,0.993827044963837,0.996094107627869,30.7019939422607,5.35975217819214,30,4,200,-0.0004035601450596,-0.693231761455536,0.114276900887489,1,,,,,,,,,,,,,,,,
,3952576085.45921,4.20080399513245,1000.37896728516,,,6,,,,30.7200833002908,,,1,,,,,,,,,,,,,,,,,,,,,,4.1984429359436,4.20090341567993,1000.37896728516,1000.37896728516,,,3.01495790481567,,1,0,0,0,0,32.2580642700195,5,1,1,4.20070457458496,0,4.199775007036,,,0.000174774105131493,8.61065763164318E-6,0.000174775835115483,8.6106561023661E-6,0.993981063365936,0.995990514755249,30.7030963897705,,30,4,200,-0.000364564155461267,-0.693755805492401,0.11415496468544,1,,,,,,,,,,,,,,,,
,3952576095.38105,4.20080423355103,1000.37896728516,,,6,,,,30.7200833002908,,,1,,,,,,,,,,,,,,,,,,,,,,4.19911193847656,4.20105600357056,1000.37896728516,1000.37896728516,,,3.01712393760681,,1,0,0,0,0,31.7693061828613,5,1,1,4.20090389251709,0,4.20017657279968,,,0.000174782791570469,8.61108860854811E-6,0.0001747847338339,8.61108816815062E-6,0.99391108751297,0.996159613132477,30.7022037506103,,30,4,200,-0.000391936046071351,-0.694155037403107,0.113874025642872,1,,,,,,,,,,,,,,,,
,3952576105.33491,4.20090985298157,1000.37896728516,,,6,,,,30.7200833002908,,,1,,,,,,,,,,,,,,,,,,,,,,4.19825744628906,4.20090389251709,1000.37896728516,1000.37896728516,,,3.01837420463562,,1,0,0,0,0,31.7693061828613,5,1,1,4.20091581344604,0,4.19985432094998,,,0.000174773874823561,8.61064839603561E-6,0.000174775663124142,8.61064736639931E-6,0.993964850902557,0.996035099029541,30.7028656005859,,30,4,200,-0.000374068040400743,-0.694450259208679,0.11327239125967,1,,,,,,,,,,,,,,,,
,3952576114.98062,4.20124626159668,1000.37896728516,,,6,,,,30.7200833002908,,,1,,,,,,,,,,,,,,,,,,,,,,4.19812059402466,4.20157670974731,1000.37896728516,1000.37896728516,,,3.01746940612793,,1,0,0,0,0,32.2580642700195,5,1,1,4.20157670974731,0,4.19994031058417,,,0.000174780104404763,8.61095560029339E-6,0.000174781902171585,8.61095232326725E-6,0.993956327438354,0.996102094650269,30.7026062011719,0.186558157205582,30,4,200,-0.000365691288607195,-0.694664001464844,0.113094173371792,1,,,,,,,,,,,,,,,,
,3952576124.69273,4.20101070404053,1000.37896728516,,,6,,,,30.7200833002908,,,1,,,,,,,,,,,,,,,,,,,,,,4.19871187210083,4.20160627365112,1000.37896728516,1000.37896728516,,,3.01936101913452,,1,0,0,0,0,32.2580642700195,1,1,1,4.20041513442993,0,4.19999313354492,,,0.000174786710167886,8.61127981128978E-6,0.000174788463041331,8.61127629786488E-6,0.993974506855011,0.996071398258209,30.7027950286865,5.35997629165649,30,4,200,-0.000355536001734436,-0.694949090480804,0.112965025007725,1,,,,,,,,,,,,,,,,
