[Header]
; MPMS3 Data File (default extension .dat)
; Copyright (c) 2007, Quantum Design, Inc. All rights reserved.
TITLE,
FILEOPENTIME,3952768781.61713,04/02/2025,4:18 pm
BYAPP,MPMS3 w/ AC,1.0,1.1
INFO,MPMS3 Measurement Release 1.2.2 Build 0, MultiVu Release 2.3.5.2,APPNAME
INFO,Linear Motor Servo Controller,MOTOR_MODULE_NAME
INFO,3101-100 N4,MOTOR_HW_VERSION
INFO,MMC1299,MOTOR_SERIAL_NUMBER
INFO,01.04.28,MOTOR_SOFTWARE_VERSION
INFO,Quantum Design Squid Module,SQUID_MODULE_NAME
INFO,3101-501 B0,SQUID_HW_VERSION
INFO,SQM364,SQUID_SERIAL_NUMBER
INFO,01.03.04,SQUID_SOFTWARE_VERSION
INFO,Quantum Design VSM Oven,OVEN_MODULE_NAME
INFO,3101-201 A3,OVEN_HW_VERSION
INFO,OVB387,OVEN_SERIAL_NUMBER
INFO,01.07.07,OVEN_SOFTWARE_VERSION
INFO,SQUID AC,AC_MODULE_NAME
INFO,3101-401 G0,AC_HW_VERSION
INFO,SAC242,AC_SERIAL_NUMBER
INFO,SQUID AC 00.95.11,AC_SOFTWARE_VERSION
INFO,TCI374,COIL_SERIAL_NUMBER
INFO,0,MOMENT_UNITS
INFO,RuCl3,SAMPLE_MATERIAL
INFO,second crystal shard TB001 2X3,SAMPLE_COMMENT
INFO,0.9,SAMPLE_MASS
INFO,,SAMPLE_VOLUME
INFO,,SAMPLE_MOLECULAR_WEIGHT
INFO,,SAMPLE_SIZE
INFO,,SAMPLE_SHAPE
INFO,Quartz,SAMPLE_HOLDER
INFO,Standard,SAMPLE_HOLDER_DETAIL
INFO,65.86,SAMPLE_OFFSET
DATATYPE,COMMENT,1
DATATYPE,TIME,2
STARTUPAXIS,X,2
STARTUPAXIS,Y1,5
FIELDGROUP, VSM,2,3,4,5,6,8,9,10,11,14,15
FIELDGROUP, DC, 2,3,4,14,56,57,58,59,60,61,62,63,64,65,66,67,68,69
FIELDGROUP, AC, 2,3,4,11,16,17,18,19,20,21,22,23,24,25,26,27,28,29,30
STARTUPGROUP, All
[Data]
Comment,Time Stamp (sec),Temperature (K),Magnetic Field (Oe),Moment (emu),M. Std. Err. (emu),Transport Action,Averaging Time (sec),Frequency (Hz),Peak Amplitude (mm),Center Position (mm),Lockin Signal' (V),Lockin Signal (V),Range,M. Quad. Signal (emu),AC Moment (emu),AC M. Std Err. (emu),AC Phase (deg),AC Phase Std. Err. (deg),AC Susceptibility (emu/Oe),AC Suscept. Std Err. (emu/Oe),AC X' (emu/Oe),AC X' Std Err. (emu/Oe),AC X'' (emu/Oe),AC X'' Std Err. (emu/Oe),AC Drive (Oe),AC Frequency (Hz),AC Averaging Time (sec),AC Cycles,AC Range,AC Measure Type,AC Signal' (V),AC Signal'' (V),AC Trim Coil Ratio,AC Trim Coil Phase,Min. Temperature (K),Max. Temperature (K),Min. Field (Oe),Max. Field (Oe),Mass (grams),Motor Lag (deg),Pressure (Torr),Measure Count,Measurement Number,SQUID Status (code),Motor Status (code),Measure Status (code),Motor Current (amps),Motor Temp. (C),Temp. Status (code),Field Status (code),Chamber Status (code),Chamber Temp (K),Redirection State,Average Temp (K),Rotation Angle (deg),Rotator state,DC Moment Fixed Ctr (emu),DC Moment Err Fixed Ctr (emu),DC Moment Free Ctr (emu),DC Moment Err Free Ctr (emu),DC Fixed Fit,DC Free Fit,DC Calculated Center (mm),DC Calculated Center Err (mm),DC Scan Length (mm),DC Scan Time (s),DC Number of Points,DC Squid Drift,DC Min V (V),DC Max V (V),DC Scans per Measure,Map 01,Map 02,Map 03,Map 04,Map 05,Map 06,Map 07,Map 08,Map 09,Map 10,Map 11,Map 12,Map 13,Map 14,Map 15,Map 16
,3952768795.77903,299.98893737793,999.626220703125,,,6,,,,31.0400695800781,,,1,,,,,,,,,,,,,,,,,,,,,,299.987579345703,299.992858886719,999.626220703125,999.626220703125,,,6.03047370910644,,1,0,0,0,0,31.7693061828613,1,1,1,299.987518310547,0,299.990614149306,,,4.10264253087322E-6,2.03773329248807E-7,4.10957368516645E-6,2.03787182520896E-7,0.872976243495941,0.886236727237701,30.8239994049072,0.1880764067173,30,4,200,-0.00978934392333031,0.240382224321365,0.323770731687546,1,,,,,,,,,,,,,,,,
,3952768812.41761,299.902297973633,999.626220703125,,,6,,,,31.0400695800781,,,1,,,,,,,,,,,,,,,,,,,,,,299.839050292969,299.992919921875,999.626220703125,999.626220703125,,,6.05544567108154,,1,0,0,0,0,31.7693061828613,2,1,1,299.811676025391,0,299.935363769531,,,3.94677917018617E-6,1.9546879840915E-7,3.94721643379867E-6,1.95469878262465E-7,0.897726774215698,0.898750424385071,31.0946273803711,4.52769927505869E-5,30,4,200,-0.00732393469661474,0.139842554926872,0.206916451454163,1,,,,,,,,,,,,,,,,
,3952768822.48544,299.56201171875,999.626220703125,,,6,,,,31.0400695800781,,,1,,,,,,,,,,,,,,,,,,,,,,299.354888916016,299.797485351562,999.626220703125,999.626220703125,,,6.06705379486084,,1,0,0,0,0,31.2805480957031,2,1,1,299.326538085937,0,299.601691351997,,,4.2068479945652E-6,2.07472557711774E-7,4.2074568651263E-6,2.07473271541319E-7,0.954383611679077,0.95758730173111,30.9758796691895,0,30,4,200,-0.00757477153092623,0.060740515589714,0.131644189357758,1,,,,,,,,,,,,,,,,
,3952768832.24022,299.038223266602,999.626220703125,,,6,,,,31.0400695800781,,,1,,,,,,,,,,,,,,,,,,,,,,298.749908447266,299.326538085937,999.626220703125,999.626220703125,,,6.07677030563354,,1,0,0,0,0,31.7693061828613,2,1,1,298.749908447266,0,299.041250610352,,,4.22530459374006E-6,2.09242707479476E-7,4.22548036868545E-6,2.0924342172565E-7,0.898673832416534,0.899047493934631,31.0733661651611,,30,4,200,-0.00762893259525299,-0.0140396198257804,0.0571368485689163,1,,,,,,,,,,,,,,,,
,3952768841.94302,298.386352539063,999.626220703125,,,6,,,,31.0400695800781,,,1,,,,,,,,,,,,,,,,,,,,,,298.074951171875,298.727661132812,999.626220703125,999.626220703125,,,6.08608722686768,,1,0,0,0,0,31.7693061828613,2,1,1,298.045043945313,0,298.405612521701,,,4.1371404638026E-6,2.04016157920379E-7,4.13873844440516E-6,2.04018718323818E-7,0.956412196159363,0.966032683849335,30.9364147186279,0,30,4,200,-0.00604800088331103,-0.0741244852542877,-0.0164201445877552,1,,,,,,,,,,,,,,,,
,3952768860.18599,296.773803710937,999.626220703125,,,6,,,,31.0342079547806,,,1,,,,,,,,,,,,,,,,,,,,,,296.335174560547,297.251770019531,999.626220703125,999.626220703125,,,6.09993553161621,,1,0,0,0,0,32.2580642700195,2,1,1,296.295837402344,0,296.766835530599,,,4.13730179701338E-6,2.04519745198031E-7,4.13733527308606E-6,2.04519884574206E-7,0.91795939207077,0.918049156665802,31.0488719940186,0,30,4,200,-0.00600989675149322,-0.184778079390526,-0.129460021853447,1,,,,,,,,,,,,,,,,
,3952768869.81451,295.726791381836,999.626220703125,,,6,,,,31.0342079547806,,,1,,,,,,,,,,,,,,,,,,,,,,295.272857666016,296.295837402344,999.626220703125,999.626220703125,,,6.10604572296143,,1,0,0,0,0,32.7468223571777,2,1,1,295.157745361328,0,295.804277208116,,,4.47503044522106E-6,2.258113273039E-7,4.49216758479515E-6,2.25852681195643E-7,0.783765852451324,0.800515532493591,31.3632411956787,1,30,4,200,-0.00520786177366972,-0.246462985873222,-0.186139672994614,1,,,,,,,,,,,,,,,,
,3952768887.99216,293.265441894531,999.626220703125,,,6,,,,31.0281555861384,,,1,,,,,,,,,,,,,,,,,,,,,,292.665161132812,293.958465576172,999.626220703125,999.626220703125,,,6.11408615112305,,1,0,0,0,0,31.7693061828613,2,1,1,292.572418212891,0,293.31593492296,,,3.88628383458926E-6,1.92986224180159E-7,3.88628929001972E-6,1.92986162952252E-7,0.874625325202942,0.874638855457306,31.0211505889893,2.99957628158154E-5,30,4,200,-0.00608944054692984,-0.351706832647324,-0.292673110961914,1,,,,,,,,,,,,,,,,
,3952768906.23223,290.346984863281,999.626220703125,,,6,,,,31.0231034806059,,,1,,,,,,,,,,,,,,,,,,,,,,289.54443359375,291.195373535156,999.626220703125,999.626220703125,,,6.11817932128906,,1,0,0,0,0.0128173828125,31.7693061828613,2,1,1,289.498596191406,0,290.313042534722,,,4.33533359270205E-6,2.13997965754698E-7,4.33546709175442E-6,2.13998100954819E-7,0.938018262386322,0.938504934310913,30.9936485290527,5.56719398498535,30,4,200,-0.00584853673353791,-0.462234437465668,-0.404076129198074,1,,,,,,,,,,,,,,,,
,3952768924.44501,287.042449951172,999.626220703125,,,6,,,,31.0177980245769,,,1,,,,,,,,,,,,,,,,,,,,,,286.148742675781,287.970306396484,999.626220703125,999.626220703125,,,6.12129878997803,,1,0,0,0,0,31.2805480957031,2,1,1,286.114593505859,0,287.072462293837,,,4.50501834502868E-6,2.22552385800054E-7,4.50533366365966E-6,2.22553637423767E-7,0.926247715950012,0.927120923995972,31.0610809326172,0,30,4,200,-0.00535601330921054,-0.572767674922943,-0.518599987030029,1,,,,,,,,,,,,,,,,
,3952768942.78765,283.662551879883,999.626220703125,,,6,,,,31.0127351256517,,,1,,,,,,,,,,,,,,,,,,,,,,282.780456542969,284.575012207031,999.626220703125,999.626220703125,,,6.12527704238892,,1,0,0,0,0,31.7693061828613,2,1,1,282.750091552734,0,283.688340928819,,,4.44719506164458E-6,2.20261648864489E-7,4.44812479534231E-6,2.20264086157266E-7,0.897329211235046,0.899255573749542,31.0880584716797,,30,4,200,-0.00234858272597194,0.48493817448616,0.52286559343338,1,,,,,,,,,,,,,,,,
,3952768952.51724,281.915390014648,999.626220703125,,,6,,,,31.0127351256517,,,1,,,,,,,,,,,,,,,,,,,,,,281.216033935547,282.708251953125,999.626220703125,999.626220703125,,,6.12743902206421,,1,0,0,0,0,31.2805480957031,2,1,1,281.122528076172,0,281.934465196398,,,4.40382844012065E-6,2.1822931917283E-7,4.41248757218772E-6,2.18247524143366E-7,0.892342925071716,0.911316275596619,30.7797527313232,0.065572939813137,30,4,200,-0.00315019930712879,0.457210540771484,0.496802598237991,1,,,,,,,,,,,,,,,,
,3952768970.90957,278.826522827148,999.626220703125,,,6,,,,31.0052089745012,,,1,,,,,,,,,,,,,,,,,,,,,,278.114837646484,279.656372070313,999.626220703125,999.626220703125,,,6.13091087341309,,1,0,0,0,0,31.7693061828613,2,1,1,277.996673583984,0,278.90576171875,,,4.53815061611059E-6,2.24939290977926E-7,4.5431980182527E-6,2.24948475727786E-7,0.890175879001617,0.900283575057983,30.8293972015381,0.033783532679081,30,4,200,-0.00358198024332523,0.392602652311325,0.434552133083343,1,,,,,,,,,,,,,,,,
,3952768981.00019,277.000732421875,999.626220703125,,,6,,,,31.0052089745012,,,1,,,,,,,,,,,,,,,,,,,,,,276.171356201172,277.915985107422,999.626220703125,999.626220703125,,,6.13250970840454,,1,0,0,0,0,31.7693061828613,2,1,1,276.085479736328,0,277.092488606771,,,4.63123169604907E-6,2.28378081012212E-7,4.63297610674008E-6,2.2838123810921E-7,0.956752181053162,0.966148316860199,30.9028205871582,2.04980169590175E-29,30,4,200,-0.00381857599131763,0.35093680024147,0.399376541376114,1,,,,,,,,,,,,,,,,
,3952768999.52323,273.744110107422,999.626220703125,,,6,,,,30.9977590369911,,,1,,,,,,,,,,,,,,,,,,,,,,273.026885986328,274.523468017578,999.626220703125,999.626220703125,,,6.13592052459717,,1,0,0,0,0,31.2805480957031,2,1,1,272.964752197266,0,273.781161838108,,,4.65700645146951E-6,2.29800609822293E-7,4.65701292361202E-6,2.29800565632749E-7,0.94355320930481,0.943581163883209,30.991003036499,0.18684509396553,30,4,200,-0.003831397742033,0.28112006187439,0.327607095241547,1,,,,,,,,,,,,,,,,
,3952769009.25332,272.077926635742,999.626220703125,,,6,,,,30.9977590369911,,,1,,,,,,,,,,,,,,,,,,,,,,271.221801757813,272.934051513672,999.626220703125,999.626220703125,,,6.13698291778564,,1,0,0,0,0,31.7693061828613,2,1,1,271.221801757813,0,272.078256225586,,,4.74196823337508E-6,2.34544042641019E-7,4.74197574149619E-6,2.34544118299429E-7,0.911321699619293,0.91133576631546,31.0037879943848,0.0341349393129349,30,4,200,-0.00293574575334787,0.249963119626045,0.290457785129547,1,,,,,,,,,,,,,,,,
,3952769027.78265,268.778045654297,999.626220703125,,,6,,,,30.9909038876479,,,1,,,,,,,,,,,,,,,,,,,,,,267.997894287109,269.607788085938,999.626220703125,999.626220703125,,,6.1395845413208,,1,0,0,0,0,31.7693061828613,2,1,1,267.948303222656,0,268.786142985026,,,4.56905611181801E-6,2.26116417169436E-7,4.56953868160754E-6,2.26117081040291E-7,0.905344486236572,0.906425774097443,30.9369812011719,,30,4,200,-0.00211730157025158,0.198262095451355,0.233912736177444,1,,,,,,,,,,,,,,,,
,3952769037.57162,267.228210449219,999.626220703125,,,6,,,,30.9909038876479,,,1,,,,,,,,,,,,,,,,,,,,,,266.687377929687,267.915344238281,999.626220703125,999.626220703125,,,6.14074373245239,,1,0,0,0,0,30.7917900085449,2,1,1,266.541076660156,0,267.313215467665,,,4.68493016539391E-6,2.31838316966697E-7,4.69524651932082E-6,2.31859414390476E-7,0.905915200710297,0.93171215057373,30.7441921234131,0,30,4,200,-0.00181820336729288,0.17476823925972,0.209769457578659,1,,,,,,,,,,,,,,,,
,3952769055.75942,264.372512817383,999.626220703125,,,6,,,,30.9843471130539,,,1,,,,,,,,,,,,,,,,,,,,,,263.684173583984,265.131134033203,999.626220703125,999.626220703125,,,6.14231443405151,,1,0,0,0,0,31.7693061828613,2,1,1,263.613891601562,0,264.494954427083,,,4.54947255593118E-6,2.26438374687122E-7,4.55270853774967E-6,2.26443919101162E-7,0.857774496078491,0.862588763237,30.8454551696777,0,30,4,200,-0.000347544089891017,0.157168582081795,0.183264836668968,1,,,,,,,,,,,,,,,,
,3952769065.72053,262.759094238281,999.626220703125,,,6,,,,30.9843471130539,,,1,,,,,,,,,,,,,,,,,,,,,,262.002502441406,263.613891601562,999.626220703125,999.626220703125,,,6.1430139541626,,1,0,0,0,0,31.7693061828613,2,1,1,261.904296875,0,262.837066650391,,,4.7447820665539E-6,2.37032999511654E-7,4.76624045473879E-6,2.37077497593454E-7,0.834358334541321,0.862200319766998,30.6312122344971,,30,4,200,-0.00178612093441188,0.139876529574394,0.17479245364666,1,,,,,,,,,,,,,,,,
,3952769084.52,259.604553222656,999.626220703125,,,6,,,,30.9778499256906,,,1,,,,,,,,,,,,,,,,,,,,,,258.977081298828,260.387115478516,999.626220703125,999.626220703125,,,6.14386415481567,,1,0,0,0,0,31.7693061828613,2,1,1,258.821990966797,0,259.716776529948,,,4.67009526121766E-6,2.31186717077877E-7,4.67009656658053E-6,2.31186738195341E-7,0.902226686477661,0.902228593826294,30.9801464080811,0.0671689584851265,30,4,200,-0.00216504372656345,0.0998753681778908,0.137414187192917,1,,,,,,,,,,,,,,,,
,3952769094.24066,258.073486328125,999.626220703125,,,6,,,,30.9778499256906,,,1,,,,,,,,,,,,,,,,,,,,,,257.530792236328,258.821990966797,999.626220703125,999.626220703125,,,6.14420557022095,,1,0,0,0,0,31.2805480957031,2,1,1,257.324981689453,0,258.181410047743,,,4.98313295120803E-6,2.45680882098559E-7,4.98504518129438E-6,2.45684065678294E-7,0.961776733398438,0.973159551620483,30.8747005462646,0.186687991023064,30,4,200,-0.00250057643279433,0.0764461681246758,0.114975295960903,1,,,,,,,,,,,,,,,,
,3952769112.7827,255.095352172852,999.626220703125,,,6,,,,30.9715073821552,,,1,,,,,,,,,,,,,,,,,,,,,,254.351577758789,255.912414550781,999.626220703125,999.626220703125,,,6.14436864852905,,1,0,0,0,0,31.2805480957031,2,1,1,254.278289794922,0,255.13858710395,,,4.78280664557084E-6,2.37790114175807E-7,4.78505309293548E-6,2.37794162696207E-7,0.865576505661011,0.86892557144165,30.8586444854736,0,30,4,200,-0.00158531218767166,0.0423716679215431,0.0763358697295189,1,,,,,,,,,,,,,,,,
,3952769122.4294,253.420951843262,999.626220703125,,,6,,,,30.9715073821552,,,1,,,,,,,,,,,,,,,,,,,,,,252.703125,254.247833251953,999.626220703125,999.626220703125,,,6.14435386657715,,1,0,0,0,0,31.7693061828613,2,1,1,252.59407043457,0,253.527386135525,,,5.1457817438096E-6,2.53808286095042E-7,5.15086300241734E-6,2.53818390096622E-7,0.951896369457245,0.979452013969421,30.8063869476318,,30,4,200,-0.00186192325782031,0.0229796934872866,0.0579481795430183,1,,,,,,,,,,,,,,,,
,3952769140.66627,250.31079864502,999.626220703125,,,6,,,,30.965258718777,,,1,,,,,,,,,,,,,,,,,,,,,,249.63671875,251.075805664062,999.626220703125,999.626220703125,,,6.14426040649414,,1,0,0,0,0,31.2805480957031,2,1,1,249.545791625977,0,250.425118340386,,,5.01544947135344E-6,2.49334149824824E-7,5.0233014764023E-6,2.49350589838932E-7,0.866237998008728,0.877751648426056,30.7587642669678,0.0254759341478348,30,4,200,-0.00185868772678077,-0.0139084616675973,0.0224624667316675,1,,,,,,,,,,,,,,,,
,3952769150.59173,248.727905273438,999.626220703125,,,6,,,,30.965258718777,,,1,,,,,,,,,,,,,,,,,,,,,,248.196548461914,249.545791625977,999.626220703125,999.626220703125,,,6.14375495910644,,1,0,0,0,0,31.2805480957031,2,1,1,247.910018920898,0,248.915303548177,,,5.30892852647872E-6,2.62496893136813E-7,5.32189034308909E-6,2.62524126707685E-7,0.915233075618744,0.949615895748138,30.7060356140137,0,30,4,200,-0.00173838180489838,-0.0347080156207085,0.00189596717245877,1,,,,,,,,,,,,,,,,
,3952769169.53612,245.523147583008,999.626220703125,,,6,,,,30.9591924497823,,,1,,,,,,,,,,,,,,,,,,,,,,245.096664428711,246.307556152344,999.626220703125,999.626220703125,,,6.14325666427612,,1,0,0,0,0,33.2355842590332,2,1,1,244.738739013672,0,245.685689290365,,,5.09450179585115E-6,2.53061140888176E-7,5.10168557220158E-6,2.53074987116104E-7,0.872263312339783,0.883173406124115,30.7627716064453,1.49594120557595E-6,30,4,200,-0.00146804749965668,-0.0654925107955933,-0.0315567180514336,1,,,,,,,,,,,,,,,,
,3952769179.32917,243.952911376953,999.626220703125,,,6,,,,30.9591924497823,,,1,,,,,,,,,,,,,,,,,,,,,,243.398376464844,244.738739013672,999.626220703125,999.626220703125,,,6.1432900428772,,1,0,0,0,0,31.7693061828613,2,1,1,243.167083740234,0,244.079037136502,,,5.48509540484751E-6,2.70735089369112E-7,5.49125797583508E-6,2.70747314769479E-7,0.939023554325104,0.960397362709045,30.7830543518066,1,30,4,200,-0.00183589418884367,-0.0848546251654625,-0.0484591796994209,1,,,,,,,,,,,,,,,,
,3952769197.87752,241.005020141602,999.626220703125,,,6,,,,30.953205582807,,,1,,,,,,,,,,,,,,,,,,,,,,240.235473632813,241.814987182617,999.626220703125,999.626220703125,,,6.14207124710083,,1,0,0,0,0,29.3255138397217,2,1,1,240.195053100586,0,241.030032687717,,,5.18169065848131E-6,2.57183707881607E-7,5.18902813257424E-6,2.57198251187969E-7,0.878665387630463,0.890266358852386,30.7573871612549,,30,4,200,-0.00161231658421457,-0.11703946441412,-0.0809294357895851,1,,,,,,,,,,,,,,,,
,3952769207.55187,239.291473388672,999.626220703125,,,6,,,,30.953205582807,,,1,,,,,,,,,,,,,,,,,,,,,,238.571731567383,240.121887207031,999.626220703125,999.626220703125,,,6.1417670249939,,1,0,0,0,0,31.2805480957031,2,1,1,238.461059570313,0,239.362987942166,,,5.64395471622075E-6,2.78756151624996E-7,5.65413615996409E-6,2.78777132451118E-7,0.929251790046692,0.960471272468567,30.7302570343018,0.187013030052185,30,4,200,-0.0021273426245898,-0.139450818300247,-0.100035756826401,1,,,,,,,,,,,,,,,,
,3952769225.72253,236.16365814209,999.626220703125,,,6,,,,30.947511550632,,,1,,,,,,,,,,,,,,,,,,,,,,235.424591064453,236.962265014648,999.626220703125,999.626220703125,,,6.14007568359375,,1,0,0,0,0,30.7917900085449,2,1,1,235.365051269531,0,236.206910875109,,,5.39417657412563E-6,2.67518843688732E-7,5.40027518446419E-6,2.67530887610462E-7,0.885260224342346,0.895016193389893,30.7720260620117,5.54725408554077,30,4,200,-0.0011129971826449,-0.169259324669838,-0.135240823030472,1,,,,,,,,,,,,,,,,
,3952769235.65349,234.520774841309,999.626220703125,,,6,,,,30.947511550632,,,1,,,,,,,,,,,,,,,,,,,,,,233.973159790039,235.34748840332,999.626220703125,999.626220703125,,,6.13968753814697,,1,0,0,0,0,31.2805480957031,2,1,1,233.694061279297,0,234.704967922635,,,5.72109877567325E-6,2.82735408768501E-7,5.73075372721818E-6,2.8275546937624E-7,0.9212926030159,0.945417881011963,30.7318420410156,2.04980169590175E-29,30,4,200,-0.00169528147671372,-0.185013607144356,-0.148557260632515,1,,,,,,,,,,,,,,,,
,3952769254.59372,231.430809020996,999.626220703125,,,6,,,,30.9418775916405,,,1,,,,,,,,,,,,,,,,,,,,,,230.722808837891,232.268600463867,999.626220703125,999.626220703125,,,6.1384220123291,,1,0,0,0,0,31.2805480957031,2,1,1,230.593017578125,0,231.559121025933,,,5.590544511276E-6,2.77980988306694E-7,5.60118823340629E-6,2.7800390727546E-7,0.86473935842514,0.878689408302307,30.7142925262451,,30,4,200,-0.00114821514580399,-0.217257976531982,-0.183038875460625,1,,,,,,,,,,,,,,,,
,3952769264.28013,229.84822845459,999.626220703125,,,6,,,,30.9418775916405,,,1,,,,,,,,,,,,,,,,,,,,,,229.256118774414,230.593017578125,999.626220703125,999.626220703125,,,6.13745880126953,,1,0,0,0,0,31.2805480957031,2,1,1,229.103439331055,0,229.938071356879,,,5.86611081119994E-6,2.89609611544403E-7,5.87764244663926E-6,2.89634768349623E-7,0.935286462306976,0.978964149951935,30.7096118927002,0,30,4,200,-0.00175227364525199,-0.235176727175713,-0.196477755904198,1,,,,,,,,,,,,,,,,
,3952769282.82258,226.730575561523,999.626220703125,,,6,,,,30.9363230668322,,,1,,,,,,,,,,,,,,,,,,,,,,226.070571899414,227.599502563477,999.626220703125,999.626220703125,,,6.13550043106079,,1,0,0,0,0,31.2805480957031,2,1,1,225.86164855957,0,226.89037238227,,,5.61508396773389E-6,2.80463555088348E-7,5.626406712563E-6,2.80487328919301E-7,0.835340619087219,0.847190618515015,30.7025680541992,0,30,4,200,-0.000771581544540823,-0.258332371711731,-0.224999770522118,1,,,,,,,,,,,,,,,,
,3952769292.59953,225.048484802246,999.626220703125,,,6,,,,30.9363230668322,,,1,,,,,,,,,,,,,,,,,,,,,,224.393478393555,225.810836791992,999.626220703125,999.626220703125,,,6.13482284545898,,1,0,0,0,0,31.7693061828613,2,1,1,224.2861328125,0,225.108525594076,,,5.93818583499642E-6,2.93594034047797E-7,5.95408665963332E-6,2.93625820589248E-7,0.915882229804993,0.955646336078644,30.6648120880127,0.187104761600494,30,4,200,-0.00134524202439934,-0.273230969905853,-0.236416786909103,1,,,,,,,,,,,,,,,,
,3952769310.84108,222.07250213623,999.626220703125,,,6,,,,30.9308882450836,,,1,,,,,,,,,,,,,,,,,,,,,,221.372253417969,222.833297729492,999.626220703125,999.626220703125,,,6.1330246925354,,1,0,0,0,0,31.2805480957031,2,1,1,221.28141784668,0,222.082712809245,,,5.86891340756029E-6,2.91011039047652E-7,5.87627461248574E-6,2.91025608594281E-7,0.886807024478912,0.897854149341583,30.7462100982666,0,30,4,200,-0.00114002823829651,-0.302025884389877,-0.266261130571365,1,,,,,,,,,,,,,,,,
,3952769320.7912,220.339485168457,999.626220703125,,,6,,,,30.9308882450836,,,1,,,,,,,,,,,,,,,,,,,,,,219.452835083008,221.28141784668,999.626220703125,999.626220703125,,,6.13290452957153,,1,0,0,0,0,31.2805480957031,2,1,1,219.397552490234,0,220.404006958008,,,6.18702549221425E-6,3.05653497892428E-7,6.20102712777809E-6,3.0568276395315E-7,0.925887584686279,0.965684235095978,30.6809158325195,0,30,4,200,-0.00163217831868678,-0.321920335292816,-0.281717211008072,1,,,,,,,,,,,,,,,,
,3952769339.54098,217.210655212402,999.626220703125,,,6,,,,30.9255921439524,,,1,,,,,,,,,,,,,,,,,,,,,,216.471099853516,218.063003540039,999.626220703125,999.626220703125,,,6.13014030456543,,1,0,0,0,0,31.7693061828613,2,1,1,216.358306884766,0,217.299996270074,,,6.16235243704345E-6,3.04773988927318E-7,6.16846067698211E-6,3.04784999774757E-7,0.912213027477264,0.92377495765686,30.7611179351807,0,30,4,200,-0.00124115438666195,-0.353116303682327,-0.31478151679039,1,,,,,,,,,,,,,,,,
,3952769349.17283,215.543632507324,999.626220703125,,,6,,,,30.9255921439524,,,1,,,,,,,,,,,,,,,,,,,,,,214.866683959961,216.358306884766,999.626220703125,999.626220703125,,,6.12907934188843,,1,0,0,0,0,31.2805480957031,2,1,1,214.728958129883,0,215.646355523003,,,6.40981348410953E-6,3.16148651313615E-7,6.41525699048979E-6,3.16159227809434E-7,0.952304303646088,0.974575638771057,30.7723140716553,,30,4,200,-0.00177940912544727,-0.370152860879898,-0.329503387212753,1,,,,,,,,,,,,,,,,
,3952769367.81818,212.481666564941,999.626220703125,,,6,,,,30.920443644068,,,1,,,,,,,,,,,,,,,,,,,,,,211.891357421875,213.291213989258,999.626220703125,999.626220703125,,,6.12738513946533,,1,0,0,0,0,31.2805480957031,2,1,1,211.672119140625,0,212.637420654297,,,6.20309383308287E-6,3.08062397479519E-7,6.21233527849375E-6,3.08079745336401E-7,0.873930692672729,0.885675132274628,30.7193756103516,0.0283436384052038,30,4,200,-0.00142565951682627,-0.393889516592026,-0.353125035762787,1,,,,,,,,,,,,,,,,
,3952769377.4914,210.774291992187,999.626220703125,,,6,,,,30.920443644068,,,1,,,,,,,,,,,,,,,,,,,,,,209.999877929687,211.672119140625,999.626220703125,999.626220703125,,,6.12622117996216,,1,0,0,0,0,31.2805480957031,2,1,1,209.87646484375,0,210.844297620985,,,6.6293295871844E-6,3.27367685864348E-7,6.64333887404761E-6,3.27395218830322E-7,0.931718349456787,0.975114345550537,30.6791934967041,5.53887987136841,30,4,200,-0.00161890266463161,-0.410982668399811,-0.370515584945679,1,,,,,,,,,,,,,,,,
,3952769395.78424,207.744537353516,999.626220703125,,,6,,,,30.9153164071338,,,1,,,,,,,,,,,,,,,,,,,,,,207.097351074219,208.478149414062,999.626220703125,999.626220703125,,,6.12396144866943,,1,0,0,0,0,31.7693061828613,2,1,1,207.010925292969,0,207.867869059245,,,6.39900269282803E-6,3.1745890275581E-7,6.40915534773288E-6,3.17478104246415E-7,0.8824063539505,0.895999431610107,30.707576751709,0,30,4,200,-0.00113860738929361,-0.438165485858917,-0.398269504308701,1,,,,,,,,,,,,,,,,
,3952769405.74188,206.155311584473,999.626220703125,,,6,,,,30.9153164071338,,,1,,,,,,,,,,,,,,,,,,,,,,205.356567382813,207.010925292969,999.626220703125,999.626220703125,,,6.12267637252808,,1,0,0,0,0,31.2805480957031,2,1,1,205.299697875977,0,206.252191162109,,,6.73954065491363E-6,3.33857892049739E-7,6.76747082734457E-6,3.33916478967566E-7,0.89559531211853,0.944907546043396,30.5772094726562,1.42777562359697E-5,30,4,200,-0.0012696263147518,-0.454178988933563,-0.413700520992279,1,,,,,,,,,,,,,,,,
,3952769424.60698,203.136756896973,999.626220703125,,,6,,,,30.9102317225385,,,1,,,,,,,,,,,,,,,,,,,,,,202.462127685547,203.929306030273,999.626220703125,999.626220703125,,,6.12013530731201,,1,0,0,0,0,31.7693061828613,2,1,1,202.344207763672,0,203.2085808648,,,6.66818644845209E-6,3.30681874727963E-7,6.68136548034255E-6,3.30707929962421E-7,0.885786890983582,0.903585970401764,30.6786346435547,0.187764883041382,30,4,200,-0.00081344781210646,-0.478842109441757,-0.439133197069168,1,,,,,,,,,,,,,,,,
,3952769434.41586,201.465217590332,999.626220703125,,,6,,,,30.9102317225385,,,1,,,,,,,,,,,,,,,,,,,,,,200.664047241211,202.299621582031,999.626220703125,999.626220703125,,,6.11956548690796,,1,0,0,0,0,31.2805480957031,2,1,1,200.630813598633,0,201.481252034505,,,7.01381041912994E-6,3.46163486108356E-7,7.02577104807054E-6,3.46186963710048E-7,0.940279364585876,0.982655346393585,30.6933212280273,3.59970999852521E-6,30,4,200,-0.00129341927822679,-0.492180585861206,-0.451613366603851,1,,,,,,,,,,,,,,,,
,3952769444.11913,199.801872253418,999.626220703125,,,6,,,,30.9102317225385,,,1,,,,,,,,,,,,,,,,,,,,,,199.103469848633,200.612991333008,999.626220703125,999.626220703125,,,6.11828565597534,,1,0,0,0,0,30.7917900085449,2,1,1,198.990753173828,0,199.920515272352,,,6.66276804298544E-6,3.33257286551398E-7,6.70772359221982E-6,3.33352068961814E-7,0.827318370342255,0.868692278861999,30.4798965454102,5.52086019515991,30,4,200,-0.000104684797406662,-0.498046159744263,-0.461019575595856,1,,,,,,,,,,,,,,,,
,3952769462.29079,196.904808044434,999.626220703125,,,6,,,,30.9035922538821,,,1,,,,,,,,,,,,,,,,,,,,,,196.205673217773,197.635101318359,999.626220703125,999.626220703125,,,6.11574792861938,,1,0,0,0,0,31.2805480957031,2,1,1,196.174514770508,0,196.985273573134,,,6.86195333228891E-6,3.41248925552504E-7,6.88147500059912E-6,3.41288602657944E-7,0.863697171211243,0.885039687156677,30.6253185272217,0.0415435507893562,30,4,200,-0.000689406530000269,-0.515347957611084,-0.476714938879013,1,,,,,,,,,,,,,,,,
,3952769472.20214,195.168510437012,999.626220703125,,,6,,,,30.9035922538821,,,1,,,,,,,,,,,,,,,,,,,,,,194.22184753418,196.115173339844,999.626220703125,999.626220703125,,,6.11406707763672,,1,0,0,0,0,31.2805480957031,2,1,1,194.22184753418,0,195.196098327637,,,7.31674098741398E-6,3.61854906790135E-7,7.33872449466647E-6,3.61899986029596E-7,0.912591636180878,0.956219077110291,30.6160926818848,0.0306076966226101,30,4,200,-0.00140922400169075,-0.529473006725311,-0.487235426902771,1,,,,,,,,,,,,,,,,
,3952769482.19017,193.492294311523,999.626220703125,,,6,,,,30.9035922538821,,,1,,,,,,,,,,,,,,,,,,,,,,192.905746459961,194.171508789062,999.626220703125,999.626220703125,,,6.11229085922241,,1,0,0,0,0,31.2805480957031,2,1,1,192.813079833984,0,193.570802476671,,,7.03180351477591E-6,3.49972149577623E-7,7.06436251063619E-6,3.50038081129799E-7,0.858126640319824,0.893203675746918,30.5468463897705,0,30,4,200,-0.00120297865942121,-0.545993745326996,-0.503558397293091,1,,,,,,,,,,,,,,,,
,3952769500.85927,190.399841308594,999.626220703125,,,6,,,,30.8970833301686,,,1,,,,,,,,,,,,,,,,,,,,,,189.650482177734,191.149200439453,999.626220703125,999.626220703125,,,6.10894393920898,,1,0,0,0,0,31.2805480957031,2,1,1,189.650482177734,0,190.479148864746,,,7.1864259155985E-6,3.57212510680026E-7,7.20284126938031E-6,3.57244483159395E-7,0.867223620414734,0.884617209434509,30.6483726501465,0,30,4,200,-0.000826065836008638,-0.575101554393768,-0.533952951431274,1,,,,,,,,,,,,,,,,
,3952769510.57673,188.768585205078,999.626220703125,,,6,,,,30.8970833301686,,,1,,,,,,,,,,,,,,,,,,,,,,187.986083984375,189.636840820313,999.626220703125,999.626220703125,,,6.10793733596802,,1,0,0,0,0,31.2805480957031,2,1,1,187.900329589844,0,188.829923841688,,,7.61070619478944E-6,3.7661133483381E-7,7.63904561768183E-6,3.76667977777126E-7,0.906249523162842,0.958842694759369,30.5766201019287,2.10268153750803E-5,30,4,200,-0.00104637152981013,-0.58771938085556,-0.54557341337204,1,,,,,,,,,,,,,,,,
,3952769520.54254,187.110313415527,999.626220703125,,,6,,,,30.8970833301686,,,1,,,,,,,,,,,,,,,,,,,,,,186.388549804687,187.900329589844,999.626220703125,999.626220703125,,,6.10602140426636,,1,0,0,0,0.0128173828125,31.2805480957031,2,1,1,186.320297241211,0,187.164822387695,,,7.24618568016607E-6,3.61124127520345E-7,7.27531150663359E-6,3.61181654148711E-7,0.849192321300507,0.876773238182068,30.566385269165,,30,4,200,-0.000119746495329309,-0.593477368354797,-0.553013503551483,1,,,,,,,,,,,,,,,,
,3952769539.43308,184.125419616699,999.626220703125,,,6,,,,30.8905274860015,,,1,,,,,,,,,,,,,,,,,,,,,,183.479537963867,184.936325073242,999.626220703125,999.626220703125,,,6.10273361206055,,1,0,0,0,0,31.2805480957031,2,1,1,183.314514160156,0,184.2431640625,,,7.5165716987743E-6,3.73311483400566E-7,7.53904237835702E-6,3.73356323381766E-7,0.873549997806549,0.898337841033935,30.6056213378906,0.043473094701767,30,4,200,-0.000363929779268801,-0.609879553318024,-0.569204926490784,1,,,,,,,,,,,,,,,,
,3952769549.18472,182.51195526123,999.626220703125,,,6,,,,30.8905274860015,,,1,,,,,,,,,,,,,,,,,,,,,,181.709396362305,183.314514160156,999.626220703125,999.626220703125,,,6.10128259658813,,1,0,0,0,0.0128173828125,31.2805480957031,2,1,1,181.709396362305,0,182.500793457031,,,8.00152367411302E-6,3.96053807785002E-7,8.03201752389788E-6,3.96115704064282E-7,0.903533816337585,0.954698741436005,30.5666675567627,0.18732850253582,30,4,200,-0.000944818835705519,-0.616455674171448,0.542229473590851,1,,,,,,,,,,,,,,,,
,3952769558.92545,180.870323181152,999.626220703125,,,6,,,,30.8905274860015,,,1,,,,,,,,,,,,,,,,,,,,,,180.187133789062,181.695358276367,999.626220703125,999.626220703125,,,6.09971189498901,,1,0,0,0,0.0128173828125,31.2805480957031,2,1,1,180.045288085938,0,180.969033135308,,,7.59533828707285E-6,3.78840032797306E-7,7.64185121750301E-6,3.78937408155077E-7,0.843892812728882,0.886461079120636,30.4797782897949,5.52084922790527,30,4,200,-2.56601342698559E-5,0.497277408838272,0.538810849189758,1,,,,,,,,,,,,,,,,
,3952769577.12747,177.69409942627,999.626220703125,,,6,,,,30.8841808200213,,,1,,,,,,,,,,,,,,,,,,,,,,176.974304199219,178.471084594727,999.626220703125,999.626220703125,,,6.09630966186523,,1,0,0,0,0,31.2805480957031,2,1,1,176.917114257813,0,177.722596910265,,,7.96413010972966E-6,3.94344153520764E-7,7.98328214527508E-6,3.94381871056669E-7,0.899927377700806,0.926259458065033,30.6276512145996,0,30,4,200,-0.000176394649315625,0.483278542757034,0.524137318134308,1,,,,,,,,,,,,,,,,
,3952769587.0454,176.112571716309,999.626220703125,,,6,,,,30.8841808200213,,,1,,,,,,,,,,,,,,,,,,,,,,175.332138061523,176.893005371094,999.626220703125,999.626220703125,,,6.09450721740723,,1,0,0,0,0.0128173828125,31.2805480957031,2,1,1,175.332138061523,0,176.137297058105,,,8.14155344952257E-6,4.04315276418E-7,8.19243654132723E-6,4.0442037212778E-7,0.874244868755341,0.936818957328796,30.4690647125244,0,30,4,200,-5.24528040841687E-5,0.479513853788376,0.520369648933411,1,,,,,,,,,,,,,,,,
,3952769597.03635,174.495567321777,999.626220703125,,,6,,,,30.8841808200213,,,1,,,,,,,,,,,,,,,,,,,,,,173.828231811523,175.28239440918,999.626220703125,999.626220703125,,,6.09262847900391,,1,0,0,0,0,31.2805480957031,2,1,1,173.708740234375,0,174.556832207574,,,7.91319600845312E-6,3.94416559492222E-7,7.9442640234773E-6,3.94477907194888E-7,0.848355531692505,0.875037610530853,30.5575370788574,0,30,4,200,0.000453644606750458,0.478562265634537,0.520166993141174,1,,,,,,,,,,,,,,,,
,3952769615.57024,171.500373840332,999.626220703125,,,6,,,,30.8779182577789,,,1,,,,,,,,,,,,,,,,,,,,,,170.779327392578,172.355377197266,999.626220703125,999.626220703125,,,6.08948564529419,,1,0,0,0,0,31.2805480957031,2,1,1,170.645370483398,0,171.593041314019,,,8.25529277116147E-6,4.10160058235966E-7,8.28745023903998E-6,4.10224915280989E-7,0.870553374290466,0.903074264526367,30.5521697998047,0.0455653183162212,30,4,200,-0.000120802695164457,0.468417018651962,0.511634469032288,1,,,,,,,,,,,,,,,,
,3952769625.26614,169.840644836426,999.626220703125,,,6,,,,30.8779182577789,,,1,,,,,,,,,,,,,,,,,,,,,,169.11393737793,170.612869262695,999.626220703125,999.626220703125,,,6.08797025680542,,1,0,0,0,0.0141143798828125,31.2805480957031,2,1,1,169.035919189453,0,169.900802612305,,,8.66031552722916E-6,4.27775386657692E-7,8.6827733724776E-6,4.27818582500486E-7,0.927937209606171,0.984872937202454,30.6105289459229,5.53267812728882,30,4,200,-0.00120259320829064,0.457564860582352,0.505157172679901,1,,,,,,,,,,,,,,,,
,3952769635.27314,168.173271179199,999.626220703125,,,6,,,,30.8779182577789,,,1,,,,,,,,,,,,,,,,,,,,,,167.451965332031,169.035919189453,999.626220703125,999.626220703125,,,6.08602476119995,,1,0,0,0,0.0141143798828125,31.2805480957031,2,1,1,167.310623168945,0,168.256781005859,,,8.38694980816245E-6,4.1821565742689E-7,8.42607926329632E-6,4.18294121967446E-7,0.845520079135895,0.877101540565491,30.5228958129883,0.0326326116919518,30,4,200,0.000470033730380237,0.455059856176376,0.499220907688141,1,,,,,,,,,,,,,,,,
,3952769654.23028,165.051620483398,999.626220703125,,,6,,,,30.8717085451107,,,1,,,,,,,,,,,,,,,,,,,,,,164.327117919922,165.837020874023,999.626220703125,999.626220703125,,,6.08234071731567,,1,0,0,0,0.0141143798828125,31.2805480957031,2,1,1,164.266220092773,0,165.060587565104,,,8.70477713740306E-6,4.31619406997685E-7,8.73347613519881E-6,4.31678803159445E-7,0.886970341205597,0.919198930263519,30.5727596282959,0.0467857681214809,30,4,200,0.000316646473947912,0.448548942804337,0.491245418787003,1,,,,,,,,,,,,,,,,
,3952769664.04338,163.366020202637,999.626220703125,,,6,,,,30.8717085451107,,,1,,,,,,,,,,,,,,,,,,,,,,162.698822021484,164.236114501953,999.626220703125,999.626220703125,,,6.08095550537109,,1,0,0,0,0.0128173828125,31.2805480957031,2,1,1,162.49592590332,0,163.516064114041,,,8.96685521610817E-6,4.44881373603844E-7,9.01641410262519E-6,4.44984761656057E-7,0.881850600242615,0.94089937210083,30.4817790985107,0,30,4,200,-0.000153921180753969,0.4445920586586,0.489649325609207,1,,,,,,,,,,,,,,,,
,3952769673.74974,161.667556762695,999.626220703125,,,6,,,,30.8717085451107,,,1,,,,,,,,,,,,,,,,,,,,,,160.971420288086,162.46125793457,999.626220703125,999.626220703125,,,6.07895851135254,,1,0,0,0,0,31.2805480957031,2,1,1,160.87385559082,0,161.746471828885,,,9.10531782250348E-6,4.52362294339206E-7,9.16598205621666E-6,4.5249093601107E-7,0.871071517467499,0.936423897743225,30.4439926147461,0.188131526112556,30,4,200,-0.00044174850336276,0.437000006437302,0.48451092839241,1,,,,,,,,,,,,,,,,
,3952769691.94517,158.748146057129,999.626220703125,,,6,,,,30.865580542786,,,1,,,,,,,,,,,,,,,,,,,,,,158.0029296875,159.537002563477,999.626220703125,999.626220703125,,,6.07525968551636,,1,0,0,0,0,31.2805480957031,2,1,1,157.959289550781,0,158.729831271701,,,9.11903611615938E-6,4.51949343953513E-7,9.14647511924223E-6,4.52004311550069E-7,0.891124963760376,0.921642005443573,30.5795211791992,INF,30,4,200,-0.000193777726963162,0.426207482814789,0.473349124193192,1,,,,,,,,,,,,,,,,
,3952769701.9344,157.004089355469,999.626220703125,,,6,,,,30.865580542786,,,1,,,,,,,,,,,,,,,,,,,,,,156.128463745117,157.906860351562,999.626220703125,999.626220703125,,,6.07352352142334,,1,0,0,0,0,31.2805480957031,2,1,1,156.101318359375,0,157.087210083008,,,9.50610056469124E-6,4.71239967208727E-7,9.55793850204799E-6,4.71345834869155E-7,0.889077544212341,0.955831527709961,30.478666305542,3.99022626876831,30,4,200,-0.000536560721229762,0.418445348739624,0.46697199344635,1,,,,,,,,,,,,,,,,
,3952769711.97817,155.341102600098,999.626220703125,,,6,,,,30.865580542786,,,1,,,,,,,,,,,,,,,,,,,,,,154.827163696289,156.038772583008,999.626220703125,999.626220703125,,,6.07166481018066,,1,0,0,0,0.0128173828125,31.2805480957031,2,1,1,154.643432617187,0,155.467849731445,,,9.16121033992819E-6,4.57073680232606E-7,9.19844494747292E-6,4.57148411148156E-7,0.842108905315399,0.86843729019165,30.534553527832,0,30,4,200,0.000492556893732399,0.417640000581741,0.466406285762787,1,,,,,,,,,,,,,,,,
,3952769730.46036,152.494812011719,999.626220703125,,,6,,,,30.8595162898213,,,1,,,,,,,,,,,,,,,,,,,,,,151.835723876953,153.313278198242,999.626220703125,999.626220703125,,,6.067542552948,,1,0,0,0,0,30.7917900085449,2,1,1,151.676345825195,0,152.616248236762,,,9.64036199679505E-6,4.77976913654992E-7,9.67319673382652E-6,4.78041458501739E-7,0.887573778629303,0.921445548534393,30.5551872253418,0,30,4,200,-0.0003556904848665,0.400242656469345,0.450712710618973,1,,,,,,,,,,,,,,,,
,3952769740.18591,150.837669372559,999.626220703125,,,6,,,,30.8595162898213,,,1,,,,,,,,,,,,,,,,,,,,,,150.082275390625,151.654479980469,999.626220703125,999.626220703125,,,6.06585216522217,,1,0,0,0,0.0141143798828125,31.2805480957031,2,1,1,150.020858764648,0,150.917626274957,,,9.97287793571598E-6,4.94759070090309E-7,1.00342137241548E-5,4.94884060604361E-7,0.882443726062775,0.953568577766418,30.4484176635742,,30,4,200,-0.000528648204635829,0.392945230007172,0.443303793668747,1,,,,,,,,,,,,,,,,
,3952769750.21266,149.128616333008,999.626220703125,,,6,,,,30.8595162898213,,,1,,,,,,,,,,,,,,,,,,,,,,148.59797668457,150.020858764648,999.626220703125,999.626220703125,,,6.06345129013062,,1,0,0,0,0,31.2805480957031,2,1,1,148.236373901367,0,149.328004625109,,,9.75205097814883E-6,4.85424505452222E-7,9.80777926087449E-6,4.85538810063162E-7,0.857191562652588,0.901853322982788,30.4643440246582,,30,4,200,0.000236028150538914,0.388621240854263,0.439973890781403,1,,,,,,,,,,,,,,,,
,3952769769.19023,145.892517089844,999.626220703125,,,6,,,,30.8534989776723,,,1,,,,,,,,,,,,,,,,,,,,,,145.157958984375,146.719253540039,999.626220703125,999.626220703125,,,6.05975866317749,,1,0,0,0,0,31.7693061828613,2,1,1,145.065780639648,0,145.999718560113,,,1.02412659549508E-5,5.06147785117338E-7,1.02562224578069E-5,5.06176743689238E-7,0.920630633831024,0.940763413906097,30.6542491912842,0.0364187210798264,30,4,200,0.000936987402383238,0.383240431547165,0.435360282659531,1,,,,,,,,,,,,,,,,
,3952769778.87251,144.236457824707,999.626220703125,,,6,,,,30.8534989776723,,,1,,,,,,,,,,,,,,,,,,,,,,143.407135009766,145.065780639648,999.626220703125,999.626220703125,,,6.05793285369873,,1,0,0,0,0.0128173828125,31.2805480957031,2,1,1,143.407135009766,0,144.283538818359,,,1.06508985757491E-5,5.26967375828639E-7,1.06937057081452E-5,5.27055232428677E-7,0.907993316650391,0.971500277519226,30.5214786529541,,30,4,200,-0.000801639165729284,0.38283184170723,0.436431258916855,1,,,,,,,,,,,,,,,,
,3952769788.55118,142.505043029785,999.626220703125,,,6,,,,30.8534989776723,,,1,,,,,,,,,,,,,,,,,,,,,,141.762512207031,143.33837890625,999.626220703125,999.626220703125,,,6.05525922775269,,1,0,0,0,0.0128173828125,31.2805480957031,2,1,1,141.67170715332,0,142.569424099392,,,1.08279210662962E-5,5.35182648738987E-7,1.08638608821043E-5,5.35255593164157E-7,0.919678509235382,0.989153325557709,30.5512065887451,0.174034371972084,30,4,200,-0.00181403465103358,0.365997940301895,0.427255123853683,1,,,,,,,,,,,,,,,,
,3952769806.85926,139.498962402344,999.626220703125,,,6,,,,30.8475516936247,,,1,,,,,,,,,,,,,,,,,,,,,,138.788009643555,140.296127319336,999.626220703125,999.626220703125,,,6.05125665664673,,1,0,0,0,0,30.7917900085449,2,1,1,138.701797485352,0,139.541081746419,,,1.09374026456341E-5,5.40813416955714E-7,1.09727922373729E-5,5.40882091971216E-7,0.914806365966797,0.967183113098145,30.5501041412354,3.98768949508667,30,4,200,-0.000757267756853253,0.339862763881683,0.396267116069794,1,,,,,,,,,,,,,,,,
,3952769816.82862,137.772605895996,999.626220703125,,,6,,,,30.8475516936247,,,1,,,,,,,,,,,,,,,,,,,,,,136.894332885742,138.701797485352,999.626220703125,999.626220703125,,,6.04882764816284,,1,0,0,0,0.0128173828125,30.7917900085449,2,1,1,136.843414306641,0,137.854817199707,,,1.11822756950469E-5,5.53687495917655E-7,1.12359129248033E-5,5.53796326517672E-7,0.899980902671814,0.970393300056457,30.484037399292,0,30,4,200,-0.000603414373472333,0.330652117729187,0.387817829847336,1,,,,,,,,,,,,,,,,
,3952769826.80454,136.087715148926,999.626220703125,,,6,,,,30.8475516936247,,,1,,,,,,,,,,,,,,,,,,,,,,135.451614379883,136.843414306641,999.626220703125,999.626220703125,,,6.04656219482422,,1,0,0,0,0,31.2805480957031,2,1,1,135.332015991211,0,136.161597357856,,,1.12444747059763E-5,5.56536066728497E-7,1.12829636819051E-5,5.56609255208629E-7,0.904187202453613,0.948543071746826,30.5417022705078,,30,4,200,0.00015784909192007,0.329537749290466,0.38412743806839,1,,,,,,,,,,,,,,,,
,3952769845.50601,132.958541870117,999.626220703125,,,6,,,,30.8417793109868,,,1,,,,,,,,,,,,,,,,,,,,,,132.172180175781,133.784454345703,999.626220703125,999.626220703125,,,6.04204130172729,,1,0,0,0,0,29.8142719268799,2,1,1,132.132629394531,0,132.976811218262,,,1.16546343146281E-5,5.76310184946278E-7,1.16956663729205E-5,5.76394594101954E-7,0.914152681827545,0.974294304847717,30.5316295623779,,30,4,200,-0.00025128124980256,0.320294886827469,0.376610606908798,1,,,,,,,,,,,,,,,,
,3952769855.83126,131.268264770508,999.626220703125,,,6,,,,30.8417793109868,,,1,,,,,,,,,,,,,,,,,,,,,,130.669479370117,132.108489990234,999.626220703125,999.626220703125,,,6.04002332687378,,1,0,0,0,0,31.2805480957031,2,1,1,130.428039550781,0,131.410815768772,,,1.18164246604339E-5,5.85605224103354E-7,1.18813326488951E-5,5.85740749312104E-7,0.891584694385529,0.963538706302643,30.453405380249,5.51846027374268,30,4,200,-0.000548460520803928,0.313645988702774,0.37291020154953,1,,,,,,,,,,,,,,,,
,3952769865.9291,129.570465087891,999.626220703125,,,6,,,,30.8417793109868,,,1,,,,,,,,,,,,,,,,,,,,,,128.855499267578,130.401718139648,999.626220703125,999.626220703125,,,6.03784275054932,,1,0,0,0,0,31.2805480957031,2,1,1,128.739212036133,0,129.673355102539,,,1.1902645038984E-5,5.8984997967726E-7,1.19522076478531E-5,5.89950165711827E-7,0.892021358013153,0.93876439332962,30.5049953460693,3.10484119836474E-6,30,4,200,-0.000158698734594509,0.309888929128647,0.368732690811157,1,,,,,,,,,,,,,,,,
,3952769884.50211,126.601097106934,999.626220703125,,,6,,,,30.8359654973518,,,1,,,,,,,,,,,,,,,,,,,,,,125.989601135254,127.367073059082,999.626220703125,999.626220703125,,,6.03296899795532,,1,0,0,0,0,31.2805480957031,2,1,1,125.835121154785,0,126.654669867622,,,1.24000490766627E-5,6.13464998592864E-7,1.24473915801813E-5,6.13560266116651E-7,0.908767104148865,0.967643022537231,30.5130348205566,0,30,4,200,-0.000781113631092012,0.285641849040985,0.349700450897217,1,,,,,,,,,,,,,,,,
,3952769894.22252,124.936367034912,999.626220703125,,,6,,,,30.8359654973518,,,1,,,,,,,,,,,,,,,,,,,,,,124.15657043457,125.77400970459,999.626220703125,999.626220703125,,,6.03002071380615,,1,0,0,0,0.0128173828125,31.2805480957031,2,1,1,124.098724365234,0,124.983949449327,,,1.25453532113491E-5,6.21453804024397E-7,1.26095424099998E-5,6.21586004027546E-7,0.895716607570648,0.966054737567902,30.461519241333,0,30,4,200,-0.00100557238329202,0.274097621440887,0.339350581169128,1,,,,,,,,,,,,,,,,
,3952769904.19343,123.221954345703,999.626220703125,,,6,,,,30.8359654973518,,,1,,,,,,,,,,,,,,,,,,,,,,122.590309143066,124.03938293457,999.626220703125,999.626220703125,,,6.02769756317139,,1,0,0,0,0,30.7917900085449,2,1,1,122.404525756836,0,123.333972167969,,,1.26720559346935E-5,6.2741197657411E-7,1.27253172986705E-5,6.27517576064787E-7,0.900638818740845,0.956779062747955,30.4971122741699,0.000152542401337996,30,4,200,-0.000691242050379515,0.264174938201904,0.329099804162979,1,,,,,,,,,,,,,,,,
,3952769923.01826,120.093173980713,999.626220703125,,,6,,,,30.8302879782778,,,1,,,,,,,,,,,,,,,,,,,,,,119.390594482422,120.903739929199,999.626220703125,999.626220703125,,,6.02222204208374,,1,0,0,0,0,31.2805480957031,2,1,1,119.282608032227,0,120.176833258735,,,1.32994966774591E-5,6.57931763310196E-7,1.33530308715917E-5,6.5803607878418E-7,0.909289360046387,0.976654946804047,30.498161315918,,30,4,200,-0.000867677503265441,0.240779399871826,0.308115065097809,1,,,,,,,,,,,,,,,,
,3952769932.71341,118.488735198975,999.626220703125,,,6,,,,30.8302879782778,,,1,,,,,,,,,,,,,,,,,,,,,,117.875053405762,119.282608032227,999.626220703125,999.626220703125,,,6.01969003677368,,1,0,0,0,0,31.2805480957031,2,1,1,117.694862365723,0,118.582565307617,,,1.34411586690172E-5,6.65875031956463E-7,1.35140842678522E-5,6.66024768216149E-7,0.895057439804077,0.973510026931763,30.4440841674805,0.041198443621397,30,4,200,-0.000957912590820342,0.229351252317429,0.298182964324951,1,,,,,,,,,,,,,,,,
,3952769942.39073,116.847217559814,999.626220703125,,,6,,,,30.8302879782778,,,1,,,,,,,,,,,,,,,,,,,,,,116.073448181152,117.677040100098,999.626220703125,999.626220703125,,,6.01714277267456,,1,0,0,0,0.0128173828125,31.2805480957031,2,1,1,116.017395019531,0,116.862837049696,,,1.35935904402354E-5,6.73423481019448E-7,1.36583137495373E-5,6.73555386049441E-7,0.895097434520721,0.955781161785126,30.470043182373,0.041499562561512,30,4,200,-0.00080888211959973,0.220262840390205,0.289237082004547,1,,,,,,,,,,,,,,,,
,3952769960.58629,113.864295959473,999.626220703125,,,6,,,,30.8248381989589,,,1,,,,,,,,,,,,,,,,,,,,,,113.033409118652,114.723724365234,999.626220703125,999.626220703125,,,6.01106643676758,,1,0,0,0,0,31.2805480957031,2,1,1,113.004867553711,0,113.85705142551,,,1.41797552307102E-5,7.01620073072029E-7,1.42409257570698E-5,7.01743185083972E-7,0.907108783721924,0.979807555675507,30.4810562133789,5.17443766057113E-7,30,4,200,-0.000811289879493415,0.19900980591774,0.270031571388245,1,,,,,,,,,,,,,,,,
,3952769970.30487,112.180912017822,999.626220703125,,,6,,,,30.8248381989589,,,1,,,,,,,,,,,,,,,,,,,,,,111.51725769043,112.97624206543,999.626220703125,999.626220703125,,,6.00851964950562,,1,0,0,0,0,32.2580642700195,2,1,1,111.385581970215,0,112.297453138563,,,1.42393729957993E-5,7.05327971152781E-7,1.43076619868394E-5,7.05464853826581E-7,0.896277546882629,0.959567964076996,30.4628810882568,,30,4,200,-0.000190954931895249,0.194445922970772,0.26395371556282,1,,,,,,,,,,,,,,,,
,3952769980.41034,110.5026512146,999.626220703125,,,6,,,,30.8248381989589,,,1,,,,,,,,,,,,,,,,,,,,,,109.770164489746,111.319404602051,999.626220703125,999.626220703125,,,6.00536251068115,,1,0,0,0,0,30.7917900085449,2,1,1,109.685897827148,0,110.575369093153,,,1.45221869972585E-5,7.19186957759387E-7,1.45895771265148E-5,7.19324249447857E-7,0.89828222990036,0.960993826389313,30.468770980835,1.9985045582871E-5,30,4,200,-0.000595073855947703,0.187370911240578,0.259150445461273,1,,,,,,,,,,,,,,,,
,3952769998.86839,107.476890563965,999.626220703125,,,6,,,,30.8194706074351,,,1,,,,,,,,,,,,,,,,,,,,,,106.766693115234,108.248596191406,999.626220703125,999.626220703125,,,5.99868726730347,,1,0,0,0,0,31.2805480957031,2,1,1,106.705184936523,0,107.502901713053,,,1.51992164448836E-5,7.52341163231021E-7,1.52694931513373E-5,7.52480685979308E-7,0.90324866771698,0.976558089256287,30.4635353088379,6.89640501150279E-7,30,4,200,-0.000699148280546069,0.167982742190361,0.242613703012466,1,,,,,,,,,,,,,,,,
,3952770008.52382,105.770233154297,999.626220703125,,,6,,,,30.8194706074351,,,1,,,,,,,,,,,,,,,,,,,,,,105.001800537109,106.64616394043,999.626220703125,999.626220703125,,,5.99583578109741,,1,0,0,0,0,30.7917900085449,2,1,1,104.894302368164,0,105.880410088433,,,1.52535952184343E-5,7.55714651398737E-7,1.5334406671978E-5,7.55879557815934E-7,0.894421279430389,0.967174768447876,30.4387836456299,0,30,4,200,-0.00053272518562153,0.16070893406868,0.235700488090515,1,,,,,,,,,,,,,,,,
,3952770018.168,104.14045715332,999.626220703125,,,6,,,,30.8194706074351,,,1,,,,,,,,,,,,,,,,,,,,,,103.44758605957,104.894302368164,999.626220703125,999.626220703125,,,5.99241542816162,,1,0,0,0,0,31.2805480957031,2,1,1,103.386611938477,0,104.193419562446,,,1.55833943410161E-5,7.72144661103706E-7,1.56643651807063E-5,7.72310092658556E-7,0.893324732780457,0.961178064346313,30.4431381225586,4.02842124458402E-6,30,4,200,-0.000274513731710613,0.156229943037033,0.231722429394722,1,,,,,,,,,,,,,,,,
,3952770036.66465,101.118709564209,999.626220703125,,,6,,,,30.8142837544403,,,1,,,,,,,,,,,,,,,,,,,,,,100.391822814941,101.905487060547,999.626220703125,999.626220703125,,,5.98552656173706,,1,0,0,0,0.0128173828125,31.7693061828613,2,1,1,100.331932067871,0,101.176155938043,,,1.62860833047451E-5,8.06635280083614E-7,1.63730369777091E-5,8.06812051505997E-7,0.897153735160828,0.979457974433899,30.4316253662109,1.00000047683716,30,4,200,-0.000815983104985207,0.136147230863571,0.217769876122475,1,,,,,,,,,,,,,,,,
,3952770046.66519,99.3584899902344,999.626220703125,,,6,,,,30.8142837544403,,,1,,,,,,,,,,,,,,,,,,,,,,98.4383392333984,100.27864074707,999.626220703125,999.626220703125,,,5.98161792755127,,1,0,0,0,0,31.2805480957031,2,1,1,98.4383392333984,0,99.3905952453613,,,1.64626172627538E-5,8.15875400661977E-7,1.65555474722771E-5,8.16065090961461E-7,0.891457617282867,0.967477977275848,30.4213428497314,5.32853221893311,30,4,200,-0.000485898810438812,0.128343939781189,0.208948343992233,1,,,,,,,,,,,,,,,,
,3952770056.64898,97.6720123291016,999.626220703125,,,6,,,,30.8142837544403,,,1,,,,,,,,,,,,,,,,,,,,,,97.0326156616211,98.4222793579102,999.626220703125,999.626220703125,,,5.9780912399292,,1,0,0,0,0.0128173828125,31.2805480957031,2,1,1,96.921745300293,0,97.7299601236979,,,1.68359887535001E-5,8.3422141967113E-7,1.69276503387396E-5,8.34408501173786E-7,0.893195688724518,0.967420995235443,30.4286880493164,0,30,4,200,-0.000322699721436948,0.125438705086708,0.205920219421387,1,,,,,,,,,,,,,,,,
,3952770075.21427,94.6939697265625,999.626220703125,,,6,,,,30.809119905079,,,1,,,,,,,,,,,,,,,,,,,,,,93.8428115844727,95.5451278686523,999.626220703125,999.626220703125,,,5.97053623199463,,1,0,0,0,0,31.2805480957031,2,1,1,93.8428115844727,0,94.7125701904297,,,1.75511175486602E-5,8.69113848993333E-7,1.76423100204885E-5,8.69299572332819E-7,0.899135529994965,0.983020544052124,30.4319877624512,0,30,4,200,-0.000679405115079135,0.106041558086872,0.191876202821732,1,,,,,,,,,,,,,,,,
,3952770084.91186,93.0890922546387,999.626220703125,,,6,,,,30.809119905079,,,1,,,,,,,,,,,,,,,,,,,,,,92.4483032226563,93.8081512451172,999.626220703125,999.626220703125,,,5.96686363220215,,1,0,0,0,0,31.2805480957031,2,1,1,92.3700332641602,0,93.1202799479167,,,1.77256734541178E-5,8.78308464375207E-7,1.7824242957553E-5,8.78503946712895E-7,0.893161118030548,0.97111976146698,30.4192962646484,0.0473280921578407,30,4,200,-0.000219014589674771,0.100808441638947,0.185814321041107,1,,,,,,,,,,,,,,,,
,3952770094.88392,91.5319633483887,999.626220703125,,,6,,,,30.809119905079,,,1,,,,,,,,,,,,,,,,,,,,,,90.6938934326172,92.3700332641602,999.626220703125,999.626220703125,,,5.96164703369141,,1,0,0,0,0,31.7693061828613,2,1,1,90.6938934326172,0,91.5017578125,,,1.80907248133675E-5,8.96868857396151E-7,1.81992462079336E-5,8.97083770769381E-7,0.888395547866821,0.967584013938904,30.40403175354,0.0477606765925884,30,4,200,-0.000224305782467127,0.0971839874982834,0.184045150876045,1,,,,,,,,,,,,,,,,
,3952770104.97903,89.8666839599609,999.626220703125,,,6,,,,30.809119905079,,,1,,,,,,,,,,,,,,,,,,,,,,89.2520980834961,90.6505889892578,999.626220703125,999.626220703125,,,5.95828485488892,,1,0,0,0,0,30.7917900085449,2,1,1,89.0827789306641,0,89.9631898668077,,,1.85098023912485E-5,9.17473887885991E-7,1.86180499500888E-5,9.17692660524533E-7,0.890063166618347,0.968792080879211,30.4094333648682,5.57527179978479E-8,30,4,200,-0.000321126281050965,0.0935648530721664,0.182273432612419,1,,,,,,,,,,,,,,,,
,3952770123.33575,86.8005027770996,999.626220703125,,,6,,,,30.8028691436907,,,1,,,,,,,,,,,,,,,,,,,,,,86.1746139526367,87.5951156616211,999.626220703125,999.626220703125,,,5.94936370849609,,1,0,0,0,0,30.7917900085449,2,1,1,86.0058898925781,0,86.8856268988715,,,1.93361689304816E-5,9.57802721545668E-7,1.94438784546356E-5,9.58024768614952E-7,0.896159887313843,0.98603230714798,30.4124412536621,0.187566891312599,30,4,200,-0.000804411945864558,0.0745789855718613,0.169181182980537,1,,,,,,,,,,,,,,,,
,3952770133.14491,85.1301307678223,999.626220703125,,,6,,,,30.8028691436907,,,1,,,,,,,,,,,,,,,,,,,,,,84.502685546875,85.9722366333008,999.626220703125,999.626220703125,,,5.94411134719849,,1,0,0,0,0,31.2805480957031,2,1,1,84.2880249023437,0,85.2264056735569,,,1.9807973194029E-5,9.81203008899378E-7,1.99200715366627E-5,9.81427313898417E-7,0.895870864391327,0.991477370262146,30.4083995819092,0.0499951280653477,30,4,200,-0.00165223388466984,0.0579138360917568,0.159793063998222,1,,,,,,,,,,,,,,,,
,3952770142.88556,83.4516754150391,999.626220703125,,,6,,,,30.8028691436907,,,1,,,,,,,,,,,,,,,,,,,,,,82.7556686401367,84.2409362792969,999.626220703125,999.626220703125,,,5.93892383575439,,1,0,0,0,0,31.2805480957031,2,1,1,82.6624145507812,0,83.4860195583767,,,2.0131589435045E-5,9.97303400486483E-7,2.02463195307382E-5,9.97545022084663E-7,0.895206451416016,0.987301528453827,30.4080352783203,,30,4,200,-0.000616792356595397,0.0496405139565468,0.146954387426376,1,,,,,,,,,,,,,,,,
,3952770152.88122,81.7915077209473,999.626220703125,,,6,,,,30.8028691436907,,,1,,,,,,,,,,,,,,,,,,,,,,80.9946975708008,82.6624145507812,999.626220703125,999.626220703125,,,5.93432235717773,,1,0,0,0,0,30.7917900085449,2,1,1,80.9206008911133,0,81.7999114990234,,,2.0512265544128E-5,1.01624160606955E-6,2.06305868701627E-5,1.01648965461123E-6,0.894466996192932,0.986424565315247,30.4056911468506,5.33057498931885,30,4,200,-0.000613877957221121,0.0439388453960419,0.142784163355827,1,,,,,,,,,,,,,,,,
,3952770171.70435,78.525260925293,999.626220703125,,,6,,,,30.79683673104,,,1,,,,,,,,,,,,,,,,,,,,,,77.8068542480469,79.3306121826172,999.626220703125,999.626220703125,,,5.92355680465698,,1,0,0,0,0,31.2805480957031,2,1,1,77.7199096679688,0,78.6097166273329,,,2.1410551201407E-5,1.06076909320406E-6,2.15351073573395E-5,1.06101525443346E-6,0.89425790309906,0.989650428295135,30.3973865509033,,30,4,200,-0.000773809850215912,0.0299353860318661,0.133955925703049,1,,,,,,,,,,,,,,,,
,3952770181.39366,76.8988151550293,999.626220703125,,,6,,,,30.79683673104,,,1,,,,,,,,,,,,,,,,,,,,,,76.0777206420898,77.7199096679688,999.626220703125,999.626220703125,,,5.91791582107544,,1,0,0,0,0.0128173828125,31.2805480957031,2,1,1,76.0777206420898,0,76.9452659606934,,,2.18282376484671E-5,1.0819366486754E-6,2.19645893871522E-5,1.08221095549099E-6,0.890244245529175,0.986878871917725,30.3829898834229,0,30,4,200,-0.000587704940699041,0.0237759258598089,0.128550365567207,1,,,,,,,,,,,,,,,,
,3952770191.08918,75.2758636474609,999.626220703125,,,6,,,,30.79683673104,,,1,,,,,,,,,,,,,,,,,,,,,,74.5361175537109,76.0590667724609,999.626220703125,999.626220703125,,,5.91195344924927,,1,0,0,0,0,30.7917900085449,2,1,1,74.4926605224609,0,75.2799250284831,,,2.2256828872554E-5,1.10336467119675E-6,2.23988039528022E-5,1.10365593037709E-6,0.888748645782471,0.983734309673309,30.3788223266602,0,30,4,200,-0.000560708402190357,0.0189819801598787,0.125202462077141,1,,,,,,,,,,,,,,,,
,3952770201.07236,73.4938926696777,999.626220703125,,,6,,,,30.79683673104,,,1,,,,,,,,,,,,,,,,,,,,,,72.5949935913086,74.4520416259766,999.626220703125,999.626220703125,,,5.90615797042847,,1,0,0,0,0,30.7917900085449,2,1,1,72.5357437133789,0,73.5355911254883,,,2.2787015661366E-5,1.12965583938184E-6,2.29335140036336E-5,1.12995439173045E-6,0.888689458370209,0.986620366573334,30.3769264221191,0.0757004991173744,30,4,200,-0.000892050040420145,0.0102989170700312,0.120879366993904,1,,,,,,,,,,,,,,,,
,3952770219.92184,70.1999855041504,999.626220703125,,,6,,,,30.7910782847386,,,1,,,,,,,,,,,,,,,,,,,,,,69.4024047851562,71.0818634033203,999.626220703125,999.626220703125,,,5.89295959472656,,1,0,0,0,0,31.2805480957031,2,1,1,69.3181076049805,0,70.2909639146593,,,2.37854181601419E-5,1.17926205788341E-6,2.39412244915847E-5,1.17958480602166E-6,0.887857913970947,0.987974941730499,30.367525100708,0.0546679981052876,30,4,200,-0.00102650374174118,-0.006748978048563,0.108758702874184,1,,,,,,,,,,,,,,,,
,3952770229.69175,68.5611763000488,999.626220703125,,,6,,,,30.7910782847386,,,1,,,,,,,,,,,,,,,,,,,,,,67.8042449951172,69.3181076049805,999.626220703125,999.626220703125,,,5.88603973388672,,1,0,0,0,0,31.2805480957031,2,1,1,67.8042449951172,0,68.5652228461372,,,2.42793109078643E-5,1.20398082781007E-6,2.44427851639468E-5,1.20432403927513E-6,0.886172473430634,0.986201643943787,30.3617897033691,,30,4,200,-0.000718041555956006,-0.0135556869208813,0.102770760655403,1,,,,,,,,,,,,,,,,
,3952770239.38967,66.9827651977539,999.626220703125,,,6,,,,30.7910782847386,,,1,,,,,,,,,,,,,,,,,,,,,,66.2850036621094,67.7724990844727,999.626220703125,999.626220703125,,,5.87830114364624,,1,0,0,0,0,31.2805480957031,2,1,1,66.1930313110352,0,67.0757327609592,,,2.48039476074333E-5,1.22982911996315E-6,2.4968468047624E-5,1.23017933036808E-6,0.88736367225647,0.989244520664215,30.3652362823486,0.187756314873695,30,4,200,-0.000977000454440713,-0.0226799957454205,0.0977807715535164,1,,,,,,,,,,,,,,,,
,3952770249.35598,65.2860832214355,999.626220703125,,,6,,,,30.7910782847386,,,1,,,,,,,,,,,,,,,,,,,,,,64.4405136108398,66.1930313110352,999.626220703125,999.626220703125,,,5.86960458755493,,1,0,0,0,0,31.2805480957031,2,1,1,64.3791351318359,0,65.3372421264648,,,2.54372973558447E-5,1.26149820694073E-6,2.5611416738446E-5,1.26186121881878E-6,0.885528683662415,0.988941729068756,30.3581714630127,2.03697300094063E-6,30,4,200,-0.0011487101437524,-0.0344155542552471,0.0906396880745888,1,,,,,,,,,,,,,,,,
,3952770268.10873,62.1334476470947,999.626220703125,,,6,,,,30.7855907338524,,,1,,,,,,,,,,,,,,,,,,,,,,61.4194641113281,62.9531555175781,999.626220703125,999.626220703125,,,5.85361289978027,,1,0,0,0,0.0128173828125,31.2805480957031,2,1,1,61.3137397766113,0,62.227047390408,,,2.66237249407063E-5,1.32071060297163E-6,2.68134991817794E-5,1.32109752919501E-6,0.883110523223877,0.98826414346695,30.3434410095215,,30,4,200,-0.000996498740278184,-0.0549795292317867,0.0740422010421753,1,,,,,,,,,,,,,,,,
,3952770277.8159,60.5234870910644,999.626220703125,,,6,,,,30.7855907338524,,,1,,,,,,,,,,,,,,,,,,,,,,59.907283782959,61.3137397766113,999.626220703125,999.626220703125,,,5.84463024139404,,1,0,0,0,0,31.2805480957031,2,1,1,59.7332344055176,0,60.6099590725369,,,2.71331624794265E-5,1.34632369203129E-6,2.73330687185303E-5,1.34674181388135E-6,0.880985975265503,0.985666930675507,30.3365154266357,0,30,4,200,-0.00102791411336511,-0.0638447850942612,0.0677394047379494,1,,,,,,,,,,,,,,,,
,3952770287.56693,58.8180885314941,999.626220703125,,,6,,,,30.7855907338524,,,1,,,,,,,,,,,,,,,,,,,,,,58.0307922363281,59.6656646728516,999.626220703125,999.626220703125,,,5.83488655090332,,1,0,0,0,0,31.2805480957031,2,1,1,57.9705123901367,0,58.8556857638889,,,2.77798150229884E-5,1.37841265907914E-6,2.79849680000616E-5,1.37884248813656E-6,0.880972266197205,0.986703276634216,30.3359661102295,0.0589929334819317,30,4,200,-0.0012407167814672,-0.0754141286015511,0.0602790340781212,1,,,,,,,,,,,,,,,,
,3952770297.59512,56.9825496673584,999.626220703125,,,6,,,,30.7855907338524,,,1,,,,,,,,,,,,,,,,,,,,,,56.1766014099121,57.9028816223145,999.626220703125,999.626220703125,,,5.82443475723267,,1,0,0,0,0.0128173828125,31.2805480957031,2,1,1,56.0622177124023,0,57.0823417663574,,,2.84305193241096E-5,1.41076693427219E-6,2.86421253989993E-5,1.41120632096688E-6,0.880580008029938,0.987514734268188,30.3339538574219,0.165412843227386,30,4,200,-0.00110840180423111,-0.0874728560447693,0.0511489920318127,1,,,,,,,,,,,,,,,,
,3952770316.33283,53.7691593170166,999.626220703125,,,6,,,,30.7804322719275,,,1,,,,,,,,,,,,,,,,,,,,,,53.0479316711426,54.571907043457,999.626220703125,999.626220703125,,,5.80162906646729,,1,0,0,0,0.0128173828125,31.2805480957031,2,1,1,52.9664115905762,0,53.8819109598796,,,2.98407821876318E-5,1.48083871933749E-6,3.00651660880723E-5,1.48130028671238E-6,0.880065739154816,0.988620758056641,30.3262310028076,,30,4,200,-0.000869063951540738,-0.105937466025352,0.0383351258933544,1,,,,,,,,,,,,,,,,
,3952770325.9793,52.1613025665283,999.626220703125,,,6,,,,30.7804322719275,,,1,,,,,,,,,,,,,,,,,,,,,,51.5100402832031,52.9664115905762,999.626220703125,999.626220703125,,,5.78992891311646,,1,0,0,0,0.0128173828125,31.2805480957031,2,1,1,51.3561935424805,0,52.2381969028049,,,3.05161984783307E-5,1.51423145031074E-6,3.07433894066688E-5,1.51470401568398E-6,0.880742609500885,0.989332914352417,30.3286609649658,0.176489993929863,30,4,200,-0.000720891111996025,-0.114919148385525,0.031632274389267,1,,,,,,,,,,,,,,,,
,3952770335.61187,50.4908390045166,999.626220703125,,,6,,,,30.7804322719275,,,1,,,,,,,,,,,,,,,,,,,,,,49.6872291564941,51.296501159668,999.626220703125,999.626220703125,,,5.77691316604614,,1,0,0,0,0.0128173828125,31.2805480957031,2,1,1,49.6254844665527,0,50.5302619934082,,,3.12689078028746E-5,1.55168688575072E-6,3.15035383533406E-5,1.55216719919946E-6,0.880182087421417,0.988681316375732,30.3267402648926,4.49862318419036E-6,30,4,200,-0.000638670986518264,-0.123570069670677,0.0261970963329077,1,,,,,,,,,,,,,,,,
,3952770345.60275,48.7817668914795,999.626220703125,,,6,,,,30.7804322719275,,,1,,,,,,,,,,,,,,,,,,,,,,48.1499557495117,49.6254844665527,999.626220703125,999.626220703125,,,5.76215791702271,,1,0,0,0,0.0128173828125,30.7917900085449,2,1,1,47.9380493164063,0,48.8579131232368,,,3.2017709231231E-5,1.58886281252717E-6,3.2258570105215E-5,1.58936612724E-6,0.880090713500977,0.988736093044281,30.3263263702393,0,30,4,200,-0.000703124329447746,-0.132868126034737,0.0212327651679516,1,,,,,,,,,,,,,,,,
,3952770355.62812,47.1278915405273,999.626220703125,,,6,,,,30.7804322719275,,,1,,,,,,,,,,,,,,,,,,,,,,46.4776840209961,47.8993263244629,999.626220703125,999.626220703125,,,5.74799823760986,,1,0,0,0,0.0128173828125,31.2805480957031,2,1,1,46.3564567565918,0,47.2156325446235,,,3.29105349483388E-5,1.6337340312141E-6,3.31698195621234E-5,1.6342728136636E-6,0.8772833943367,0.98824542760849,30.3155956268311,0,30,4,200,-0.000723460572771728,-0.142626017332077,0.0150709794834256,1,,,,,,,,,,,,,,,,
,3952770373.89928,43.9148769378662,999.626220703125,,,6,,,,30.7747238441547,,,1,,,,,,,,,,,,,,,,,,,,,,43.1425552368164,44.7685852050781,999.626220703125,999.626220703125,,,5.71842479705811,,1,0,0,0,0,31.2805480957031,2,1,1,43.0611686706543,0,44.0236990186903,,,3.43806788036121E-5,1.70681839667273E-6,3.46540404371973E-5,1.70737426984987E-6,0.876792192459106,0.989577114582062,30.3075656890869,5.50523090362549,30,4,200,-0.00088329566642642,-0.162951305508614,0.00289871613495052,1,,,,,,,,,,,,,,,,
,3952770383.61232,42.2960529327393,999.626220703125,,,6,,,,30.7747238441547,,,1,,,,,,,,,,,,,,,,,,,,,,41.7279396057129,43.0611686706543,999.626220703125,999.626220703125,,,5.70135498046875,,1,0,0,0,0.0141143798828125,30.7917900085449,2,1,1,41.5309371948242,0,42.4313888549805,,,3.52316345385753E-5,1.74957055530104E-6,3.55227810063532E-5,1.75016941353667E-6,0.874497532844543,0.989947736263275,30.2986736297607,0.0663124546408653,30,4,200,-0.000791862898040563,-0.17354716360569,-0.00521972123533487,1,,,,,,,,,,,,,,,,
,3952770393.29739,40.7235488891602,999.626220703125,,,6,,,,30.7747238441547,,,1,,,,,,,,,,,,,,,,,,,,,,40.0434761047363,41.5309371948242,999.626220703125,999.626220703125,,,5.68369150161743,,1,0,0,0,0.0128173828125,30.7917900085449,2,1,1,39.9161605834961,0,40.800893995497,,,3.59861676542572E-5,1.78701122173978E-6,3.62828945052394E-5,1.78762951302863E-6,0.874626755714417,0.989435315132141,30.2993278503418,5.31808614730835,30,4,200,-0.000877245212905109,-0.185571953654289,-0.0125546408817172,1,,,,,,,,,,,,,,,,
,3952770403.2626,39.0511455535889,999.626220703125,,,6,,,,30.7747238441547,,,1,,,,,,,,,,,,,,,,,,,,,,38.2657890319824,39.9161605834961,999.626220703125,999.626220703125,,,5.66244220733643,,1,0,0,0,0,31.2805480957031,2,1,1,38.1861305236816,0,39.0971920013428,,,3.67281160314105E-5,1.82423183971272E-6,3.70391844531882E-5,1.82488288016548E-6,0.873016893863678,0.989894986152649,30.2929039001465,5.50389909744263,30,4,200,-0.000692178495228291,-0.195319250226021,-0.0203200187534094,1,,,,,,,,,,,,,,,,
,3952770413.23746,37.3038444519043,999.626220703125,,,6,,,,30.7747238441547,,,1,,,,,,,,,,,,,,,,,,,,,,36.561767578125,38.1861305236816,999.626220703125,999.626220703125,,,5.6410551071167,,1,0,0,0,0.0141143798828125,30.7917900085449,2,1,1,36.421558380127,0,37.4349500868056,,,3.74173503054829E-5,1.85848137833238E-6,3.77349327972202E-5,1.8591413997727E-6,0.872950077056885,0.991054594516754,30.2924289703369,0,30,4,200,-0.000750159902963787,-0.205428779125214,-0.0269650593400002,1,,,,,,,,,,,,,,,,
,3952770431.83538,34.0965213775635,999.626220703125,,,6,,,,30.7695432998595,,,1,,,,,,,,,,,,,,,,,,,,,,33.4120979309082,34.9296073913574,999.626220703125,999.626220703125,,,5.5938720703125,,1,0,0,0,0.0128173828125,31.2805480957031,2,1,1,33.2634353637695,0,34.1266725328233,,,3.89285349114135E-5,1.93378617731816E-6,3.92640098748731E-5,1.93449854941084E-6,0.871969759464264,0.989869952201843,30.2836799621582,0,30,4,200,-0.000815559353213757,-0.224378675222397,-0.0388732738792896,1,,,,,,,,,,,,,,,,
,3952770441.55989,32.3925914764404,999.626220703125,,,6,,,,30.7695432998595,,,1,,,,,,,,,,,,,,,,,,,,,,31.6767597198486,33.1978950500488,999.626220703125,999.626220703125,,,5.56702709197998,,1,0,0,0,0.0128173828125,31.2805480957031,2,1,1,31.587287902832,0,32.4775447845459,,,3.96559503178908E-5,1.9699407317245E-6,3.99982730137514E-5,1.97066510752847E-6,0.871890902519226,0.990364015102386,30.283317565918,0,30,4,200,-0.00073970080120489,-0.233705773949623,-0.0456930696964264,1,,,,,,,,,,,,,,,,
,3952770451.51075,30.7113580703735,999.626220703125,,,6,,,,30.7695432998595,,,1,,,,,,,,,,,,,,,,,,,,,,29.9011516571045,31.587287902832,999.626220703125,999.626220703125,,,5.53589248657227,,1,0,0,0,0.0128173828125,31.7693061828613,2,1,1,29.835428237915,0,30.7743730545044,,,4.03407011074843E-5,2.00417215176566E-6,4.0693117454518E-5,2.00490454277011E-6,0.87106454372406,0.990065634250641,30.2801570892334,0.18813668191433,30,4,200,-0.000679928518366069,-0.243353769183159,-0.0518480986356735,1,,,,,,,,,,,,,,,,
,3952770461.44448,29.0010633468628,999.626220703125,,,6,,,,30.7695432998595,,,1,,,,,,,,,,,,,,,,,,,,,,28.2937431335449,29.835428237915,999.626220703125,999.626220703125,,,5.50327348709106,,1,0,0,0,0,32.7468223571777,2,1,1,28.1666984558105,0,29.1275675031874,,,4.10219892828232E-5,2.03832449030285E-6,4.13866107687714E-5,2.03908067482991E-6,0.869927763938904,0.989654362201691,30.2758808135986,0.0714422091841698,30,4,200,-0.000623394269496202,-0.251832693815231,-0.0576090589165688,1,,,,,,,,,,,,,,,,
,3952770471.10271,27.3487167358398,999.626220703125,,,6,,,,30.7695432998595,,,1,,,,,,,,,,,,,,,,,,,,,,26.5842037200928,28.1666984558105,999.626220703125,999.626220703125,,,5.46761417388916,,1,0,0,0,0.0128173828125,31.2805480957031,2,1,1,26.5307350158691,0,27.401347902086,,,4.166072310285E-5,2.07007776772665E-6,4.20317700042036E-5,2.07085681800646E-6,0.869871854782104,0.990154087543487,30.2756519317627,0,30,4,200,-0.000656612566672265,-0.260290086269379,-0.0628396198153496,1,,,,,,,,,,,,,,,,
,3952770480.79555,25.737771987915,999.626220703125,,,6,,,,30.7695432998595,,,1,,,,,,,,,,,,,,,,,,,,,,25.0994071960449,26.5307350158691,999.626220703125,999.626220703125,,,5.42745876312256,,1,0,0,0,0.0128173828125,31.2805480957031,2,1,1,24.9448089599609,0,25.8272092607286,,,4.2337133739193E-5,2.10391366114826E-6,4.2719033453657E-5,2.10472314159607E-6,0.869065821170807,0.989912211894989,30.2725887298584,0,30,4,200,-0.00048815569607541,-0.266920298337936,-0.0674179419875145,1,,,,,,,,,,,,,,,,
,3952770499.04687,22.657603263855,999.626220703125,,,6,,,,30.7641884718628,,,1,,,,,,,,,,,,,,,,,,,,,,21.8883190155029,23.5023956298828,999.626220703125,999.626220703125,,,5.33758401870728,,1,0,0,0,0,28.8367557525635,2,1,1,21.8128108978271,0,22.7430402967665,,,4.3700611525902E-5,2.17109249423604E-6,4.40825564706411E-5,2.17190075318711E-6,0.871078610420227,0.989965677261353,30.274923324585,0,30,4,200,-0.000218584813410416,-0.27951255440712,-0.0752696841955185,1,,,,,,,,,,,,,,,,
,3952770509.0155,20.9466276168823,999.626220703125,,,6,,,,30.7641884718628,,,1,,,,,,,,,,,,,,,,,,,,,,20.1374473571777,21.8128108978271,999.626220703125,999.626220703125,,,5.27890491485596,,1,0,0,0,0.0128173828125,30.3030319213867,2,1,1,20.0804443359375,0,21.0100519180298,,,4.43887387094495E-5,2.20568873733065E-6,4.47850365742947E-5,2.20651164449425E-6,0.869671404361725,0.989953458309174,30.269588470459,,30,4,200,-0.000399863085476682,-0.284932434558868,-0.0761171504855156,1,,,,,,,,,,,,,,,,
,3952770518.96627,19.3293752670288,999.626220703125,,,6,,,,30.7641884718628,,,1,,,,,,,,,,,,,,,,,,,,,,18.6780948638916,20.0804443359375,999.626220703125,999.626220703125,,,5.21299505233765,,1,0,0,0,0.0128173828125,30.7917900085449,2,1,1,18.5783061981201,0,19.3822591569689,,,4.51128937681462E-5,2.24141735834616E-6,4.55101151070409E-5,2.24224472710484E-6,0.870532214641571,0.989556491374969,30.2730236053467,,30,4,200,-0.00031503225909546,-0.291317999362946,-0.079351894557476,1,,,,,,,,,,,,,,,,
,3952770528.66362,17.7401599884033,999.626220703125,,,6,,,,30.7641884718628,,,1,,,,,,,,,,,,,,,,,,,,,,17.0060214996338,18.531120300293,999.626220703125,999.626220703125,,,5.1356258392334,,1,0,0,0,0.0128173828125,30.7917900085449,2,1,1,16.9491996765137,0,17.7417074839274,,,4.5892150683638E-5,2.28032256242047E-6,4.63004643230323E-5,2.28118878241469E-6,0.86990875005722,0.989399313926697,30.2706279754639,5.50187492370605,30,4,200,-0.000146635225974023,-0.295839428901672,-0.0811250805854797,1,,,,,,,,,,,,,,,,
,3952770538.28969,16.1576623916626,999.626220703125,,,6,,,,30.7641884718628,,,1,,,,,,,,,,,,,,,,,,,,,,15.4365797042847,16.9491996765137,999.626220703125,999.626220703125,,,5.03787994384766,,1,0,0,0,0.0128173828125,31.2805480957031,2,1,1,15.3661251068115,0,16.2113837136163,,,4.66274190295673E-5,2.31682887550291E-6,4.70411182054312E-5,2.31769074252662E-6,0.869998872280121,0.988956034183502,30.2711563110352,,30,4,200,5.70453121326864E-5,-0.298233449459076,-0.0805176794528961,1,,,,,,,,,,,,,,,,
,3952770548.31633,14.5023078918457,999.626220703125,,,6,,,,30.7641884718628,,,1,,,,,,,,,,,,,,,,,,,,,,13.7648468017578,15.2907457351685,999.626220703125,999.626220703125,,,4.92180871963501,,1,0,0,0,0,30.7917900085449,2,1,1,13.7138700485229,0,14.5442294120789,,,4.73278471102609E-5,2.35187844385224E-6,4.77532244634096E-5,2.35276303893519E-6,0.869207561016083,0.989450037479401,30.267936706543,0,30,4,200,0.000226722113438882,-0.29842734336853,-0.0777089074254036,1,,,,,,,,,,,,,,,,
,3952770558.13167,12.9637098312378,999.626220703125,,,6,,,,30.7641884718628,,,1,,,,,,,,,,,,,,,,,,,,,,12.3603353500366,13.7138700485229,999.626220703125,999.626220703125,,,4.76794338226318,,1,0,0,0,0.0128173828125,31.2805480957031,2,1,1,12.2135496139526,0,13.0560060077243,,,4.69649933157769E-5,2.33391598716935E-6,4.73890070992867E-5,2.33481597445074E-6,0.868986845016479,0.989560902118683,30.2671566009521,0.0764491632580757,30,4,200,0.000362518592737615,-0.294905841350555,-0.0734654515981674,1,,,,,,,,,,,,,,,,
,3952770576.54167,10.209011554718,999.626220703125,,,6,,,,30.7590985722262,,,1,,,,,,,,,,,,,,,,,,,,,,9.71812534332275,10.7540340423584,999.626220703125,999.626220703125,,,4.39900350570679,,1,0,0,0,0,31.2805480957031,2,1,1,9.66398906707764,0,10.1474159028795,,,4.40056858844514E-5,2.18748351924868E-6,4.44140059920608E-5,2.18831669166351E-6,0.866845786571503,0.986633062362671,30.2543926239014,0,30,4,200,0.000156559370225295,-0.271758019924164,-0.0654130652546883,1,,,,,,,,,,,,,,,,
,3952770586.26992,9.29888391494751,999.626220703125,,,6,,,,30.7590985722262,,,1,,,,,,,,,,,,,,,,,,,,,,8.97709369659424,9.65362548828125,999.626220703125,999.626220703125,,,4.26016902923584,,1,0,0,0,0,30.7917900085449,6,1,1,8.94414234161377,0,9.30859608120388,,,4.30016247026824E-5,2.13696786267523E-6,4.33888344157777E-5,2.13776612780111E-6,0.868951141834259,0.988106250762939,30.2621021270752,,30,4,200,-9.66562729445286E-5,-0.26620888710022,-0.065586544573307,1,,,,,,,,,,,,,,,,
,3952770596.27194,8.75421953201294,999.626220703125,,,6,,,,30.7590985722262,,,1,,,,,,,,,,,,,,,,,,,,,,8.57825756072998,8.94414234161377,999.626220703125,999.626220703125,,,4.15679597854614,,1,0,0,0,0,31.2805480957031,6,1,1,8.56429672241211,0,8.75244607925415,,,4.26027710304336E-5,2.11738608094556E-6,4.29917723909117E-5,2.11818779437445E-6,0.868105828762054,0.988714873790741,30.2586345672607,1,30,4,200,-0.000295471429126337,-0.264933705329895,-0.0664019361138344,1,,,,,,,,,,,,,,,,
,3952770606.23099,8.40446853637695,999.626220703125,,,6,,,,30.7590985722262,,,1,,,,,,,,,,,,,,,,,,,,,,8.27251720428467,8.56429672241211,999.626220703125,999.626220703125,,,4.0647668838501,,1,0,0,0,0.0128173828125,30.7917900085449,6,1,1,8.2446403503418,0,8.41953065660265,,,4.23325335449201E-5,2.10398299560505E-6,4.27192848351316E-5,2.1047791835554E-6,0.868004262447357,0.987999081611633,30.2584495544434,0.188210308551788,30,4,200,-7.94959487393498E-5,-0.265381038188934,-0.0684960186481476,1,,,,,,,,,,,,,,,,
,3952770615.89396,8.08963251113892,999.626220703125,,,6,,,,30.7590985722262,,,1,,,,,,,,,,,,,,,,,,,,,,7.94593000411987,8.2446403503418,999.626220703125,999.626220703125,,,3.9776771068573,,1,0,0,0,0.0128173828125,30.7917900085449,6,1,1,7.93462467193603,0,8.08794546127319,,,4.21362434319153E-5,2.0942984301813E-6,4.25223468196512E-5,2.09508931635966E-6,0.867753505706787,0.987508952617645,30.2575378417969,0,30,4,200,-0.000226499862037599,-0.265763461589813,-0.069527231156826,1,,,,,,,,,,,,,,,,
,3952770625.56375,7.85431861877441,999.626220703125,,,6,,,,30.7590985722262,,,1,,,,,,,,,,,,,,,,,,,,,,7.75289535522461,7.93462467193603,999.626220703125,999.626220703125,,,3.91092252731323,,1,0,0,0,0.0128173828125,30.7917900085449,6,1,1,7.77401256561279,0,7.8163455857171,,,4.18729802151773E-5,2.08164197555121E-6,4.22667740269697E-5,2.08245628736509E-6,0.866231918334961,0.989179849624634,30.2511920928955,0,30,4,200,-0.000654653005767614,-0.269182115793228,-0.0710182040929794,1,,,,,,,,,,,,,,,,
,3952770635.60097,7.77808713912964,999.626220703125,,,6,,,,30.7590985722262,,,1,,,,,,,,,,,,,,,,,,,,,,7.77740716934204,7.78708124160767,999.626220703125,999.626220703125,,,3.87208986282349,,1,0,0,0,0.0128173828125,30.7917900085449,6,1,1,7.77876710891724,0,7.78387726677789,,,4.17803097308296E-5,2.07697347449749E-6,4.21718555154337E-5,2.07779129758391E-6,0.8664510846138,0.988693594932556,30.2521591186523,,30,4,200,-0.000937837699893862,-0.276713132858276,-0.0777470245957375,1,,,,,,,,,,,,,,,,
,3952770645.38871,7.739914894104,999.626220703125,,,6,,,,30.7590985722262,,,1,,,,,,,,,,,,,,,,,,,,,,7.71452665328979,7.77769374847412,999.626220703125,999.626220703125,,,3.83742046356201,,1,0,0,0,0,30.7917900085449,6,1,1,7.70213603973389,0,7.74653768539429,,,4.17157033727331E-5,2.07347279661324E-6,4.20988808751575E-5,2.07425038170316E-6,0.867478668689728,0.986554682254791,30.2568092346191,,30,4,200,-0.000806622731033713,-0.283991277217865,-0.0862785205245018,1,,,,,,,,,,,,,,,,
,3952770663.88732,7.13629579544067,999.626220703125,,,6,,,,30.7539529484716,,,1,,,,,,,,,,,,,,,,,,,,,,6.86968088150024,7.55961227416992,999.626220703125,999.626220703125,,,3.71753859519959,,1,0,0,0,0.0128173828125,31.2805480957031,6,1,1,6.71297931671143,0,7.3507391611735,,,4.10799939993401E-5,2.04132260830327E-6,4.14369358991041E-5,2.04206533375783E-6,0.869500577449799,0.975477933883667,30.2648124694824,5.3141393661499,30,4,200,0.000717782415449619,-0.290346473455429,-0.0912742242217064,1,,,,,,,,,,,,,,,,
,3952770673.61118,5.8500382900238,999.626220703125,,,6,,,,30.7539529484716,,,1,,,,,,,,,,,,,,,,,,,,,,5.06067800521851,6.69290971755981,999.626220703125,999.626220703125,,,3.48231172561646,,1,0,0,0,0,30.7917900085449,6,1,1,5.00716686248779,0,5.88051393296984,,,4.02094010145587E-5,1.99893353094583E-6,4.05844458737757E-5,1.9997394736642E-6,0.86625736951828,0.98305743932724,30.2478771209717,,30,4,200,0.0031374073587358,-0.271142423152924,-0.0626696050167084,1,,,,,,,,,,,,,,,,
,3952770683.62858,4.5889196395874,999.626220703125,,,6,,,,30.7539529484716,,,1,,,,,,,,,,,,,,,,,,,,,,4.19508934020996,4.97581577301025,999.626220703125,999.626220703125,,,3.25720119476318,,1,0,0,0,0.0128173828125,31.2805480957031,6,1,1,4.20202350616455,0,4.39892339706421,,,4.03705530288948E-5,2.0147728110217E-6,4.08704579989407E-5,2.01583691105588E-6,0.8403000831604,0.952307045459747,30.1722850799561,2.79602591035655E-5,30,4,200,0.00163759046699852,-0.232273057103157,-0.0390378646552563,1,,,,,,,,,,,,,,,,
,3952770693.61146,4.20138621330261,999.626220703125,,,6,,,,30.7539529484716,,,1,,,,,,,,,,,,,,,,,,,,,,4.19940948486328,4.20202350616455,999.626220703125,999.626220703125,,,3.20009183883667,,1,0,0,0,0.0128173828125,31.2805480957031,5,1,1,4.20074892044067,0,4.20049450132582,,,4.06311110690129E-5,2.02086410638142E-6,4.10317400648558E-5,2.02171059768171E-6,0.862790584564209,0.985176682472229,30.2337436676025,0.188337445259094,30,4,200,-0.00110898923594505,-0.239035218954086,-0.0469499304890633,1,,,,,,,,,,,,,,,,
,3952770703.29505,4.20095491409302,999.626220703125,,,6,,,,30.7539529484716,,,1,,,,,,,,,,,,,,,,,,,,,,4.16795635223389,4.20921945571899,999.626220703125,999.626220703125,,,3.15086793899536,,1,0,0,0,0.0128173828125,31.7693061828613,5,1,1,4.20124053955078,0,4.1973483827379,,,4.06642355944093E-5,2.02092545320803E-6,4.10301583865483E-5,2.02169080535275E-6,0.868523359298706,0.983335256576538,30.2570362091064,0,30,4,200,-0.001344820484519,-0.24788735806942,-0.0543708242475986,1,,,,,,,,,,,,,,,,
,3952770713.22396,4.20096850395203,999.626220703125,,,6,,,,30.7539529484716,,,1,,,,,,,,,,,,,,,,,,,,,,4.19821882247925,4.201500415802,999.626220703125,999.626220703125,,,3.13432860374451,,1,0,0,0,0.0128173828125,31.2805480957031,5,1,1,4.20069646835327,0,4.19998807907105,,,4.06334196916134E-5,2.02064634620203E-6,4.10261167509153E-5,2.02146802566694E-6,0.863975167274475,0.984088063240051,30.2386283874512,0,30,4,200,-0.0012183478102088,-0.257739216089249,-0.0648670867085457,1,,,,,,,,,,,,,,,,
,3952770723.22673,4.20081925392151,999.626220703125,,,6,,,,30.7539529484716,,,1,,,,,,,,,,,,,,,,,,,,,,4.19891119003296,4.20091199874878,999.626220703125,999.626220703125,,,3.13116216659546,,1,0,0,0,0.0128173828125,30.7917900085449,5,1,1,4.20105886459351,0,4.19992950227526,,,4.06602420990745E-5,2.022148547055E-6,4.10569947932439E-5,2.02298356853654E-6,0.863373696804047,0.984254419803619,30.2362728118897,0,30,4,200,-0.000898043741472065,-0.266182005405426,-0.0752865746617317,1,,,,,,,,,,,,,,,,
,3952770732.98026,4.20111489295959,999.626220703125,,,6,,,,30.7539529484716,,,1,,,,,,,,,,,,,,,,,,,,,,4.19852113723755,4.20104312896729,999.626220703125,999.626220703125,,,3.13194894790649,,1,0,0,0,0.0128936767578125,31.2805480957031,5,1,1,4.2011866569519,0,4.19998354381985,,,4.06110987609827E-5,2.01974844776538E-6,4.1008660647271E-5,2.02058446692196E-6,0.863219380378723,0.98483282327652,30.2354621887207,5.49867820739746,30,4,200,-0.000936272670514882,-0.274053663015366,-0.0831377282738686,1,,,,,,,,,,,,,,,,
,3952770742.69033,4.20094203948975,999.626220703125,,,6,,,,30.7539529484716,,,1,,,,,,,,,,,,,,,,,,,,,,4.19844484329224,4.20131301879883,999.626220703125,999.626220703125,,,3.13258028030396,,1,0,0,0,0,31.2805480957031,5,1,1,4.20057106018066,0,4.19987901051839,,,4.06245284566116E-5,2.02054589821765E-6,4.1024606575857E-5,2.02138708767639E-6,0.862759649753571,0.984285056591034,30.2339115142822,,30,4,200,-0.000917814148124307,-0.281965732574463,-0.0911091417074204,1,,,,,,,,,,,,,,,,
,3952770752.76276,4.20015096664429,999.626220703125,,,6,,,,30.7539529484716,,,1,,,,,,,,,,,,,,,,,,,,,,4.19881439208984,4.20089435577393,999.626220703125,999.626220703125,,,3.13408517837524,,1,0,0,0,0.0128173828125,30.7917900085449,5,1,1,4.20013093948364,0,4.20005448659261,,,4.06404695726689E-5,2.02133070548312E-6,4.10407421787777E-5,2.02217230286393E-6,0.862788438796997,0.984600126743317,30.2338256835937,,30,4,200,-0.000915446726139635,-0.290532171726227,-0.099583588540554,1,,,,,,,,,,,,,,,,
,3952770762.49357,4.20055651664734,999.626220703125,,,6,,,,30.7539529484716,,,1,,,,,,,,,,,,,,,,,,,,,,4.1981897354126,4.20123720169067,999.626220703125,999.626220703125,,,3.13428115844727,,1,0,0,0,0,31.7693061828613,5,1,1,4.20098209381103,0,4.19964430067274,,,4.06438275377699E-5,2.02156282926717E-6,4.10453095942154E-5,2.02240889306761E-6,0.862557291984558,0.984224438667297,30.2330932617188,0,30,4,200,-0.000937420059926808,-0.298330724239349,-0.107935108244419,1,,,,,,,,,,,,,,,,
,3952770772.12099,4.20066595077515,999.626220703125,,,6,,,,30.7539529484716,,,1,,,,,,,,,,,,,,,,,,,,,,4.19889974594116,4.20099449157715,999.626220703125,999.626220703125,,,3.13504076004028,,1,0,0,0,0,31.2805480957031,1,1,1,4.20057964324951,0,4.2001027531094,,,4.06262957833923E-5,2.02067209366863E-6,4.10273267048075E-5,2.02152933099575E-6,0.862622499465942,0.984013557434082,30.2334613800049,5.30958318710327,30,4,200,-0.00084062636597082,-0.306136250495911,-0.115677319467068,1,,,,,,,,,,,,,,,,
