[Header]
; MPMS3 Data File (default extension .dat)
; Copyright (c) 2007, Quantum Design, Inc. All rights reserved.
TITLE,
FILEOPENTIME,3952886882.42428,04/04/2025,1:06 am
BYAPP,MPMS3 w/ AC,1.0,1.1
INFO,MPMS3 Measurement Release 1.2.2 Build 0, MultiVu Release 2.3.5.2,APPNAME
INFO,Linear Motor Servo Controller,MOTOR_MODULE_NAME
INFO,3101-100 N4,MOTOR_HW_VERSION
INFO,MMC1299,MOTOR_SERIAL_NUMBER
INFO,01.04.28,MOTOR_SOFTWARE_VERSION
INFO,Quantum Design Squid Module,SQUID_MODULE_NAME
INFO,3101-501 B0,SQUID_HW_VERSION
INFO,SQM364,SQUID_SERIAL_NUMBER
INFO,01.03.04,SQUID_SOFTWARE_VERSION
INFO,Quantum Design VSM Oven,OVEN_MODULE_NAME
INFO,3101-201 A3,OVEN_HW_VERSION
INFO,OVB387,OVEN_SERIAL_NUMBER
INFO,01.07.07,OVEN_SOFTWARE_VERSION
INFO,SQUID AC,AC_MODULE_NAME
INFO,3101-401 G0,AC_HW_VERSION
INFO,SAC242,AC_SERIAL_NUMBER
INFO,SQUID AC 00.95.11,AC_SOFTWARE_VERSION
INFO,TCI374,COIL_SERIAL_NUMBER
INFO,0,MOMENT_UNITS
INFO,RuCl3,SAMPLE_MATERIAL
INFO,TB002b H parra ab,SAMPLE_COMMENT
INFO,42.7,SAMPLE_MASS
INFO,,SAMPLE_VOLUME
INFO,,SAMPLE_MOLECULAR_WEIGHT
INFO,,SAMPLE_SIZE
INFO,,SAMPLE_SHAPE
INFO,Quartz,SAMPLE_HOLDER
INFO,Standard,SAMPLE_HOLDER_DETAIL
INFO,66.33,SAMPLE_OFFSET
DATATYPE,COMMENT,1
DATATYPE,TIME,2
STARTUPAXIS,X,2
STARTUPAXIS,Y1,5
FIELDGROUP, VSM,2,3,4,5,6,8,9,10,11,14,15
FIELDGROUP, DC, 2,3,4,14,56,57,58,59,60,61,62,63,64,65,66,67,68,69
FIELDGROUP, AC, 2,3,4,11,16,17,18,19,20,21,22,23,24,25,26,27,28,29,30
STARTUPGROUP, All
[Data]
Comment,Time Stamp (sec),Temperature (K),Magnetic Field (Oe),Moment (emu),M. Std. Err. (emu),Transport Action,Averaging Time (sec),Frequency (Hz),Peak Amplitude (mm),Center Position (mm),Lockin Signal' (V),Lockin Signal (V),Range,M. Quad. Signal (emu),AC Moment (emu),AC M. Std Err. (emu),AC Phase (deg),AC Phase Std. Err. (deg),AC Susceptibility (emu/Oe),AC Suscept. Std Err. (emu/Oe),AC X' (emu/Oe),AC X' Std Err. (emu/Oe),AC X'' (emu/Oe),AC X'' Std Err. (emu/Oe),AC Drive (Oe),AC Frequency (Hz),AC Averaging Time (sec),AC Cycles,AC Range,AC Measure Type,AC Signal' (V),AC Signal'' (V),AC Trim Coil Ratio,AC Trim Coil Phase,Min. Temperature (K),Max. Temperature (K),Min. Field (Oe),Max. Field (Oe),Mass (grams),Motor Lag (deg),Pressure (Torr),Measure Count,Measurement Number,SQUID Status (code),Motor Status (code),Measure Status (code),Motor Current (amps),Motor Temp. (C),Temp. Status (code),Field Status (code),Chamber Status (code),Chamber Temp (K),Redirection State,Average Temp (K),Rotation Angle (deg),Rotator state,DC Moment Fixed Ctr (emu),DC Moment Err Fixed Ctr (emu),DC Moment Free Ctr (emu),DC Moment Err Free Ctr (emu),DC Fixed Fit,DC Free Fit,DC Calculated Center (mm),DC Calculated Center Err (mm),DC Scan Length (mm),DC Scan Time (s),DC Number of Points,DC Squid Drift,DC Min V (V),DC Max V (V),DC Scans per Measure,Map 01,Map 02,Map 03,Map 04,Map 05,Map 06,Map 07,Map 08,Map 09,Map 10,Map 11,Map 12,Map 13,Map 14,Map 15,Map 16
,3952886896.18373,1.80024462938309,999.735534667969,,,6,,,,30.455285487457,,,10,,,,,,,,,,,,,,,,,,,,,,1.79885411262512,1.80057966709137,999.735534667969,999.735534667969,,,1.82788944244385,,1,0,0,0,0,31.2805480957031,1,1,1,1.80021524429321,0,1.7998184710741,,,0.00358509281818114,0.00017678890789091,0.00358535990041393,0.000176789291228486,0.956932723522186,0.958643078804016,30.4091510772705,,30,4,200,-0.000568302872125059,-1.42711234092712,0.206463173031807,1,,,,,,,,,,,,,,,,
,3952886913.40509,1.82990348339081,999.735534667969,,,6,,,,30.455285487457,,,10,,,,,,,,,,,,,,,,,,,,,,1.81365609169006,1.84561336040497,999.735534667969,999.735534667969,,,1.85198736190796,,1,0,0,0,0,30.3030319213867,6,1,1,1.84615087509155,0,1.82888336976369,,,0.00358497858841517,0.000176783274698508,0.00358524645248616,0.00017678370810552,0.956924915313721,0.958633422851562,30.4091739654541,0,30,4,200,-0.000634920026641339,-1.42800569534302,0.205807864665985,1,,,,,,,,,,,,,,,,
,3952886964.99092,2.00136786699295,999.735534667969,,,6,,,,30.455285487457,,,10,,,,,,,,,,,,,,,,,,,,,,1.98423111438751,2.01813364028931,999.735534667969,999.735534667969,,,1.93958222866058,,1,0,0,0,0,30.3030319213867,6,1,1,2.01850461959839,0,1.99995753500197,,,0.00358364390321638,0.00017671790309937,0.00358392337224604,0.000176718324691374,0.956877291202545,0.958664238452911,30.4081192016602,0,30,4,200,-0.000598489656113088,-1.43128168582916,0.201748237013817,1,,,,,,,,,,,,,,,,
,3952887019.58957,2.18465781211853,999.735534667969,,,6,,,,30.455285487457,,,10,,,,,,,,,,,,,,,,,,,,,,2.16828465461731,2.19861388206482,999.735534667969,999.735534667969,,,2.02646493911743,,1,0,0,0,0,30.3030319213867,6,1,1,2.20103096961975,0,2.18283972144127,,,0.00358254751815411,0.000176663725606681,0.00358283452846551,0.000176664239484129,0.956886649131775,0.958712816238403,30.4076232910156,0,30,4,200,-0.000593420874793082,-1.43448507785797,0.19801838696003,1,,,,,,,,,,,,,,,,
,3952887075.42601,2.3701593875885,999.735534667969,,,6,,,,30.455285487457,,,10,,,,,,,,,,,,,,,,,,,,,,2.35311651229858,2.38489532470703,999.735534667969,999.735534667969,,,2.1098518371582,,1,0,0,0,0,30.3030319213867,6,1,1,2.38720226287842,0,2.36958315637377,,,0.00358161904463087,0.00017661780687988,0.00358190735310302,0.000176618216294058,0.956905424594879,0.958755970001221,30.4073238372803,,30,4,200,-0.000584177032578737,-1.43764436244965,0.194414302706718,1,,,,,,,,,,,,,,,,
,3952887130.13254,2.55232203006744,999.735534667969,,,6,,,,30.455285487457,,,10,,,,,,,,,,,,,,,,,,,,,,2.53639602661133,2.56771540641785,999.735534667969,999.735534667969,,,2.1908586025238,,1,0,0,0,0.0128173828125,30.3030319213867,6,1,1,2.56824803352356,0,2.55184236168861,,,0.0035808754302382,0.000176581044419345,0.00358116757976961,0.000176581443292107,0.956912159919739,0.958790838718414,30.4069728851318,0,30,4,200,-0.000578735722228885,-1.44091141223907,0.19081337749958,1,,,,,,,,,,,,,,,,
,3952887186.12068,2.73868775367737,999.735534667969,,,6,,,,30.455285487457,,,10,,,,,,,,,,,,,,,,,,,,,,2.72154855728149,2.75553512573242,999.735534667969,999.735534667969,,,2.2688295841217,,1,0,0,0,0.0128173828125,30.3030319213867,6,1,1,2.75582695007324,0,2.73862666553921,,,0.00358030581845481,0.000176552692016998,0.00358060214876615,0.000176553159617315,0.956942915916443,0.958842217922211,30.4067325592041,0,30,4,200,-0.000576316728256643,-1.4437952041626,0.18769109249115,1,,,,,,,,,,,,,,,,
,3952887240.53422,2.92009198665619,999.735534667969,,,6,,,,30.455285487457,,,10,,,,,,,,,,,,,,,,,,,,,,2.90369129180908,2.93622326850891,999.735534667969,999.735534667969,,,2.34304761886597,,1,0,0,0,0.0141143798828125,30.7917900085449,6,1,1,2.9364926815033,0,2.91909623146057,,,0.00358001151529741,0.000176538248986513,0.00358031102466902,0.000176538687509049,0.95693975687027,0.958864510059357,30.4064140319824,2.27139917114982E-5,30,4,200,-0.00056456564925611,-1.44666194915771,0.184583112597466,1,,,,,,,,,,,,,,,,
,3952887296.68678,3.1071138381958,999.735534667969,,,6,,,,30.455285487457,,,10,,,,,,,,,,,,,,,,,,,,,,3.08708763122559,3.12439131736755,999.735534667969,999.735534667969,,,2.41521668434143,,1,0,0,0,0,30.3030319213867,6,1,1,3.12456011772156,0,3.10613973935445,,,0.00358008531927689,0.000176541618929886,0.00358038573553865,0.00017654204968404,0.956971406936646,0.95890486240387,30.4063262939453,0,30,4,200,-0.000559919979423285,-1.44944095611572,0.181851863861084,1,,,,,,,,,,,,,,,,
,3952887351.15882,3.28851187229156,999.735534667969,,,6,,,,30.455285487457,,,10,,,,,,,,,,,,,,,,,,,,,,3.27145767211914,3.30519008636475,999.735534667969,999.735534667969,,,2.48063158988953,,1,0,0,0,0,30.3030319213867,6,1,1,3.30556607246399,0,3.28762446509467,,,0.00358051797190763,0.000176562884735598,0.00358082147513055,0.000176563351783563,0.956988513469696,0.958938539028168,30.4061317443848,5.35532760620117,30,4,200,-0.000561722030397505,-1.45215308666229,0.179273277521133,1,,,,,,,,,,,,,,,,
,3952887405.83935,3.47166705131531,999.735534667969,,,6,,,,30.455285487457,,,10,,,,,,,,,,,,,,,,,,,,,,3.4551568031311,3.48587322235107,999.735534667969,999.735534667969,,,2.54285907745361,,1,0,0,0,0,30.3030319213867,6,1,1,3.48817729949951,0,3.46973830461502,,,0.0035814407991654,0.000176608299897087,0.00358174740010677,0.000176608794388084,0.956998288631439,0.958965480327606,30.4059314727783,0.186713248491287,30,4,200,-0.000559135689400136,-1.45487880706787,0.176900044083595,1,,,,,,,,,,,,,,,,
,3952887461.60247,3.65686094760895,999.735534667969,,,6,,,,30.455285487457,,,10,,,,,,,,,,,,,,,,,,,,,,3.63960456848145,3.67411732673645,999.735534667969,999.735534667969,,,2.60335230827332,,1,0,0,0,0,30.3030319213867,6,1,1,3.67411732673645,0,3.65666211975945,,,0.00358301179328212,0.00017668554214332,0.00358331674542409,0.000176685992364005,0.957031011581421,0.958993792533875,30.4060001373291,0,30,4,200,-0.000548396958038211,-1.4577054977417,0.174844622612,1,,,,,,,,,,,,,,,,
,3952887516.24149,3.83933615684509,999.735534667969,,,6,,,,30.455285487457,,,10,,,,,,,,,,,,,,,,,,,,,,3.82252359390259,3.85240387916565,999.735534667969,999.735534667969,,,2.66241502761841,,1,0,0,0,0,30.3030319213867,6,1,1,3.8561487197876,0,3.83767974376678,,,0.00358536122614035,0.000176801190620402,0.00358566581306963,0.000176801573036643,0.957056999206543,0.959026575088501,30.4059352874756,0,30,4,200,-0.000544094655197114,-1.4607537984848,0.172828987240791,1,,,,,,,,,,,,,,,,
,3952887572.19413,4.02574563026428,999.735534667969,,,6,,,,30.455285487457,,,10,,,,,,,,,,,,,,,,,,,,,,4.0086555480957,4.03759956359863,999.735534667969,999.735534667969,,,2.71547412872314,,1,0,0,0,0.0128173828125,30.7917900085449,6,1,1,4.04283571243286,0,4.02313369512558,,,0.00358864919597707,0.00017696307602478,0.00358895521265574,0.000176963595541284,0.957091629505158,0.959051907062531,30.4060668945313,5.51416969299316,30,4,200,-0.000550326483789831,-1.46403610706329,0.171063303947449,1,,,,,,,,,,,,,,,,
,3952887626.77114,4.20814037322998,999.735534667969,,,6,,,,30.455285487457,,,10,,,,,,,,,,,,,,,,,,,,,,4.19186735153198,4.22356653213501,999.735534667969,999.735534667969,,,2.76881146430969,,1,0,0,0,0,30.7917900085449,6,1,1,4.22441339492798,0,4.20703017711639,,,0.00359290757458637,0.000177172833692415,0.00359321215806123,0.000177173332026633,0.957116603851318,0.959068894386291,30.4061813354492,,30,4,200,-0.000543641450349241,-1.46748995780945,0.169609799981117,1,,,,,,,,,,,,,,,,
,3952887682.83184,4.3945643901825,999.735534667969,,,6,,,,30.455285487457,,,10,,,,,,,,,,,,,,,,,,,,,,4.37691593170166,4.41221284866333,999.735534667969,999.735534667969,,,2.82092952728271,,1,0,0,0,0,29.8142719268799,6,1,1,4.41221284866333,0,4.39401865005493,,,0.00359868720701876,0.000177457452616407,0.00359898932679575,0.000177457967860843,0.957164645195007,0.959096908569336,30.4064559936523,2.24053492274834E-5,30,4,200,-0.000542824971489608,-1.47146618366241,0.168289124965668,1,,,,,,,,,,,,,,,,
,3952887737.23362,4.57624244689941,999.735534667969,,,6,,,,30.455285487457,,,10,,,,,,,,,,,,,,,,,,,,,,4.55924224853516,4.59081935882568,999.735534667969,999.735534667969,,,2.8698046207428,,1,0,0,0,0.0141143798828125,30.3030319213867,6,1,1,4.59324264526367,0,4.57412264082167,,,0.00360573502880095,0.00017780474173127,0.00360603255673789,0.000177805160474223,0.95720785856247,0.959120512008667,30.4067287445068,0,30,4,200,-0.000539666274562478,-1.47564470767975,0.167363092303276,1,,,,,,,,,,,,,,,,
,3952887792.03391,4.7588198184967,999.735534667969,,,6,,,,30.455285487457,,,10,,,,,,,,,,,,,,,,,,,,,,4.74209547042847,4.7730016708374,999.735534667969,999.735534667969,,,2.91840696334839,,1,0,0,0,0.0140380859375,29.3255138397217,6,1,1,4.77554416656494,0,4.75632381439209,,,0.00361457800664673,0.000178240340955754,0.00361487033264113,0.000178240712738866,0.957260847091675,0.959142446517944,30.4071445465088,0,30,4,200,-0.000529091106727719,-1.48043382167816,0.166644364595413,1,,,,,,,,,,,,,,,,
,3952887847.62921,4.94407153129578,999.735534667969,,,6,,,,30.455285487457,,,10,,,,,,,,,,,,,,,,,,,,,,4.92645788192749,4.96168518066406,999.735534667969,999.735534667969,,,2.96608400344849,,1,0,0,0,0,30.3030319213867,6,1,1,4.96168518066406,0,4.94316874610053,,,0.0036255623231132,0.000178781462152153,0.00362584651371304,0.000178781771849433,0.957330584526062,0.959163129329681,30.4078006744385,0,30,4,200,-0.000537624990101904,-1.48593282699585,0.166235521435738,1,,,,,,,,,,,,,,,,
,3952887902.46219,5.12668561935425,999.735534667969,,,6,,,,30.455285487457,,,10,,,,,,,,,,,,,,,,,,,,,,5.10955476760864,5.14201736450195,999.735534667969,999.735534667969,,,3.00827956199646,,1,0,0,0,0.0128173828125,30.3030319213867,6,1,1,5.14381647109985,0,5.12478935718536,,,0.00363886576568299,0.000179436980404064,0.00363914688008506,0.000179437393932381,0.957401871681213,0.959195971488953,30.4083309173584,,30,4,200,-0.000536142440978438,-1.4922102689743,0.166104584932327,1,,,,,,,,,,,,,,,,
,3952887958.34719,5.31276345252991,999.735534667969,,,6,,,,30.455285487457,,,10,,,,,,,,,,,,,,,,,,,,,,5.29481983184814,5.32531452178955,999.735534667969,999.735534667969,,,3.05397820472717,,1,0,0,0,0.0128173828125,30.3030319213867,6,1,1,5.33070707321167,0,5.30883872509003,,,0.00365525202230787,0.000180244396852972,0.00365552350165552,0.0001802448039826,0.957472920417786,0.959198236465454,30.4092617034912,5.35582208633423,30,4,200,-0.000523973896633834,-1.49950587749481,0.166398584842682,1,,,,,,,,,,,,,,,,
,3952888012.80515,5.49469709396362,999.735534667969,,,6,,,,30.455285487457,,,10,,,,,,,,,,,,,,,,,,,,,,5.47744369506836,5.51048946380615,999.735534667969,999.735534667969,,,3.09476947784424,,1,0,0,0,0.0141143798828125,30.7917900085449,6,1,1,5.51195049285889,0,5.49231587515937,,,0.00367447821239122,0.000181191681621049,0.00367473859213487,0.000181192026017336,0.957575261592865,0.959230124950409,30.4102458953857,2.13884486583993E-5,30,4,200,-0.000523724476806819,-1.50765573978424,0.167188748717308,1,,,,,,,,,,,,,,,,
,3952888069.19185,5.68273115158081,999.735534667969,,,6,,,,30.455285487457,,,10,,,,,,,,,,,,,,,,,,,,,,5.66460275650024,5.70005702972412,999.735534667969,999.735534667969,,,3.13403296470642,,1,0,0,0,0,30.3030319213867,6,1,1,5.70085954666138,0,5.68089119593302,,,0.00369858150375897,0.000182379472853814,0.00369882920576291,0.000182379843996406,0.957671284675598,0.959231495857239,30.4115791320801,0.30494287610054,30,4,200,-0.000525544804986566,-1.51762342453003,0.168405324220657,1,,,,,,,,,,,,,,,,
,3952888123.37175,5.86295104026794,999.735534667969,,,6,,,,30.455285487457,,,10,,,,,,,,,,,,,,,,,,,,,,5.84511756896973,5.87978219985962,999.735534667969,999.735534667969,,,3.17452216148376,,1,0,0,0,0,30.7917900085449,6,1,1,5.88078451156616,0,5.86096503999498,,,0.00372617370853343,0.000183739133684784,0.0037264067391751,0.0001837394216942,0.957798957824707,0.959266722202301,30.4129371643066,0,30,4,200,-0.000518111628480256,-1.52864134311676,0.170176267623901,1,,,,,,,,,,,,,,,,
,3952888179.22582,6.04869103431702,999.735534667969,,,6,,,,30.455285487457,,,10,,,,,,,,,,,,,,,,,,,,,,6.02900552749634,6.06696939468384,999.735534667969,999.735534667969,,,3.21352648735046,,1,0,0,0,0,30.7917900085449,6,1,1,6.06837654113769,0,6.04740967750549,,,0.00376036951851202,0.000185424274547929,0.00376058482880705,0.000185424557426797,0.957931220531464,0.959275186061859,30.4147968292236,0.00010843053314602,30,4,200,-0.000515421968884766,-1.54197859764099,0.172788694500923,1,,,,,,,,,,,,,,,,
,3952888234.15901,6.23236799240112,999.735534667969,,,6,,,,30.455285487457,,,10,,,,,,,,,,,,,,,,,,,,,,6.21369075775146,6.24718952178955,999.735534667969,999.735534667969,,,3.24849653244019,,1,0,0,0,0,30.3030319213867,6,1,1,6.25104522705078,0,6.22984467612372,,,0.00380050547515406,0.000187402246960753,0.00380070015090661,0.000187402445158463,0.95807284116745,0.959284782409668,30.4168701171875,0,30,4,200,-0.000511564256157726,-1.55729389190674,0.176162168383598,1,,,,,,,,,,,,,,,,
,3952888288.6367,6.41399097442627,999.735534667969,,,6,,,,30.455285487457,,,10,,,,,,,,,,,,,,,,,,,,,,6.39648485183716,6.42866611480713,999.735534667969,999.735534667969,,,3.28527784347534,,1,0,0,0,0,30.3030319213867,6,1,1,6.43149709701538,0,6.41204518079758,,,0.00384873137998696,0.000189779118057756,0.00384890672737858,0.000189779327004277,0.958227038383484,0.959303379058838,30.4191207885742,,30,4,200,-0.00048355499166064,-1.57523512840271,0.180592074990273,1,,,,,,,,,,,,,,,,
,3952888344.79271,6.60124230384827,999.735534667969,,,6,,,,30.455285487457,,,10,,,,,,,,,,,,,,,,,,,,,,6.58316850662231,6.61931610107422,999.735534667969,999.735534667969,,,3.31781578063965,,1,0,0,0,0,29.8142719268799,6,1,1,6.61931610107422,0,6.60021034876506,,,0.00390937179276295,0.000192767926316344,0.00390952227831616,0.000192768181479291,0.958378672599793,0.959279954433441,30.4222202301025,5.51563405990601,30,4,200,-0.000478229747386649,-1.59739327430725,0.186933666467667,1,,,,,,,,,,,,,,,,
,3952888399.04792,6.78234601020813,999.735534667969,,,6,,,,30.455285487457,,,10,,,,,,,,,,,,,,,,,,,,,,6.76402997970581,6.8000431060791,999.735534667969,999.735534667969,,,3.35499453544617,,1,0,0,0,0.0128173828125,30.7917900085449,6,1,1,6.80066204071045,0,6.77982637617323,,,0.00398189797635896,0.000196342858045734,0.0039820176887477,0.000196342940307014,0.958543121814728,0.959263205528259,30.4257564544678,0,30,4,200,-0.000456851848866791,-1.62359368801117,0.194626465439796,1,,,,,,,,,,,,,,,,
,3952888455.31823,6.96969151496887,999.735534667969,,,6,,,,30.455285487457,,,10,,,,,,,,,,,,,,,,,,,,,,6.95103931427002,6.98834371566772,999.735534667969,999.735534667969,,,3.38935708999634,,1,0,0,0,0,30.3030319213867,6,1,1,6.98834371566772,0,6.96770191192627,,,0.00407682732809263,0.000201022700062652,0.00407691827225276,0.000201022787101251,0.958666265010834,0.959197998046875,30.4299182891846,0,30,4,200,-0.000442662654677406,-1.65768873691559,0.205246761441231,1,,,,,,,,,,,,,,,,
,3952888509.72008,7.15069985389709,999.735534667969,,,6,,,,30.455285487457,,,10,,,,,,,,,,,,,,,,,,,,,,7.13161373138428,7.16713905334473,999.735534667969,999.735534667969,,,3.4209930896759,,1,0,0,0,0.0141143798828125,30.3030319213867,6,1,1,7.16978597640991,0,7.14888779322306,,,0.00419557375852569,0.000206877039368869,0.00419563561785714,0.000206877063324518,0.958764672279358,0.959120392799377,30.4345417022705,,30,4,200,-0.000390905683161691,-1.69978618621826,0.219118863344193,1,,,,,,,,,,,,,,,,
,3952888564.41543,7.33314251899719,999.735534667969,,,6,,,,30.455285487457,,,10,,,,,,,,,,,,,,,,,,,,,,7.31564950942993,7.34866237640381,999.735534667969,999.735534667969,,,3.45164227485657,,1,0,0,0,0.0128173828125,30.7917900085449,6,1,1,7.35063552856445,0,7.33084332942963,,,0.00435007392321177,0.000214494687567597,0.00435010824707264,0.000214494714026929,0.958821177482605,0.959009885787964,30.4401702880859,0,30,4,200,-0.00029611200443469,-1.75422835350037,0.237660750746727,1,,,,,,,,,,,,,,,,
,3952888620.20727,7.51911377906799,999.735534667969,,,6,,,,30.455285487457,,,10,,,,,,,,,,,,,,,,,,,,,,7.49980735778809,7.53766393661499,999.735534667969,999.735534667969,,,3.48076677322388,,1,0,0,0,0.0128173828125,30.3030319213867,6,1,1,7.5384202003479,0,7.51695023642646,,,0.00458080776573177,0.000225876984359757,0.00458081514871393,0.000225876959980805,0.95826530456543,0.958306431770325,30.4481735229492,,30,4,200,-0.000111076216853689,-1.83860647678375,0.267235308885574,1,,,,,,,,,,,,,,,,
,3952888674.75485,7.70109510421753,999.735534667969,,,6,,,,30.455285487457,,,10,,,,,,,,,,,,,,,,,,,,,,7.68346452713013,7.71516990661621,999.735534667969,999.735534667969,,,3.50901079177856,,1,0,0,0,0,30.7917900085449,6,1,1,7.71872568130493,0,7.69883131980896,,,0.00525515880367004,0.00025920763901704,0.00525526868412464,0.000259208152516838,0.95153683423996,0.951928079128265,30.4788799285889,8.2356964412611E-5,30,4,200,0.00234211212955415,-2.2058436870575,0.251266896724701,1,,,,,,,,,,,,,,,,
,3952888731.01725,7.88844728469849,999.735534667969,,,6,,,,30.455285487457,,,10,,,,,,,,,,,,,,,,,,,,,,7.86941146850586,7.90059661865234,999.735534667969,999.735534667969,,,3.54006290435791,,1,0,0,0,0.0128173828125,30.7917900085449,6,1,1,7.90748310089111,0,7.88428026437759,,,0.00561396132916121,0.00027681001507043,0.00561407101907046,0.000276810442848859,0.959239542484283,0.959682643413544,30.4782886505127,,30,4,200,-0.00056114251492545,-2.28354930877686,0.279373556375504,1,,,,,,,,,,,,,,,,
,3952888785.31523,8.06966829299927,999.735534667969,,,6,,,,30.455285487457,,,10,,,,,,,,,,,,,,,,,,,,,,8.05109596252441,8.08651638031006,999.735534667969,999.735534667969,,,3.56581258773804,,1,0,0,0,0.0128173828125,30.7917900085449,6,1,1,8.08824062347412,0,8.06656742095947,,,0.0056732409323775,0.000279733160733176,0.00567337033431437,0.000279733603591722,0.959227025508881,0.95975011587143,30.4802703857422,0,30,4,200,-0.000747539452277124,-2.30081295967102,0.284768223762512,1,,,,,,,,,,,,,,,,
,3952888841.51555,8.25713634490967,999.735534667969,,,6,,,,30.455285487457,,,10,,,,,,,,,,,,,,,,,,,,,,8.23775482177734,8.2745771408081,999.735534667969,999.735534667969,,,3.59464192390442,,1,0,0,0,0.0128173828125,30.7917900085449,6,1,1,8.27651786804199,0,8.2539709938897,,,0.00569723224460939,0.000280916919937531,0.00569737793361601,0.000280917430547773,0.959154486656189,0.95973926782608,30.4817161560059,5.35585880279541,30,4,200,-0.00080299173714593,-2.3085789680481,0.286607772111893,1,,,,,,,,,,,,,,,,
,3952888895.81646,8.43780279159546,999.735534667969,,,6,,,,30.455285487457,,,10,,,,,,,,,,,,,,,,,,,,,,8.4185676574707,8.45551586151123,999.735534667969,999.735534667969,,,3.62302350997925,,1,0,0,0,0,30.3030319213867,6,1,1,8.45703792572022,0,8.43515268961588,,,0.00570569785278371,0.000281334758777463,0.00570584901585763,0.000281335219891972,0.959117949008942,0.959729492664337,30.4823207855225,0,30,4,200,-0.000833792088087648,-2.3117949962616,0.286583751440048,1,,,,,,,,,,,,,,,,
,3952888950.65395,8.62011098861694,999.735534667969,,,6,,,,30.455285487457,,,10,,,,,,,,,,,,,,,,,,,,,,8.60247802734375,8.63172340393066,999.735534667969,999.735534667969,,,3.64706778526306,,1,0,0,0,0,30.3030319213867,6,1,1,8.63774394989014,0,8.61615693569183,,,0.00570690903111093,0.000281394697174198,0.00570706351877374,0.000281395171410014,0.95909857749939,0.959722936153412,30.482608795166,0,30,4,200,-0.000848922529257834,-2.31348538398743,0.285660892724991,1,,,,,,,,,,,,,,,,
,3952889006.51471,8.80733871459961,999.735534667969,,,6,,,,30.455285487457,,,10,,,,,,,,,,,,,,,,,,,,,,8.78803825378418,8.82578468322754,999.735534667969,999.735534667969,,,3.67066955566406,,1,0,0,0,0,30.3030319213867,6,1,1,8.82663917541504,0,8.80409569210476,,,0.00570404384871046,0.000281253910793304,0.00570420421912506,0.000281254467527146,0.959055483341217,0.959697782993317,30.4830093383789,,30,4,200,-0.000833172001875937,-2.31343698501587,0.284483700990677,1,,,,,,,,,,,,,,,,
,3952889060.93244,8.98854494094849,999.735534667969,,,6,,,,30.455285487457,,,10,,,,,,,,,,,,,,,,,,,,,,8.97092723846436,9.00464916229248,999.735534667969,999.735534667969,,,3.69888591766357,,1,0,0,0,0.0128173828125,30.3030319213867,6,1,1,9.00616264343262,0,8.98576748371124,,,0.00569899541957879,0.000281005143348068,0.0056991560745535,0.000281005666150001,0.959045886993408,0.9596928358078,30.4831104278564,0.378521293401718,30,4,200,-0.000849050178658217,-2.31273007392883,0.282957255840302,1,,,,,,,,,,,,,,,,
,3952889116.65255,9.17421102523804,999.735534667969,,,6,,,,30.455285487457,,,10,,,,,,,,,,,,,,,,,,,,,,9.15363216400146,9.18726348876953,999.735534667969,999.735534667969,,,3.72343730926514,,1,0,0,0,0,30.3030319213867,6,1,1,9.19478988647461,0,9.16891140407986,,,0.00569246869179328,0.000280683602668159,0.005692632309945,0.000280684084601521,0.959024310111999,0.959688186645508,30.4834785461426,,30,4,200,-0.000844129303004593,-2.31168913841248,0.281114459037781,1,,,,,,,,,,,,,,,,
,3952889171.39679,9.35655975341797,999.735534667969,,,6,,,,30.455285487457,,,10,,,,,,,,,,,,,,,,,,,,,,9.33744812011719,9.37409019470215,999.735534667969,999.735534667969,,,3.74562907218933,,1,0,0,0,0.0128173828125,30.3030319213867,6,1,1,9.37567138671875,0,9.35297277238634,,,0.00568570089071371,0.000280350041313366,0.00568586869976167,0.000280350640963125,0.959003627300262,0.959675788879395,30.4836578369141,1.65853289217921E-5,30,4,200,-0.000842101755551994,-2.31065154075623,0.279060512781143,1,,,,,,,,,,,,,,,,
,3952889226.31744,9.53910875320435,999.735534667969,,,6,,,,30.455285487457,,,10,,,,,,,,,,,,,,,,,,,,,,9.52165222167969,9.5532112121582,999.735534667969,999.735534667969,,,3.76926565170288,,1,0,0,0,0.0141143798828125,31.7693061828613,6,1,1,9.556565284729,0,9.53597331047058,,,0.00567888763360004,0.000280014344260662,0.00567905755646309,0.000280014967147526,0.958979785442352,0.959659516811371,30.4838256835937,0,30,4,200,-0.000833230733405799,-2.3095920085907,0.276990652084351,1,,,,,,,,,,,,,,,,
,3952889281.96773,9.72555923461914,999.735534667969,,,6,,,,30.455285487457,,,10,,,,,,,,,,,,,,,,,,,,,,9.70642852783203,9.74283599853516,999.735534667969,999.735534667969,,,3.79217553138733,,1,0,0,0,0.0128173828125,30.7917900085449,6,1,1,9.74468994140625,0,9.7225095960829,,,0.00567260614542335,0.000279705043188445,0.00567277843435766,0.000279705607085794,0.958952307701111,0.95964789390564,30.4841632843018,0,30,4,200,-0.000847067858558148,-2.30840349197388,0.275264233350754,1,,,,,,,,,,,,,,,,
,3952889336.57749,9.90688562393188,999.735534667969,,,6,,,,30.455285487457,,,10,,,,,,,,,,,,,,,,,,,,,,9.88909339904785,9.91905212402344,999.735534667969,999.735534667969,,,3.81441712379456,,1,0,0,0,0,30.3030319213867,6,1,1,9.92467784881592,0,9.90362620353699,,,0.00566742524753743,0.000279449796739366,0.00566760083478838,0.000279450426584724,0.958927273750305,0.959631562232971,30.4843521118164,0,30,4,200,-0.000836669700220227,-2.30751991271973,0.273670822381973,1,,,,,,,,,,,,,,,,
,3952889392.65709,10.0905904769897,999.735534667969,,,6,,,,30.455285487457,,,10,,,,,,,,,,,,,,,,,,,,,,10.0740718841553,10.1029281616211,999.735534667969,999.735534667969,,,3.83408284187317,,1,0,0,0,0.0128173828125,30.3030319213867,6,1,1,10.1064596176147,0,10.08722559611,,,0.00566361535595314,0.000279262395021458,0.00566379504047112,0.000279263017123027,0.958890438079834,0.959613144397736,30.4847412109375,5.35570621490479,30,4,200,-0.000843336747493595,-2.30710005760193,0.272254973649979,1,,,,,,,,,,,,,,,,
,3952889447.09726,10.2754259109497,999.735534667969,,,6,,,,30.455285487457,,,10,,,,,,,,,,,,,,,,,,,,,,10.2568550109863,10.2921905517578,999.735534667969,999.735534667969,,,3.85316801071167,,1,0,0,0,0,30.3030319213867,6,1,1,10.2939968109131,0,10.2715532514784,,,0.00566211911843846,0.000279188960810612,0.00566229911680135,0.000279189397227324,0.958858847618103,0.959598958492279,30.4851016998291,0.377282530069351,30,4,200,-0.000848017691168934,-2.30720067024231,0.271283000707626,1,,,,,,,,,,,,,,,,
,3952889503.22182,10.4630570411682,999.735534667969,,,6,,,,30.455285487457,,,10,,,,,,,,,,,,,,,,,,,,,,10.4404745101929,10.4746770858765,999.735534667969,999.735534667969,,,3.87281084060669,,1,0,0,0,0,30.3030319213867,6,1,1,10.4822015762329,0,10.4573866128922,,,0.00566486730305245,0.000279325204385749,0.00566505814325572,0.000279325832677661,0.958798706531525,0.959567666053772,30.4856948852539,1.72867275978206E-5,30,4,200,-0.000823664187919348,-2.30913233757019,0.270683288574219,1,,,,,,,,,,,,,,,,
,3952889557.57106,10.6437058448792,999.735534667969,,,6,,,,30.455285487457,,,10,,,,,,,,,,,,,,,,,,,,,,10.6248445510864,10.6615352630615,999.735534667969,999.735534667969,,,3.89181232452393,,1,0,0,0,0.0128173828125,30.3030319213867,6,1,1,10.6625671386719,0,10.6407548056708,,,0.00566711789497357,0.000279436842179254,0.00566731557513706,0.000279437547348866,0.958742260932922,0.959532797336578,30.4861335754395,5.52142477035522,30,4,200,-0.000839979096781462,-2.31098246574402,0.269782871007919,1,,,,,,,,,,,,,,,,
,3952889612.53178,10.8259687423706,999.735534667969,,,6,,,,30.455285487457,,,10,,,,,,,,,,,,,,,,,,,,,,10.8083600997925,10.8402166366577,999.735534667969,999.735534667969,,,3.91242504119873,,1,0,0,0,0.0141143798828125,30.7917900085449,6,1,1,10.8435773849487,0,10.8224406242371,,,0.0056628245392778,0.000279225260710201,0.00566302451564462,0.00027922598335938,0.958721995353699,0.959521234035492,30.4863090515137,0,30,4,200,-0.000852268072776496,-2.31081366539001,0.268264442682266,1,,,,,,,,,,,,,,,,
,3952889668.14766,11.0122961997986,999.735534667969,,,6,,,,30.455285487457,,,10,,,,,,,,,,,,,,,,,,,,,,10.9937963485718,11.0263643264771,999.735534667969,999.735534667969,,,3.93206834793091,,1,0,0,0,0,30.7917900085449,6,1,1,11.0307960510254,0,11.0088751051161,,,0.00565540678103571,0.000278859914262214,0.00565560567054239,0.000278860492275535,0.958703279495239,0.95951122045517,30.4864845275879,,30,4,200,-0.000862177403178066,-2.30965375900269,0.266330003738403,1,,,,,,,,,,,,,,,,
,3952889722.7808,11.1941018104553,999.735534667969,,,6,,,,30.455285487457,,,10,,,,,,,,,,,,,,,,,,,,,,11.1766605377197,11.2089014053345,999.735534667969,999.735534667969,,,3.94936871528625,,1,0,0,0,0,30.7917900085449,6,1,1,11.2115430831909,0,11.1909371614456,,,0.00564557858935817,0.000278375188955908,0.0056457806823985,0.000278375955405658,0.958703696727753,0.959510385990143,30.4864597320557,0.274336189031601,30,4,200,-0.000861345557495952,-2.30748343467712,0.26412558555603,1,,,,,,,,,,,,,,,,
,3952889778.95479,11.3817133903503,999.735534667969,,,6,,,,30.455285487457,,,10,,,,,,,,,,,,,,,,,,,,,,11.3619623184204,11.397894859314,999.735534667969,999.735534667969,,,3.96470642089844,,1,0,0,0,0.0128173828125,30.7917900085449,6,1,1,11.4014644622803,0,11.3780708312988,,,0.00563393194159314,0.000277801022484718,0.00563413339425889,0.000277801713343114,0.958697855472565,0.959510028362274,30.4865665435791,,30,4,200,-0.000854939629789442,-2.30456304550171,0.261900693178177,1,,,,,,,,,,,,,,,,
,3952889833.26763,11.5624265670776,999.735534667969,,,6,,,,30.455285487457,,,10,,,,,,,,,,,,,,,,,,,,,,11.5438890457153,11.5791921615601,999.735534667969,999.735534667969,,,3.98476266860962,,1,0,0,0,0,30.3030319213867,6,1,1,11.5809640884399,0,11.5590437783135,,,0.0056218678909637,0.000277206175785051,0.00562206967031506,0.000277206927199325,0.95868980884552,0.959499597549438,30.4865264892578,0,30,4,200,-0.000853824836667627,-2.30143022537231,0.259549766778946,1,,,,,,,,,,,,,,,,
,3952889889.08485,11.7481164932251,999.735534667969,,,6,,,,30.455285487457,,,10,,,,,,,,,,,,,,,,,,,,,,11.7275505065918,11.7654218673706,999.735534667969,999.735534667969,,,4.0007586479187,,1,0,0,0,0.0128173828125,30.3030319213867,6,1,1,11.7686824798584,0,11.7451811790466,,,0.00560883535092701,0.000276563714491016,0.0056090363042347,0.000276564403053902,0.958682894706726,0.959496378898621,30.4865989685059,0,30,4,200,-0.000853649107739329,-2.29795408248901,0.257164537906647,1,,,,,,,,,,,,,,,,
,3952889943.9801,11.9317636489868,999.735534667969,,,6,,,,30.455285487457,,,10,,,,,,,,,,,,,,,,,,,,,,11.9133262634277,11.9447975158691,999.735534667969,999.735534667969,,,4.01945209503174,,1,0,0,0,0,30.3030319213867,6,1,1,11.9502010345459,0,11.9277997546726,,,0.00559580460166615,0.000275921298528272,0.00559600430861859,0.000275921955521469,0.95867645740509,0.959489107131958,30.4865837097168,0,30,4,200,-0.000860006432048976,-2.29447484016418,0.254715263843536,1,,,,,,,,,,,,,,,,
,3952889998.52557,12.1123080253601,999.735534667969,,,6,,,,30.455285487457,,,10,,,,,,,,,,,,,,,,,,,,,,12.0952796936035,12.1274833679199,999.735534667969,999.735534667969,,,4.03416728973389,,1,0,0,0,0,30.3030319213867,6,1,1,12.1293363571167,0,12.1097642183304,,,0.00558267282764701,0.00027527350390577,0.00558287323592522,0.000275274276409284,0.958691358566284,0.959499001502991,30.4864826202393,9.40998797887005E-5,30,4,200,-0.00085633248090744,-2.29079270362854,0.252372771501541,1,,,,,,,,,,,,,,,,
,3952890054.50366,12.2992563247681,999.735534667969,,,6,,,,30.455285487457,,,10,,,,,,,,,,,,,,,,,,,,,,12.2802658081055,12.3100738525391,999.735534667969,999.735534667969,,,4.05088949203491,,1,0,0,0,0,30.3030319213867,6,1,1,12.3182468414307,0,12.2942600250244,,,0.00556933703129396,0.000274616111734622,0.00556953591057981,0.000274616800647581,0.958681464195251,0.959491610527039,30.4865341186523,0,30,4,200,-0.000853732111863792,-2.28718018531799,0.249923676252365,1,,,,,,,,,,,,,,,,
,3952890108.94594,12.4819025993347,999.735534667969,,,6,,,,30.455285487457,,,10,,,,,,,,,,,,,,,,,,,,,,12.4640712738037,12.4977464675903,999.735534667969,999.735534667969,,,4.06484222412109,,1,0,0,0,0,30.3030319213867,6,1,1,12.4997339248657,0,12.4774570465088,,,0.00555666761488647,0.000273991317655084,0.0055568669573864,0.000273992057636561,0.958677530288696,0.959486901760101,30.4865207672119,0,30,4,200,-0.000849954900331795,-2.28388476371765,0.247418582439423,1,,,,,,,,,,,,,,,,
,3952890165.22586,12.6683197021484,999.735534667969,,,6,,,,30.455285487457,,,10,,,,,,,,,,,,,,,,,,,,,,12.6493072509766,12.6865148544312,999.735534667969,999.735534667969,,,4.08159589767456,,1,0,0,0,0.0128173828125,30.3030319213867,6,1,1,12.6873321533203,0,12.6661770078871,,,0.00554269722965206,0.000273302629729401,0.0055428956624541,0.000273303360471928,0.958671391010284,0.959479451179504,30.486499786377,0,30,4,200,-0.000855452439282089,-2.28021574020386,0.244830697774887,1,,,,,,,,,,,,,,,,
,3952890219.47044,12.8497166633606,999.735534667969,,,6,,,,30.455285487457,,,10,,,,,,,,,,,,,,,,,,,,,,12.830509185791,12.8664264678955,999.735534667969,999.735534667969,,,4.09731817245483,,1,0,0,0,0.0128173828125,30.7917900085449,6,1,1,12.8689241409302,0,12.8463176091512,,,0.00552878813908681,0.000272616725182189,0.00552898804011341,0.000272617493897204,0.958667099475861,0.959480226039886,30.4865989685059,,30,4,200,-0.000831041659694165,-2.27652621269226,0.242227375507355,1,,,,,,,,,,,,,,,,
,3952890274.18057,13.0314931869507,999.735534667969,,,6,,,,30.455285487457,,,10,,,,,,,,,,,,,,,,,,,,,,13.0143136978149,13.0454425811768,999.735534667969,999.735534667969,,,4.11347770690918,,1,0,0,0,0.0128173828125,30.3030319213867,6,1,1,13.0486726760864,0,13.0280904769897,,,0.00551472168932192,0.000271923093903693,0.00551491784202073,0.00027192378546077,0.958677589893341,0.959483325481415,30.4864521026611,5.35577630996704,30,4,200,-0.000846277980599552,-2.27252674102783,0.239751815795898,1,,,,,,,,,,,,,,,,
,3952890330.01695,13.2180738449097,999.735534667969,,,6,,,,30.455285487457,,,10,,,,,,,,,,,,,,,,,,,,,,13.1992893218994,13.2353134155273,999.735534667969,999.735534667969,,,4.12398099899292,,1,0,0,0,0,30.3030319213867,6,1,1,13.2368583679199,0,13.2152156829834,,,0.00550047168520332,0.000271220498444311,0.0055006659946764,0.000271221091250039,0.958669066429138,0.959477424621582,30.4865055084229,5.35579252243042,30,4,200,-0.00084384938236326,-2.26900410652161,0.236895307898521,1,,,,,,,,,,,,,,,,
,3952890384.70382,13.3998503684998,999.735534667969,,,6,,,,30.455285487457,,,10,,,,,,,,,,,,,,,,,,,,,,13.382905960083,13.4139795303345,999.735534667969,999.735534667969,,,4.14163494110107,,1,0,0,0,0.0128173828125,32.2580642700195,6,1,1,13.4167947769165,0,13.3971765041351,,,0.00548652100420768,0.00027053264301875,0.005486715954916,0.00027053334654379,0.958671510219574,0.959474802017212,30.4864063262939,0,30,4,200,-0.000842908571939915,-2.26524996757507,0.23419214785099,1,,,,,,,,,,,,,,,,
,3952890440.66455,13.5869607925415,999.735534667969,,,6,,,,30.455285487457,,,10,,,,,,,,,,,,,,,,,,,,,,13.5697708129883,13.6041507720947,999.735534667969,999.735534667969,,,4.15686082839966,,1,0,0,0,0.0128173828125,30.3030319213867,6,1,1,13.6041507720947,0,13.5843504799737,,,0.00547190872230192,0.000269812256379491,0.00547210398059285,0.000269812968539777,0.95866185426712,0.959467709064484,30.4864616394043,9.42715560086072E-5,30,4,200,-0.000850071432068944,-2.26134753227234,0.231556013226509,1,,,,,,,,,,,,,,,,
,3952890495.32116,13.7683334350586,999.735534667969,,,6,,,,30.455285487457,,,10,,,,,,,,,,,,,,,,,,,,,,13.74964427948,13.7846050262451,999.735534667969,999.735534667969,,,4.16845941543579,,1,0,0,0,0,30.3030319213867,6,1,1,13.7870225906372,0,13.7653918266296,,,0.00545758750525853,0.000269105783717575,0.00545778055623448,0.000269106477555043,0.958678603172302,0.959478616714478,30.4863414764404,1.75544282683404E-5,30,4,200,-0.000825079623609781,-2.25738835334778,0.228862538933754,1,,,,,,,,,,,,,,,,
,3952890549.86423,13.9499826431274,999.735534667969,,,6,,,,30.455285487457,,,10,,,,,,,,,,,,,,,,,,,,,,13.9342660903931,13.9625387191772,999.735534667969,999.735534667969,,,4.18163299560547,,1,0,0,0,0.0128173828125,30.3030319213867,6,1,1,13.9666166305542,0,13.9473532267979,,,0.00544284565535866,0.000268379060707921,0.00544303654579828,0.000268379666468645,0.958673655986786,0.959474086761475,30.4863529205322,1.75630902958801E-5,30,4,200,-0.000829206604976207,-2.25332999229431,0.226290628314018,1,,,,,,,,,,,,,,,,
,3952890605.47155,14.1368107795715,999.735534667969,,,6,,,,30.455285487457,,,10,,,,,,,,,,,,,,,,,,,,,,14.1184282302856,14.1551933288574,999.735534667969,999.735534667969,,,4.19414138793945,,1,0,0,0,0,30.3030319213867,6,1,1,14.1551933288574,0,14.1335022184584,,,0.00542768042605324,0.000267631340195181,0.0054278725547568,0.000267631988583226,0.958665549755096,0.959469795227051,30.4864273071289,3.02618479334254E-36,30,4,200,-0.000832131423521787,-2.24914193153381,0.223616421222687,1,,,,,,,,,,,,,,,,
,3952890660.38953,14.318039894104,999.735534667969,,,6,,,,30.455285487457,,,10,,,,,,,,,,,,,,,,,,,,,,14.3017263412476,14.3312072753906,999.735534667969,999.735534667969,,,4.20805740356445,,1,0,0,0,0,30.3030319213867,6,1,1,14.3343534469604,0,14.314710855484,,,0.0054125484419434,0.000266885023411496,0.00541273929091953,0.000266885705007892,0.958682358264923,0.959480345249176,30.4863033294678,5.52144050598145,30,4,200,-0.00081869401037693,-2.24477052688599,0.221071034669876,1,,,,,,,,,,,,,,,,
,3952890716.1349,14.5039095878601,999.735534667969,,,6,,,,30.455285487457,,,10,,,,,,,,,,,,,,,,,,,,,,14.485556602478,14.5222625732422,999.735534667969,999.735534667969,,,4.2188549041748,,1,0,0,0,0.0128173828125,30.3030319213867,6,1,1,14.5222625732422,0,14.501433690389,,,0.00539718306976787,0.000266127477536822,0.00539737491915001,0.000266128147214174,0.958675503730774,0.959481298923492,30.4864559173584,1.7587786715012E-5,30,4,200,-0.000833122234325856,-2.2403552532196,0.218546658754349,1,,,,,,,,,,,,,,,,
,3952890770.74857,14.6858043670654,999.735534667969,,,6,,,,30.455285487457,,,10,,,,,,,,,,,,,,,,,,,,,,14.6694688796997,14.7003116607666,999.735534667969,999.735534667969,,,4.23217391967773,,1,0,0,0,0,30.7917900085449,6,1,1,14.7021398544312,0,14.683042049408,,,0.00538218334802876,0.000265387827305029,0.00538237475997243,0.00026538852307242,0.958674788475037,0.959478437900543,30.4864120483398,1.75735149241518E-5,30,4,200,-0.000815108709502965,-2.23603105545044,0.215982556343079,1,,,,,,,,,,,,,,,,
,3952890826.66611,14.872763633728,999.735534667969,,,6,,,,30.455285487457,,,10,,,,,,,,,,,,,,,,,,,,,,14.8544607162476,14.8910665512085,999.735534667969,999.735534667969,,,4.24631595611572,,1,0,0,0,0,30.7917900085449,6,1,1,14.8910665512085,0,14.8704930411445,,,0.00536675661650188,0.000264627282315535,0.00536694637079228,0.000264627877887486,0.958667159080505,0.959474682807922,30.4864921569824,5.35565185546875,30,4,200,-0.00082665093941614,-2.23145866394043,0.213591873645782,1,,,,,,,,,,,,,,,,
,3952890881.36312,15.0546340942383,999.735534667969,,,6,,,,30.455285487457,,,10,,,,,,,,,,,,,,,,,,,,,,15.0376796722412,15.0696563720703,999.735534667969,999.735534667969,,,4.25775051116943,,1,0,0,0,0.0128173828125,30.3030319213867,6,1,1,15.0715885162354,0,15.0521228313446,,,0.00535187319533282,0.000263893246665258,0.00535206421085327,0.000263893943983083,0.958677649497986,0.959483981132507,30.4864635467529,5.35578298568726,30,4,200,-0.000824892951641232,-2.22700929641724,0.211166262626648,1,,,,,,,,,,,,,,,,
,3952890914.97213,15.2496004104614,999.735534667969,,,6,,,,30.455285487457,,,10,,,,,,,,,,,,,,,,,,,,,,15.2239427566528,15.453631401062,999.735534667969,999.735534667969,,,4.26646423339844,,1,0,0,0,0.0128173828125,30.3030319213867,6,1,1,15.27525806427,0,15.3668195009232,,,0.00532374165254115,0.000262507032556606,0.00532392929174477,0.000262507692927118,0.958594679832458,0.959391474723816,30.4863128662109,0.0513572320342064,30,4,200,-0.000783500319812447,-2.21884202957153,0.20706732571125,1,,,,,,,,,,,,,,,,
,3952890991.73263,15.4206862449646,999.735534667969,,,6,,,,30.455285487457,,,10,,,,,,,,,,,,,,,,,,,,,,15.4041042327881,15.4365673065186,999.735534667969,999.735534667969,,,4.25242900848389,,1,0,0,0,0,30.7917900085449,2,1,1,15.4372682571411,0,15.4191318088108,,,0.00532254142499772,0.000262446691856755,0.00532272211651956,0.00026244719330021,0.958695590496063,0.959477365016937,30.4859828948975,,30,4,200,-0.000871920259669423,-2.21906065940857,0.205774083733559,1,,,,,,,,,,,,,,,,
,3952891048.18132,15.6088738441467,999.735534667969,,,6,,,,30.455285487457,,,10,,,,,,,,,,,,,,,,,,,,,,15.5906915664673,15.620418548584,999.735534667969,999.735534667969,,,4.25464773178101,,1,0,0,0,0.0128173828125,30.3030319213867,2,1,1,15.6270561218262,0,15.6051133871078,,,0.00530725337517974,0.000261692978992107,0.00530743535074721,0.000261693693429697,0.958691775798798,0.959461629390717,30.4857521057129,0,30,4,200,-0.000870481366291642,-2.1021614074707,0.315692663192749,1,,,,,,,,,,,,,,,,
,3952891102.37391,15.790195941925,999.735534667969,,,6,,,,30.455285487457,,,10,,,,,,,,,,,,,,,,,,,,,,15.7729234695435,15.8059997558594,999.735534667969,999.735534667969,,,4.26535177230835,,1,0,0,0,0.0128173828125,30.7917900085449,2,1,1,15.8074684143066,0,15.7884758843316,,,0.00529267043793601,0.000260973731520103,0.00529284601851742,0.00026097430177106,0.958706796169281,0.959462940692902,30.4854755401611,,30,4,200,-0.000863062159623951,-2.09798431396484,0.313232004642487,1,,,,,,,,,,,,,,,,
,3952891156.98021,15.9719948768616,999.735534667969,,,6,,,,30.455285487457,,,10,,,,,,,,,,,,,,,,,,,,,,15.9557304382324,15.9864473342896,999.735534667969,999.735534667969,,,4.27281475067139,,1,0,0,0,0,30.7917900085449,2,1,1,15.9882593154907,0,15.9702794551849,,,0.00527823746795149,0.000260261937787061,0.00527840993035244,0.000260262526254026,0.958725333213806,0.959467649459839,30.4851951599121,5.52133989334106,30,4,200,-0.000864036963321269,-2.09400629997253,0.310519427061081,1,,,,,,,,,,,,,,,,
,3952891213.07723,16.1585826873779,999.735534667969,,,6,,,,30.455285487457,,,10,,,,,,,,,,,,,,,,,,,,,,16.1414127349854,16.1750659942627,999.735534667969,999.735534667969,,,4.28332996368408,,1,0,0,0,0,30.3030319213867,2,1,1,16.1757526397705,0,16.157347785102,,,0.00526340487815501,0.000259530475584597,0.00526357631883334,0.000259531010090548,0.95872575044632,0.959470450878143,30.4852428436279,0,30,4,200,-0.000853174948133528,-2.09000110626221,0.307759791612625,1,,,,,,,,,,,,,,,,
,3952891267.73366,16.3406801223755,999.735534667969,,,6,,,,30.455285487457,,,10,,,,,,,,,,,,,,,,,,,,,,16.3242435455322,16.3547134399414,999.735534667969,999.735534667969,,,4.2925500869751,,1,0,0,0,0.0141143798828125,30.3030319213867,2,1,1,16.3571166992187,0,16.3385856151581,,,0.00524916838706013,0.000258828431143693,0.00524933722926116,0.000258828962768829,0.958737373352051,0.959472417831421,30.4850444793701,0.186705753207207,30,4,200,-0.000823680777102709,-2.08619165420532,0.304902732372284,1,,,,,,,,,,,,,,,,
,3952891323.78906,16.527961730957,999.735534667969,,,6,,,,30.455285487457,,,10,,,,,,,,,,,,,,,,,,,,,,16.5101165771484,16.5416965484619,999.735534667969,999.735534667969,,,4.30236291885376,,1,0,0,0,0.0128173828125,30.3030319213867,2,1,1,16.5458068847656,0,16.5255781809489,,,0.00523467160900196,0.00025811358914507,0.00523484052653505,0.000258114104998744,0.958736002445221,0.959474980831146,30.4851226806641,0,30,4,200,-0.000818690867163241,-2.08236265182495,0.302168071269989,1,,,,,,,,,,,,,,,,
,3952891378.12863,16.7087230682373,999.735534667969,,,6,,,,30.455285487457,,,10,,,,,,,,,,,,,,,,,,,,,,16.6912288665771,16.7248497009277,999.735534667969,999.735534667969,,,4.30998611450195,,1,0,0,0,0.0128173828125,30.7917900085449,2,1,1,16.7262172698975,0,16.7068928612603,,,0.0052208820366277,0.000257433664791994,0.00522105276581455,0.000257434323376452,0.958730757236481,0.959466516971588,30.4850597381592,0.186705619096756,30,4,200,-0.000809130724519491,-2.07858943939209,0.299584150314331,1,,,,,,,,,,,,,,,,
,3952891432.50856,16.8914108276367,999.735534667969,,,6,,,,30.455285487457,,,10,,,,,,,,,,,,,,,,,,,,,,16.8753509521484,16.9024085998535,999.735534667969,999.735534667969,,,4.32236242294312,,1,0,0,0,0.0141143798828125,30.3030319213867,2,1,1,16.907470703125,0,16.8885364532471,,,0.00520708232957794,0.000256753324483672,0.00520724987086291,0.000256753848750635,0.958732545375824,0.959468066692352,30.4850559234619,0,30,4,200,-0.000805344199761748,-2.07462120056152,0.297279059886932,1,,,,,,,,,,,,,,,,
,3952891488.55382,17.0777235031128,999.735534667969,,,6,,,,30.455285487457,,,10,,,,,,,,,,,,,,,,,,,,,,17.0598945617676,17.0941677093506,999.735534667969,999.735534667969,,,4.33002614974976,,1,0,0,0,0.0128173828125,29.8142719268799,2,1,1,17.095552444458,0,17.0761983659532,,,0.0051930306143073,0.000256060497890735,0.00519319769856991,0.000256060960123717,0.958726584911346,0.959467768669128,30.4851722717285,5.52133798599243,30,4,200,-0.00080168416025117,-2.07061338424683,0.294916987419128,1,,,,,,,,,,,,,,,,
,3952891542.96116,17.2593479156494,999.735534667969,,,6,,,,30.455285487457,,,10,,,,,,,,,,,,,,,,,,,,,,17.2430191040039,17.2742710113525,999.735534667969,999.735534667969,,,4.34108686447144,,1,0,0,0,0,29.8142719268799,2,1,1,17.2756767272949,0,17.2575373649597,,,0.00517959258613664,0.00025539775613633,0.00517975864690518,0.000255398247504932,0.958734571933746,0.959470152854919,30.4850578308105,0,30,4,200,-0.00079153006663546,-2.06687903404236,0.292440235614777,1,,,,,,,,,,,,,,,,
,3952891599.31701,17.4468870162964,999.735534667969,,,6,,,,30.455285487457,,,10,,,,,,,,,,,,,,,,,,,,,,17.4284820556641,17.4639186859131,999.735534667969,999.735534667969,,,4.35018968582153,,1,0,0,0,0,30.7917900085449,2,1,1,17.4652919769287,0,17.4452656639947,,,0.00516570190399862,0.000254712946374294,0.00516587173309901,0.000254713548220494,0.958724439144135,0.959469199180603,30.4852428436279,0.261946856975555,30,4,200,-0.000797716726083308,-2.06301927566528,0.290041297674179,1,,,,,,,,,,,,,,,,
,3952891653.40452,17.6292028427124,999.735534667969,,,6,,,,30.455285487457,,,10,,,,,,,,,,,,,,,,,,,,,,17.6114292144775,17.6413288116455,999.735534667969,999.735534667969,,,4.36149072647095,,1,0,0,0,0.0128173828125,30.3030319213867,2,1,1,17.6469764709473,0,17.6255989074707,,,0.00515257941122254,0.000254065854924197,0.00515274929949481,0.00025406643853788,0.958727061748505,0.959475815296173,30.4853210449219,9.25102576729842E-5,30,4,200,-0.000794928811956197,-2.05949997901917,0.287544846534729,1,,,,,,,,,,,,,,,,
,3952891708.33365,17.8105726242065,999.735534667969,,,6,,,,30.455285487457,,,10,,,,,,,,,,,,,,,,,,,,,,17.7941513061523,17.8239784240723,999.735534667969,999.735534667969,,,4.37341690063477,,1,0,0,0,0,30.3030319213867,2,1,1,17.8269939422607,0,17.808575630188,,,0.00513935516473764,0.000253413750553294,0.00513952266983439,0.000253414245044163,0.95872950553894,0.959477484226227,30.4853057861328,5.52134990692139,30,4,200,-0.000794961117208004,-2.05592489242554,0.285049438476562,1,,,,,,,,,,,,,,,,
,3952891764.01221,17.996919631958,999.735534667969,,,6,,,,30.455285487457,,,10,,,,,,,,,,,,,,,,,,,,,,17.979907989502,18.0139312744141,999.735534667969,999.735534667969,,,4.38131475448608,,1,0,0,0,0,30.3030319213867,2,1,1,18.0139312744141,0,17.9954874250624,,,0.00512609662348464,0.000252760159854582,0.00512626429171251,0.000252760608739497,0.958711862564087,0.959466695785522,30.4854469299316,0,30,4,200,-0.000753635540604591,-2.05236959457397,0.282457232475281,1,,,,,,,,,,,,,,,,
,3952891818.48562,18.1786642074585,999.735534667969,,,6,,,,30.455285487457,,,10,,,,,,,,,,,,,,,,,,,,,,18.1620082855225,18.1912574768066,999.735534667969,999.735534667969,,,4.39436435699463,,1,0,0,0,0,28.8367557525635,2,1,1,18.1953201293945,0,18.1775596141815,,,0.00511320721265833,0.000252124484822824,0.00511337890770021,0.000252125105993601,0.958726584911346,0.959486186504364,30.485538482666,,30,4,200,-0.000787501863669604,-2.04856991767883,0.280423790216446,1,,,,,,,,,,,,,,,,
,3952891874.75666,18.3660697937012,999.735534667969,,,6,,,,30.455285487457,,,10,,,,,,,,,,,,,,,,,,,,,,18.3481578826904,18.3819160461426,999.735534667969,999.735534667969,,,4.40442943572998,,1,0,0,0,0.0128173828125,30.3030319213867,2,1,1,18.3839817047119,0,18.3642737070719,,,0.00509999277220814,0.000251473142813527,0.00510016801466142,0.000251473786776483,0.95870691537857,0.959482967853546,30.4858684539795,0,30,4,200,-0.000793116865679622,-2.04515337944031,0.277848392724991,1,,,,,,,,,,,,,,,,
,3952891929.04581,18.5472097396851,999.735534667969,,,6,,,,30.455285487457,,,10,,,,,,,,,,,,,,,,,,,,,,18.5294170379639,18.563362121582,999.735534667969,999.735534667969,,,4.41827630996704,,1,0,0,0,0,30.7917900085449,2,1,1,18.5650024414062,0,18.545261171129,,,0.00508737274355591,0.000250850797634902,0.0050875477456778,0.000250851397959698,0.958709001541138,0.959490239620209,30.4859657287598,,30,4,200,-0.000785737414844334,-2.04189038276672,0.275336980819702,1,,,,,,,,,,,,,,,,
,3952891984.92772,18.7325878143311,999.735534667969,,,6,,,,30.455285487457,,,10,,,,,,,,,,,,,,,,,,,,,,18.7135448455811,18.7464504241943,999.735534667969,999.735534667969,,,4.42829322814941,,1,0,0,0,0.0128173828125,30.3030319213867,2,1,1,18.7516307830811,0,18.7293290032281,,,0.00507432302109326,0.000250207568068705,0.00507450057572219,0.000250208191953373,0.958694577217102,0.959487617015839,30.4862003326416,0,30,4,200,-0.000766421551816166,-2.03831171989441,0.272990971803665,1,,,,,,,,,,,,,,,,
,3952892039.69116,18.9149341583252,999.735534667969,,,6,,,,30.455285487457,,,10,,,,,,,,,,,,,,,,,,,,,,18.8983058929443,18.9315624237061,999.735534667969,999.735534667969,,,4.43948078155518,,1,0,0,0,0,30.3030319213867,2,1,1,18.9315624237061,0,18.913908428616,,,0.00506189431252063,0.000249594649516058,0.00506207190524639,0.00024959521732817,0.958685100078583,0.959485650062561,30.4863471984863,5.35611295700073,30,4,200,-0.000781034235842526,-2.03504991531372,0.270607054233551,1,,,,,,,,,,,,,,,,
,3952892094.31815,19.0973024368286,999.735534667969,,,6,,,,30.455285487457,,,10,,,,,,,,,,,,,,,,,,,,,,19.0810852050781,19.111852645874,999.735534667969,999.735534667969,,,4.44809675216675,,1,0,0,0,0,30.3030319213867,2,1,1,19.1135196685791,0,19.096248626709,,,0.0050495085531967,0.000248983982075352,0.00504968786041595,0.00024898464725371,0.958693623542786,0.959495007991791,30.4863624572754,,30,4,200,-0.00077822437742725,-2.03178524971008,0.268142193555832,1,,,,,,,,,,,,,,,,
,3952892150.25377,19.2849941253662,999.735534667969,,,6,,,,30.455285487457,,,10,,,,,,,,,,,,,,,,,,,,,,19.2675075531006,19.2995510101318,999.735534667969,999.735534667969,,,4.45629167556763,,1,0,0,0,0.0128173828125,30.7917900085449,2,1,1,19.3024806976318,0,19.2834040323893,,,0.00503685660621797,0.000248360304619505,0.00503703593472719,0.000248360871137812,0.958671152591705,0.959484040737152,30.4865913391113,0,30,4,200,-0.000768965750467032,-2.02855944633484,0.265699058771133,1,,,,,,,,,,,,,,,,
,3952892204.68276,19.4662704467773,999.735534667969,,,6,,,,30.455285487457,,,10,,,,,,,,,,,,,,,,,,,,,,19.4490699768066,19.4820213317871,999.735534667969,999.735534667969,,,4.46501159667969,,1,0,0,0,0.0128173828125,30.3030319213867,2,1,1,19.483470916748,0,19.4654271602631,,,0.00502467627991708,0.000247759641723738,0.00502485673440809,0.000247760281378732,0.958682656288147,0.959496021270752,30.4865970611572,0,30,4,200,-0.000776887405663729,-2.02540755271912,0.263248175382614,1,,,,,,,,,,,,,,,,
,3952892259.30529,19.6481342315674,999.735534667969,,,6,,,,30.455285487457,,,10,,,,,,,,,,,,,,,,,,,,,,19.6323299407959,19.6614532470703,999.735534667969,999.735534667969,,,4.4764986038208,,1,0,0,0,0.0128173828125,30.7917900085449,2,1,1,19.6639385223389,0,19.646386384964,,,0.00501251650668098,0.000247160115023979,0.00501269829982671,0.000247160762220878,0.958676815032959,0.959497928619385,30.4867458343506,0,30,4,200,-0.000773325737100095,-2.022305727005,0.260797023773193,1,,,,,,,,,,,,,,,,
,3952892314.9201,19.8348703384399,999.735534667969,,,6,,,,30.455285487457,,,10,,,,,,,,,,,,,,,,,,,,,,19.8170986175537,19.8526420593262,999.735534667969,999.735534667969,,,4.48489427566528,,1,0,0,0,0,30.3030319213867,2,1,1,19.8526420593262,0,19.833212322659,,,0.00500026060474272,0.000246555978142142,0.00500044305650298,0.000246556577915607,0.958660006523132,0.959490776062012,30.4869346618652,5.355881690979,30,4,200,-0.000777772453147918,-2.01920914649963,0.258337289094925,1,,,,,,,,,,,,,,,,
,3952892400.14983,20.0004768371582,999.735534667969,,,6,,,,30.455285487457,,,10,,,,,,,,,,,,,,,,,,,,,,19.9995288848877,20.0008335113525,999.735534667969,999.735534667969,,,4.49368953704834,,1,0,0,0,0.0128173828125,30.3030319213867,1,1,1,20.0009479522705,0,20.0000290340847,,,0.00498928908139743,0.000246014980620258,0.00498947102498663,0.000246015520629201,0.958660900592804,0.959496974945068,30.4870338439941,0,30,4,200,-0.000753113359678537,-2.01663160324097,0.255630373954773,1,,,,,,,,,,,,,,,,
