[Header]
; MPMS3 Data File (default extension .dat)
; Copyright (c) 2007, Quantum Design, Inc. All rights reserved.
TITLE,
FILEOPENTIME,3952860236.71311,04/03/2025,5:42 pm
BYAPP,MPMS3 w/ AC,1.0,1.1
INFO,MPMS3 Measurement Release 1.2.2 Build 0, MultiVu Release 2.3.5.2,APPNAME
INFO,Linear Motor Servo Controller,MOTOR_MODULE_NAME
INFO,3101-100 N4,MOTOR_HW_VERSION
INFO,MMC1299,MOTOR_SERIAL_NUMBER
INFO,01.04.28,MOTOR_SOFTWARE_VERSION
INFO,Quantum Design Squid Module,SQUID_MODULE_NAME
INFO,3101-501 B0,SQUID_HW_VERSION
INFO,SQM364,SQUID_SERIAL_NUMBER
INFO,01.03.04,SQUID_SOFTWARE_VERSION
INFO,Quantum Design VSM Oven,OVEN_MODULE_NAME
INFO,3101-201 A3,OVEN_HW_VERSION
INFO,OVB387,OVEN_SERIAL_NUMBER
INFO,01.07.07,OVEN_SOFTWARE_VERSION
INFO,SQUID AC,AC_MODULE_NAME
INFO,3101-401 G0,AC_HW_VERSION
INFO,SAC242,AC_SERIAL_NUMBER
INFO,SQUID AC 00.95.11,AC_SOFTWARE_VERSION
INFO,TCI374,COIL_SERIAL_NUMBER
INFO,0,MOMENT_UNITS
INFO,RuCl3,SAMPLE_MATERIAL
INFO,TB002b H parra ab,SAMPLE_COMMENT
INFO,42.7,SAMPLE_MASS
INFO,,SAMPLE_VOLUME
INFO,,SAMPLE_MOLECULAR_WEIGHT
INFO,,SAMPLE_SIZE
INFO,,SAMPLE_SHAPE
INFO,Quartz,SAMPLE_HOLDER
INFO,Standard,SAMPLE_HOLDER_DETAIL
INFO,66.33,SAMPLE_OFFSET
DATATYPE,COMMENT,1
DATATYPE,TIME,2
STARTUPAXIS,X,2
STARTUPAXIS,Y1,5
FIELDGROUP, VSM,2,3,4,5,6,8,9,10,11,14,15
FIELDGROUP, DC, 2,3,4,14,56,57,58,59,60,61,62,63,64,65,66,67,68,69
FIELDGROUP, AC, 2,3,4,11,16,17,18,19,20,21,22,23,24,25,26,27,28,29,30
STARTUPGROUP, All
[Data]
Comment,Time Stamp (sec),Temperature (K),Magnetic Field (Oe),Moment (emu),M. Std. Err. (emu),Transport Action,Averaging Time (sec),Frequency (Hz),Peak Amplitude (mm),Center Position (mm),Lockin Signal' (V),Lockin Signal (V),Range,M. Quad. Signal (emu),AC Moment (emu),AC M. Std Err. (emu),AC Phase (deg),AC Phase Std. Err. (deg),AC Susceptibility (emu/Oe),AC Suscept. Std Err. (emu/Oe),AC X' (emu/Oe),AC X' Std Err. (emu/Oe),AC X'' (emu/Oe),AC X'' Std Err. (emu/Oe),AC Drive (Oe),AC Frequency (Hz),AC Averaging Time (sec),AC Cycles,AC Range,AC Measure Type,AC Signal' (V),AC Signal'' (V),AC Trim Coil Ratio,AC Trim Coil Phase,Min. Temperature (K),Max. Temperature (K),Min. Field (Oe),Max. Field (Oe),Mass (grams),Motor Lag (deg),Pressure (Torr),Measure Count,Measurement Number,SQUID Status (code),Motor Status (code),Measure Status (code),Motor Current (amps),Motor Temp. (C),Temp. Status (code),Field Status (code),Chamber Status (code),Chamber Temp (K),Redirection State,Average Temp (K),Rotation Angle (deg),Rotator state,DC Moment Fixed Ctr (emu),DC Moment Err Fixed Ctr (emu),DC Moment Free Ctr (emu),DC Moment Err Free Ctr (emu),DC Fixed Fit,DC Free Fit,DC Calculated Center (mm),DC Calculated Center Err (mm),DC Scan Length (mm),DC Scan Time (s),DC Number of Points,DC Squid Drift,DC Min V (V),DC Max V (V),DC Scans per Measure,Map 01,Map 02,Map 03,Map 04,Map 05,Map 06,Map 07,Map 08,Map 09,Map 10,Map 11,Map 12,Map 13,Map 14,Map 15,Map 16
,3952860252.60053,299.852783203125,1000.07543945312,,,6,,,,30.7400245666504,,,10,,,,,,,,,,,,,,,,,,,,,,299.839202880859,299.873077392578,1000.07543945312,1000.07543945312,,,5.59166288375854,,1,0,0,0,0,32.2580642700195,1,1,1,299.838439941406,0,299.861156463623,,,0.000504970977011898,2.48977089704082E-5,0.000504983220228382,2.48977611020233E-5,0.9603590965271,0.960921049118042,30.7655410766602,0,30,4,200,-0.000509407196659595,-0.196912929415703,0.0354632325470448,1,,,,,,,,,,,,,,,,
,3952860270.23918,299.728042602539,1000.07543945312,,,6,,,,30.7400245666504,,,10,,,,,,,,,,,,,,,,,,,,,,299.635711669922,299.851196289063,1000.07543945312,1000.07543945312,,,5.63957643508911,,1,0,0,0,0,32.7468223571777,2,1,1,299.605194091797,0,299.773423936632,,,0.000505090242576452,2.49033375783203E-5,0.000505101112113719,2.49033727878899E-5,0.960604906082153,0.961117804050446,30.764331817627,,30,4,200,-0.000554665923118591,-0.201007336378098,0.0319102294743061,1,,,,,,,,,,,,,,,,
,3952860280.72258,299.326736450195,1000.07543945312,,,6,,,,30.7400245666504,,,10,,,,,,,,,,,,,,,,,,,,,,299.068695068359,299.605194091797,1000.07543945312,1000.07543945312,,,5.66437530517578,,1,0,0,0,0,33.2355842590332,2,1,1,299.048278808594,0,299.368143717448,,,0.000505618496450628,2.49294964164077E-5,0.000505628165756087,2.49295531289851E-5,0.960503220558167,0.960931479930878,30.7622737884521,3.97378301620483,30,4,200,-0.000631851842626929,-0.206803545355797,0.0269176866859198,1,,,,,,,,,,,,,,,,
,3952860291.03223,298.663803100586,1000.07543945312,,,6,,,,30.7400245666504,,,10,,,,,,,,,,,,,,,,,,,,,,298.3330078125,299.048278808594,1000.07543945312,1000.07543945312,,,5.6869945526123,,1,0,0,0,0,32.7468223571777,2,1,1,298.279327392578,0,298.714453803168,,,0.000506287651609056,2.49624863713829E-5,0.000506296010525919,2.49625343751357E-5,0.960498690605164,0.960869133472443,30.7607269287109,,30,4,200,-0.00064862536964938,-0.212649002671242,0.0214276723563671,1,,,,,,,,,,,,,,,,
,3952860301.34325,297.838317871094,1000.07543945312,,,6,,,,30.7400245666504,,,10,,,,,,,,,,,,,,,,,,,,,,297.427154541016,298.279327392578,1000.07543945312,1000.07543945312,,,5.70809125900269,,1,0,0,0,0,32.7468223571777,2,1,1,297.397308349609,0,297.895880805122,,,0.000507507094837298,2.50223604266111E-5,0.000507512418066899,2.50223819600629E-5,0.960750997066498,0.960996687412262,30.7568454742432,0,30,4,200,-0.000580308667849749,-0.218149542808533,0.0160356666892767,1,,,,,,,,,,,,,,,,
,3952860319.82851,296.05143737793,1000.07543945312,,,6,,,,30.7349172159182,,,10,,,,,,,,,,,,,,,,,,,,,,295.593780517578,296.547576904297,1000.07543945312,1000.07543945312,,,5.74006414413452,,1,0,0,0,0,32.2580642700195,2,1,1,295.555297851562,0,296.077606201172,,,0.000510600937819054,2.5175315690949E-5,0.000510608873904096,2.5175341937557E-5,0.960331559181213,0.960698187351227,30.7555599212646,0,30,4,200,-0.000494094856549054,-0.230014488101006,0.0061389384791255,1,,,,,,,,,,,,,,,,
,3952860329.76295,294.889953613281,1000.07543945312,,,6,,,,30.7349172159182,,,10,,,,,,,,,,,,,,,,,,,,,,294.299102783203,295.523956298828,1000.07543945312,1000.07543945312,,,5.75653696060181,,1,0,0,0,0,32.2580642700195,2,1,1,294.255950927734,0,294.931664360894,,,0.000512381924833999,2.52623021402195E-5,0.000512383852949558,2.5262310834225E-5,0.961170017719269,0.961258053779602,30.7449398040771,INF,30,4,200,-0.000835134764201939,-0.237212792038918,0.0011500291293487,1,,,,,,,,,,,,,,,,
,3952860348.3119,292.117630004883,1000.07543945312,,,6,,,,30.7293651253505,,,10,,,,,,,,,,,,,,,,,,,,,,291.414093017578,292.938293457031,1000.07543945312,1000.07543945312,,,5.78100824356079,,1,0,0,0,0,32.7468223571777,2,1,1,291.296966552734,0,292.217712402344,,,0.000517292371515822,2.55041315411826E-5,0.000517294980885545,2.55041460903614E-5,0.961442112922668,0.961558163166046,30.7408294677734,0,30,4,200,-0.00049260666128248,-0.249089598655701,-0.0106420982629061,1,,,,,,,,,,,,,,,,
,3952860358.21559,290.493286132812,1000.07543945312,,,6,,,,30.7293651253505,,,10,,,,,,,,,,,,,,,,,,,,,,289.715911865234,291.296966552734,1000.07543945312,1000.07543945312,,,5.79134178161621,,1,0,0,0,0.0128173828125,32.7468223571777,2,1,1,289.689605712891,0,290.516479492188,,,0.000520953282604715,2.56852664932717E-5,0.000520954219283922,2.56852744121428E-5,0.96079432964325,0.960832238197327,30.7359828948975,7.47502781450748E-6,30,4,200,-0.000530733610503376,-0.254794299602509,-0.0146415699273348,1,,,,,,,,,,,,,,,,
,3952860376.63245,287.311981201172,1000.07543945312,,,6,,,,30.7223296215232,,,10,,,,,,,,,,,,,,,,,,,,,,286.503082275391,288.204406738281,1000.07543945312,1000.07543945312,,,5.81017589569092,,1,0,0,0,0.0128173828125,32.2580642700195,2,1,1,286.419555664062,0,287.4049949646,,,0.000527850825311665,2.6025469046078E-5,0.000527851675393067,2.60254718778377E-5,0.960687696933746,0.960725843906403,30.7289733886719,0,30,4,200,-0.000495302490890026,-0.264805406332016,-0.0218483954668045,1,,,,,,,,,,,,,,,,
,3952860386.52712,285.514602661133,1000.07543945312,,,6,,,,30.7223296215232,,,10,,,,,,,,,,,,,,,,,,,,,,284.742462158203,286.419555664062,1000.07543945312,1000.07543945312,,,5.82052850723267,,1,0,0,0,0,32.2580642700195,2,1,1,284.609649658203,0,285.639010959201,,,0.000531292313983773,2.6195103107522E-5,0.0005312925927403,2.61951038641531E-5,0.960734009742737,0.960746586322784,30.726146697998,0,30,4,200,-0.000528434524312615,-0.270590454339981,-0.0257390774786472,1,,,,,,,,,,,,,,,,
,3952860405.12932,282.277877807617,1000.07543945312,,,6,,,,30.7154601704555,,,10,,,,,,,,,,,,,,,,,,,,,,281.627593994141,283.114990234375,1000.07543945312,1000.07543945312,,,5.83784627914429,,1,0,0,0,0.0124359130859375,32.2580642700195,2,1,1,281.440765380859,0,282.369338989258,,,0.000538817833441301,2.65665011523967E-5,0.000538821226373146,2.65665169233475E-5,0.960385799407959,0.960529804229736,30.7284088134766,,30,4,200,-0.000418798357713968,-0.280406802892685,-0.0329230539500713,1,,,,,,,,,,,,,,,,
,3952860414.94737,280.537857055664,1000.07543945312,,,6,,,,30.7154601704555,,,10,,,,,,,,,,,,,,,,,,,,,,279.690399169922,281.440765380859,1000.07543945312,1000.07543945312,,,5.84636545181274,,1,0,0,0,0,32.2580642700195,2,1,1,279.634948730469,0,280.565967559814,,,0.000542631929366325,2.67548078922202E-5,0.000542636620305006,2.67548308002699E-5,0.960156738758087,0.96035236120224,30.7305927276611,0,30,4,200,-0.00044355753925629,-0.173027113080025,0.0763145014643669,1,,,,,,,,,,,,,,,,
,3952860434.44987,277.122451782227,1000.07543945312,,,6,,,,30.7086971495403,,,10,,,,,,,,,,,,,,,,,,,,,,276.197143554687,278.175048828125,1000.07543945312,1000.07543945312,,,5.86278247833252,,1,0,0,0,0,32.7468223571777,2,1,1,276.069854736328,0,277.175534057617,,,0.000552020951191064,2.72182038881162E-5,0.000552031144092141,2.7218254314775E-5,0.959724128246307,0.960138022899628,30.7307968139648,0.0856592729687691,30,4,200,-0.000505493197124451,-0.184453636407852,0.0698121413588524,1,,,,,,,,,,,,,,,,
,3952860445.8092,274.99592590332,1000.07543945312,,,6,,,,30.7086971495403,,,10,,,,,,,,,,,,,,,,,,,,,,274.094970703125,276.03955078125,1000.07543945312,1000.07543945312,,,5.87106037139893,,1,0,0,0,0,32.2580642700195,2,1,1,273.952301025391,0,275.111829969618,,,0.000556673669740439,2.74478507322655E-5,0.00055668431304041,2.74479009773721E-5,0.959513425827026,0.959942042827606,30.7312450408936,5.54357671737671,30,4,200,-0.000501008587889373,-0.191198870539665,0.0651874765753746,1,,,,,,,,,,,,,,,,
,3952860465.76573,271.271789550781,1000.07543945312,,,6,,,,30.7013155780235,,,10,,,,,,,,,,,,,,,,,,,,,,270.221923828125,272.419860839844,1000.07543945312,1000.07543945312,,,5.88560390472412,,1,0,0,0,0,31.7693061828613,2,1,1,270.123718261719,0,271.28782043457,,,0.000566608814446698,2.79379870040644E-5,0.000566626485270624,2.79380594471747E-5,0.959277033805847,0.959984183311462,30.7303085327148,0.186694756150246,30,4,200,-0.000310203729895875,-0.200997576117516,0.0586573891341686,1,,,,,,,,,,,,,,,,
,3952860477.28191,269.165542602539,1000.07543945312,,,6,,,,30.7013155780235,,,10,,,,,,,,,,,,,,,,,,,,,,268.368713378906,270.103912353516,1000.07543945312,1000.07543945312,,,5.89282941818237,,1,0,0,0,0,32.2580642700195,2,1,1,268.227172851562,0,269.312717013889,,,0.000571296164725402,2.81689871903401E-5,0.000571313100533571,2.81690462731744E-5,0.959388017654419,0.960070908069611,30.7297744750977,,30,4,200,-0.000327165704220533,-0.204932913184166,0.056852787733078,1,,,,,,,,,,,,,,,,
,3952860497.10251,265.578750610352,1000.07543945312,,,6,,,,30.6938763204942,,,10,,,,,,,,,,,,,,,,,,,,,,264.697937011719,266.578796386719,1000.07543945312,1000.07543945312,,,5.90515565872192,,1,0,0,0,0,32.2580642700195,2,1,1,264.505737304687,0,265.664771185981,,,0.000581422725369697,2.86689312294851E-5,0.000581447284930137,2.86690281246055E-5,0.958851993083954,0.959805905818939,30.7276782989502,0,30,4,200,-0.000390898756450042,-0.213826656341553,0.0529228560626507,1,,,,,,,,,,,,,,,,
,3952860508.42991,263.570693969727,1000.07543945312,,,6,,,,30.6938763204942,,,10,,,,,,,,,,,,,,,,,,,,,,262.683258056641,264.505737304687,1000.07543945312,1000.07543945312,,,5.9104151725769,,1,0,0,0,0,32.2580642700195,2,1,1,262.635650634766,0,263.653211805556,,,0.000585637457496621,2.88763407915048E-5,0.000585661665865141,2.88764346643541E-5,0.959195792675018,0.960138559341431,30.7273387908936,0,30,4,200,-0.000390714063541964,-0.217577427625656,0.0512050203979015,1,,,,,,,,,,,,,,,,
,3952860528.4161,260.177459716797,1000.07543945312,,,6,,,,30.6870933029821,,,10,,,,,,,,,,,,,,,,,,,,,,259.141448974609,261.236480712891,1000.07543945312,1000.07543945312,,,5.9210033416748,,1,0,0,0,0,32.2580642700195,2,1,1,259.118438720703,0,260.227679443359,,,0.000595708012155649,2.93732207918393E-5,0.000595738120982171,2.93733459060548E-5,0.958919644355774,0.960060298442841,30.7239837646484,,30,4,200,-0.000375757896108553,-0.227362886071205,0.0458460263907909,1,,,,,,,,,,,,,,,,
,3952860539.66506,258.310119628906,1000.07543945312,,,6,,,,30.6870933029821,,,10,,,,,,,,,,,,,,,,,,,,,,257.641510009766,259.098968505859,1000.07543945312,1000.07543945312,,,5.92618417739868,,1,0,0,0,0.0174713134765625,31.7693061828613,2,1,1,257.521270751953,0,258.377237955729,,,0.000600008597878441,2.95851115493879E-5,0.000600039028566296,2.95852953923325E-5,0.959054112434387,0.960153937339783,30.723274230957,1.81631821760675E-5,30,4,200,-0.000397105963202193,-0.23238942027092,0.0427252948284149,1,,,,,,,,,,,,,,,,
,3952860559.32615,255.046363830566,1000.07543945312,,,6,,,,30.6803954943919,,,10,,,,,,,,,,,,,,,,,,,,,,254.270965576172,256.0244140625,1000.07543945312,1000.07543945312,,,5.93461418151855,,1,0,0,0,0.0201416015625,31.7693061828613,2,1,1,254.068313598633,0,255.196478949653,,,0.000610198112931012,3.00882698223589E-5,0.000610235216905386,3.0088450515652E-5,0.958469092845917,0.959807932376862,30.7205410003662,5.35529661178589,30,4,200,-0.000427136314101517,-0.242911651730537,0.0370585396885872,1,,,,,,,,,,,,,,,,
,3952860570.63698,253.164123535156,1000.07543945312,,,6,,,,30.6803954943919,,,10,,,,,,,,,,,,,,,,,,,,,,252.302398681641,254.025848388672,1000.07543945312,1000.07543945312,,,5.93873262405395,,1,0,0,0,0,32.2580642700195,2,1,1,252.302398681641,0,253.220645480686,,,0.000614824820057748,3.03166712810738E-5,0.000614859420199438,3.03168724829943E-5,0.958257555961609,0.959462106227875,30.7186126708984,0,30,4,200,-0.000399412558181211,-0.247684568166733,0.033918708562851,1,,,,,,,,,,,,,,,,
,3952860590.5167,249.932312011719,1000.07543945312,,,6,,,,30.673970562998,,,10,,,,,,,,,,,,,,,,,,,,,,249.160949707031,250.90983581543,1000.07543945312,1000.07543945312,,,5.94568824768066,,1,0,0,0,0,31.7693061828613,2,1,1,248.954788208008,0,250.018630981445,,,0.000625047619040259,3.08205304097302E-5,0.000625086459897844,3.08206689919849E-5,0.958425641059875,0.959833681583405,30.7151470184326,,30,4,200,-0.000294970697723329,-0.255369603633881,0.0305662583559751,1,,,,,,,,,,,,,,,,
,3952860601.8297,248.075721740723,1000.07543945312,,,6,,,,30.673970562998,,,10,,,,,,,,,,,,,,,,,,,,,,247.21891784668,248.932525634766,1000.07543945312,1000.07543945312,,,5.9489107131958,,1,0,0,0,0,31.7693061828613,2,1,1,247.21891784668,0,248.123150295681,,,0.000629720131295717,3.10510670814242E-5,0.000629755154890274,3.10511689882984E-5,0.95831698179245,0.959589779376984,30.7132129669189,5.54195022583008,30,4,200,-0.000303613545838743,-0.259557694196701,0.0284458938986063,1,,,,,,,,,,,,,,,,
,3952860621.81923,244.846794128418,1000.07543945312,,,6,,,,30.6674496288374,,,10,,,,,,,,,,,,,,,,,,,,,,243.972244262695,245.811019897461,1000.07543945312,1000.07543945312,,,5.95481872558594,,1,0,0,0,0,30.3030319213867,2,1,1,243.882568359375,0,244.924098205566,,,0.000640985619648315,3.16066916823683E-5,0.00064102906632213,3.16068229222851E-5,0.958217263221741,0.959766209125519,30.7107105255127,5.54172468185425,30,4,200,-0.000242282098042779,-0.266276448965073,0.0266045369207859,1,,,,,,,,,,,,,,,,
,3952860633.28022,242.97590637207,1000.07543945312,,,6,,,,30.6674496288374,,,10,,,,,,,,,,,,,,,,,,,,,,242.170639038086,243.860641479492,1000.07543945312,1000.07543945312,,,5.95752763748169,,1,0,0,0,0.016937255859375,31.7693061828613,2,1,1,242.091171264648,0,243.029435899523,,,0.000645923179402958,3.18501884763286E-5,0.000645963066655246,3.18503646029644E-5,0.958197712898254,0.959562659263611,30.708122253418,1.99646328837844E-5,30,4,200,-0.000250516051892191,-0.269911795854568,0.0251847822219133,1,,,,,,,,,,,,,,,,
,3952860653.16511,239.56177520752,1000.07543945312,,,6,,,,30.6609179904287,,,10,,,,,,,,,,,,,,,,,,,,,,238.925079345703,240.556167602539,1000.07543945312,1000.07543945312,,,5.96183204650879,,1,0,0,0,0,31.7693061828613,2,1,1,238.5673828125,0,239.822509765625,,,0.000657551452363597,3.24235143716943E-5,0.000657596486398975,3.24236329544258E-5,0.958249151706696,0.959829211235046,30.70458984375,0.0936492383480072,30,4,200,-0.000251808436587453,-0.277210652828217,0.0232568550854921,1,,,,,,,,,,,,,,,,
,3952860664.48876,237.649993896484,1000.07543945312,,,6,,,,30.6609179904287,,,10,,,,,,,,,,,,,,,,,,,,,,236.96728515625,238.521881103516,1000.07543945312,1000.07543945312,,,5.96396970748901,,1,0,0,0,0.000152587890625,32.2580642700195,2,1,1,236.778106689453,0,237.719631618924,,,0.000662743133811863,3.26797654938079E-5,0.000662784427417908,3.26799146278403E-5,0.958066165447235,0.959464073181152,30.7021312713623,0,30,4,200,-0.000271353696007282,-0.28147566318512,0.0216817017644644,1,,,,,,,,,,,,,,,,
,3952860684.40159,234.316772460938,1000.07543945312,,,6,,,,30.6545682015245,,,10,,,,,,,,,,,,,,,,,,,,,,233.530334472656,235.357650756836,1000.07543945312,1000.07543945312,,,5.9671630859375,,1,0,0,0,0,32.2580642700195,2,1,1,233.275894165039,0,234.483657836914,,,0.000674889609978627,3.32786220961605E-5,0.000674938839238618,3.32787816590912E-5,0.958119928836823,0.959777176380157,30.6993389129639,0,30,4,200,-0.000154021894559264,-0.2882080078125,0.0195811484009027,1,,,,,,,,,,,,,,,,
,3952860695.77993,232.35880279541,1000.07543945312,,,6,,,,30.6545682015245,,,10,,,,,,,,,,,,,,,,,,,,,,231.508422851562,233.255722045898,1000.07543945312,1000.07543945312,,,5.96877241134644,,1,0,0,0,0.000152587890625,31.7693061828613,2,1,1,231.461883544922,0,232.421847873264,,,0.000680403379793992,3.35506574807879E-5,0.000680448809890185,3.35508249303173E-5,0.958008050918579,0.959503352642059,30.6971950531006,2.04859697987558E-5,30,4,200,-0.000192125997273251,-0.291532814502716,0.0189750827848911,1,,,,,,,,,,,,,,,,
,3952860715.65733,229.165863037109,1000.07543945312,,,6,,,,30.6482853182334,,,10,,,,,,,,,,,,,,,,,,,,,,228.4248046875,230.092193603516,1000.07543945312,1000.07543945312,,,5.97132873535156,,1,0,0,0,0.000152587890625,31.7693061828613,2,1,1,228.239532470703,0,229.283876037598,,,0.000693237054028301,3.41833744409156E-5,0.000693286837943855,3.41834930843733E-5,0.958088397979736,0.959749162197113,30.6931095123291,5.35622024536133,30,4,200,-0.000178037415025756,-0.297972828149796,0.0180099699646235,1,,,,,,,,,,,,,,,,
,3952860727.27854,227.231796264648,1000.07543945312,,,6,,,,30.6482853182334,,,10,,,,,,,,,,,,,,,,,,,,,,226.360305786133,228.164321899414,1000.07543945312,1000.07543945312,,,5.97243118286133,,1,0,0,0,0.000152587890625,31.7693061828613,2,1,1,226.299270629883,0,227.353603786892,,,0.000699731050639266,3.45031749919965E-5,0.000699778371799877,3.4503348112828E-5,0.958377063274383,0.959906876087189,30.6911888122559,INF,30,4,200,-0.000197363129700534,-0.301076084375381,0.0181202683597803,1,,,,,,,,,,,,,,,,
,3952860746.95088,223.902618408203,1000.07543945312,,,6,,,,30.6420608970873,,,10,,,,,,,,,,,,,,,,,,,,,,222.988388061523,224.891159057617,1000.07543945312,1000.07543945312,,,5.97400045394897,,1,0,0,0,0.0128173828125,31.7693061828613,2,1,1,222.914077758789,0,223.944438171387,,,0.000713079410504291,3.51619315685053E-5,0.000713134284584179,3.51621309199555E-5,0.957995414733887,0.959725141525269,30.6878414154053,0,30,4,200,-0.000191022350918502,-0.308086782693863,0.0174077656120062,1,,,,,,,,,,,,,,,,
,3952860758.29193,222.025650024414,1000.07543945312,,,6,,,,30.6420608970873,,,10,,,,,,,,,,,,,,,,,,,,,,221.424697875977,222.872055053711,1000.07543945312,1000.07543945312,,,5.97480964660644,,1,0,0,0,0.00091552734375,32.2580642700195,2,1,1,221.179244995117,0,222.191109551324,,,0.000719646593265428,3.54854075964099E-5,0.000719694681893606,3.54855704330853E-5,0.958230137825012,0.959744989871979,30.6848411560059,0,30,4,200,-0.000142670178320259,-0.311199992895126,0.0165765918791294,1,,,,,,,,,,,,,,,,
,3952860778.04529,218.69140625,1000.07543945312,,,6,,,,30.635900541503,,,10,,,,,,,,,,,,,,,,,,,,,,217.653427124023,219.729385375977,1000.07543945312,1000.07543945312,,,5.97535419464111,,1,0,0,0,7.62939453125E-5,31.7693061828613,2,1,1,217.653427124023,0,218.764959716797,,,0.000733314691969073,3.61595467864479E-5,0.000733369751981734,3.61597504108317E-5,0.958120346069336,0.959809958934784,30.6810932159424,INF,30,4,200,-0.000155180183355697,-0.317806631326675,0.0166104529052973,1,,,,,,,,,,,,,,,,
,3952860789.61685,216.698783874512,1000.07543945312,,,6,,,,30.635900541503,,,10,,,,,,,,,,,,,,,,,,,,,,215.87287902832,217.583419799805,1000.07543945312,1000.07543945312,,,5.9756646156311,,1,0,0,0,0.000152587890625,31.7693061828613,2,1,1,215.814147949219,0,216.821563720703,,,0.000740477654051334,3.65125965348365E-5,0.000740528391371026,3.65127658255856E-5,0.958229422569275,0.959785103797913,30.6792411804199,0.136582225561142,30,4,200,-0.00014025394921191,-0.321214258670807,0.0162837635725737,1,,,,,,,,,,,,,,,,
,3952860809.36722,213.364395141602,1000.07543945312,,,6,,,,30.6298272669788,,,10,,,,,,,,,,,,,,,,,,,,,,212.422943115234,214.398040771484,1000.07543945312,1000.07543945312,,,5.97585773468018,,1,0,0,0,0.01434326171875,31.7693061828613,2,1,1,212.330749511719,0,213.420890808105,,,0.000755422695721068,3.72500406200506E-5,0.000755480244559121,3.72501650038011E-5,0.957890689373016,0.959654450416565,30.6761074066162,INF,30,4,200,-0.000196082284674048,-0.328290373086929,0.0161075890064239,1,,,,,,,,,,,,,,,,
,3952860820.75661,211.47681427002,1000.07543945312,,,6,,,,30.6298272669788,,,10,,,,,,,,,,,,,,,,,,,,,,210.696304321289,212.304992675781,1000.07543945312,1000.07543945312,,,5.97544002532959,,1,0,0,0,7.62939453125E-5,31.7693061828613,2,1,1,210.648635864258,0,211.587956746419,,,0.000762256147263639,3.75866746735192E-5,0.000762309348734581,3.75868429876007E-5,0.958099722862244,0.959685862064362,30.6736507415771,,30,4,200,-0.000145138314110227,-0.331387251615524,0.015708664432168,1,,,,,,,,,,,,,,,,
,3952860840.55391,208.267593383789,1000.07543945312,,,6,,,,30.6238324856406,,,10,,,,,,,,,,,,,,,,,,,,,,207.516723632813,209.229522705078,1000.07543945312,1000.07543945312,,,5.97442150115967,,1,0,0,0,0.000152587890625,32.7468223571777,2,1,1,207.3056640625,0,208.381763034397,,,0.000777972915204278,3.83618787478049E-5,0.000778030025525287,3.83620295729383E-5,0.957973122596741,0.95965713262558,30.6690311431885,,30,4,200,-8.91688105184585E-5,-0.336816906929016,0.0173981990665197,1,,,,,,,,,,,,,,,,
,3952860852.16976,206.387580871582,1000.07543945312,,,6,,,,30.6238324856406,,,10,,,,,,,,,,,,,,,,,,,,,,205.599639892578,207.232849121094,1000.07543945312,1000.07543945312,,,5.97424983978271,,1,0,0,0,0.0130462646484375,31.7693061828613,2,1,1,205.54231262207,0,206.452779134115,,,0.000786799589333167,3.87968225754084E-5,0.000786852929582892,3.87970405293454E-5,0.958151996135712,0.959662437438965,30.6665954589844,0.186716422438622,30,4,200,-0.000111487373942509,-0.339581608772278,0.018669169396162,1,,,,,,,,,,,,,,,,
,3952860871.87451,203.157737731934,1000.07543945312,,,6,,,,30.6178588285938,,,10,,,,,,,,,,,,,,,,,,,,,,202.242553710938,204.202819824219,1000.07543945312,1000.07543945312,,,5.97194290161133,,1,0,0,0,0.0128173828125,31.7693061828613,2,1,1,202.112655639648,0,203.23302154541,,,0.000802601668167886,3.95761253338832E-5,0.000802660273127441,3.95763658988716E-5,0.958085536956787,0.959711372852325,30.6622257232666,INF,30,4,200,-0.000139861993375234,-0.345565944910049,0.0200989432632923,1,,,,,,,,,,,,,,,,
,3952860883.46746,201.155258178711,1000.07543945312,,,6,,,,30.6178588285938,,,10,,,,,,,,,,,,,,,,,,,,,,200.340911865234,202.018142700195,1000.07543945312,1000.07543945312,,,5.97081899642944,,1,0,0,0,7.62939453125E-5,31.7693061828613,2,1,1,200.292373657227,0,201.285766601562,,,0.000810821502695649,3.99812076523547E-5,0.000810875775873482,3.99814739328594E-5,0.958221435546875,0.959687411785126,30.6599502563477,0.142911657691002,30,4,200,-8.29728014650755E-5,-0.348479390144348,0.0206866450607777,1,,,,,,,,,,,,,,,,
,3952860903.0402,197.863578796387,1000.07543945312,,,6,,,,30.6120887800497,,,10,,,,,,,,,,,,,,,,,,,,,,197.092758178711,198.828063964844,1000.07543945312,1000.07543945312,,,5.96758365631103,,1,0,0,0,0.0202178955078125,30.7917900085449,2,1,1,196.89909362793,0,197.963728162977,,,0.0008281894597721,4.08380038720461E-5,0.000828245828586253,4.08381342642924E-5,0.957996308803558,0.959567427635193,30.6557655334473,,30,4,200,-0.000209010773687623,-0.355578124523163,0.0221588518470526,1,,,,,,,,,,,,,,,,
,3952860914.5334,195.944374084473,1000.07543945312,,,6,,,,30.6120887800497,,,10,,,,,,,,,,,,,,,,,,,,,,195.197906494141,196.809951782227,1000.07543945312,1000.07543945312,,,5.96576499938965,,1,0,0,0,0.000152587890625,31.7693061828613,2,1,1,195.078796386719,0,196.056801689996,,,0.000837008693997753,4.1272572045917E-5,0.000837063801393887,4.12727674696537E-5,0.958179831504822,0.959664821624756,30.6544742584229,0,30,4,200,-0.000171101550222374,-0.359049737453461,0.0224232710897923,1,,,,,,,,,,,,,,,,
,3952860934.08607,192.680763244629,1000.07543945312,,,6,,,,30.6062486446625,,,10,,,,,,,,,,,,,,,,,,,,,,191.93000793457,193.656478881836,1000.07543945312,1000.07543945312,,,5.96241807937622,,1,0,0,0,0.000152587890625,31.7693061828613,2,1,1,191.705047607422,0,192.769468519423,,,0.00085534417482431,4.21769355663682E-5,0.000855406878585436,4.21772329313514E-5,0.958036422729492,0.959643363952637,30.6503829956055,0,30,4,200,-0.000228388409595937,-0.367479771375656,0.0225865300744772,1,,,,,,,,,,,,,,,,
,3952860945.64438,190.695198059082,1000.07543945312,,,6,,,,30.6062486446625,,,10,,,,,,,,,,,,,,,,,,,,,,189.883666992187,191.55712890625,1000.07543945312,1000.07543945312,,,5.96085166931152,,1,0,0,0,0.0002288818359375,31.7693061828613,2,1,1,189.833267211914,0,190.806028578016,,,0.000865992298679231,4.27016879284226E-5,0.000866047974947563,4.27019646692818E-5,0.958213150501251,0.959617853164673,30.6474761962891,INF,30,4,200,-0.000235135608818382,-0.371421575546265,0.0231188572943211,1,,,,,,,,,,,,,,,,
,3952860965.2773,187.496368408203,1000.07543945312,,,6,,,,30.6005292661575,,,10,,,,,,,,,,,,,,,,,,,,,,186.726623535156,188.541107177734,1000.07543945312,1000.07543945312,,,5.95623111724854,,1,0,0,0,0.000152587890625,31.7693061828613,2,1,1,186.451629638672,0,187.663560655382,,,0.000885153436147623,4.36458341688811E-5,0.000885218981367175,4.36463892622706E-5,0.958581268787384,0.96008688211441,30.6429805755615,0,30,4,200,-0.000166842102771625,-0.378482282161713,0.0246023591607809,1,,,,,,,,,,,,,,,,
,3952860976.87819,185.552757263184,1000.07543945312,,,6,,,,30.6005292661575,,,10,,,,,,,,,,,,,,,,,,,,,,184.807815551758,186.358032226562,1000.07543945312,1000.07543945312,,,5.95469379425049,,1,0,0,0,0.000152587890625,31.7693061828613,2,1,1,184.747482299805,0,185.639904446072,,,0.000895197104090174,4.41407256165524E-5,0.00089525888721955,4.4141351710292E-5,0.958771824836731,0.960121691226959,30.6406745910645,0,30,4,200,-0.000304228335153311,-0.382754504680634,0.0254724733531475,1,,,,,,,,,,,,,,,,
,3952860996.13662,182.440101623535,1000.07543945312,,,6,,,,30.5949884847123,,,10,,,,,,,,,,,,,,,,,,,,,,181.720260620117,183.297088623047,1000.07543945312,1000.07543945312,,,5.95100688934326,,1,0,0,0,0.000152587890625,31.7693061828613,2,1,1,181.583114624023,0,182.494120279948,,,0.000916381843959114,4.51855423649492E-5,0.000916441595471702,4.51858692014542E-5,0.958660125732422,0.960084617137909,30.6362648010254,0,30,4,200,-0.000201785922399722,-0.391780078411102,0.0260763261467218,1,,,,,,,,,,,,,,,,
,3952861008.05025,180.430297851562,1000.07543945312,,,6,,,,30.5949884847123,,,10,,,,,,,,,,,,,,,,,,,,,,179.59294128418,181.316055297852,1000.07543945312,1000.07543945312,,,5.94837284088135,,1,0,0,0,0.01617431640625,31.7693061828613,2,1,1,179.544540405273,0,180.554679022895,,,0.000927856844930924,4.57508127360817E-5,0.000927909981649884,4.57510731196371E-5,0.958935499191284,0.96020919084549,30.6339092254639,0,30,4,200,-0.000205150688998401,-0.396607249975204,0.0262836068868637,1,,,,,,,,,,,,,,,,
,3952861027.7895,177.11311340332,1000.07543945312,,,6,,,,30.5894412570769,,,10,,,,,,,,,,,,,,,,,,,,,,176.372299194336,178.140579223633,1000.07543945312,1000.07543945312,,,5.94381189346313,,1,0,0,0,0.000152587890625,31.7693061828613,2,1,1,176.085647583008,0,177.294001261393,,,0.000949177899077731,4.68025866472337E-5,0.000949238182061423,4.68029189174514E-5,0.958697557449341,0.960084319114685,30.6301403045654,5.35898685455322,30,4,200,-0.000293577584670857,-0.405735075473785,0.0272074788808823,1,,,,,,,,,,,,,,,,
,3952861039.44693,175.112663269043,1000.07543945312,,,6,,,,30.5894412570769,,,10,,,,,,,,,,,,,,,,,,,,,,174.361511230469,175.972213745117,1000.07543945312,1000.07543945312,,,5.941246509552,,1,0,0,0,0.00030517578125,31.7693061828613,2,1,1,174.253112792969,0,175.231760025024,,,0.000961530247797188,4.74112714357547E-5,0.000961583263978585,4.74115187960562E-5,0.958889126777649,0.960119783878326,30.6277294158936,0,30,4,200,-0.000318505597533658,-0.410911023616791,0.0275816824287176,1,,,,,,,,,,,,,,,,
,3952861059.42868,171.863754272461,1000.07543945312,,,6,,,,30.5838801434516,,,10,,,,,,,,,,,,,,,,,,,,,,171.162261962891,172.679153442383,1000.07543945312,1000.07543945312,,,5.93658447265625,,1,0,0,0,0.00030517578125,31.2805480957031,2,1,1,171.048355102539,0,171.950337727865,,,0.000984082146604983,4.85233118062087E-5,0.000984138984012655,4.85235318563437E-5,0.958864271640778,0.960176825523377,30.6234226226807,,30,4,200,-0.000172218729858287,-0.420938760042191,0.0277006663382053,1,,,,,,,,,,,,,,,,
,3952861070.29971,170.100738525391,1000.07543945312,,,6,,,,30.5838801434516,,,10,,,,,,,,,,,,,,,,,,,,,,169.277420043945,170.998504638672,1000.07543945312,1000.07543945312,,,5.93437385559082,,1,0,0,0,0.0002288818359375,31.7693061828613,2,1,1,169.202972412109,0,170.167198181152,,,0.000997421234655921,4.91808665543977E-5,0.000997472882378404,4.91811195710142E-5,0.958960771560669,0.960111379623413,30.6208915710449,1.83729152922751E-5,30,4,200,-0.000207817676709965,-0.426456183195114,0.0281769912689924,1,,,,,,,,,,,,,,,,
,3952861090.42023,166.674659729004,1000.07543945312,,,6,,,,30.5784862486018,,,10,,,,,,,,,,,,,,,,,,,,,,165.934783935547,167.544387817383,1000.07543945312,1000.07543945312,,,5.92870426177978,,1,0,0,0,0.0165557861328125,31.7693061828613,2,1,1,165.804931640625,0,166.781694200304,,,0.00102224076759374,5.04049355905903E-5,0.00102229912888322,5.0405310255086E-5,0.958827197551727,0.960049390792847,30.6166934967041,5.53323554992676,30,4,200,-0.000259466585703194,-0.436842203140259,0.0291262660175562,1,,,,,,,,,,,,,,,,
,3952861101.21449,164.92716217041,1000.07543945312,,,6,,,,30.5784862486018,,,10,,,,,,,,,,,,,,,,,,,,,,164.174667358398,165.765838623047,1000.07543945312,1000.07543945312,,,5.92647647857666,,1,0,0,0,0.000152587890625,31.7693061828613,2,1,1,164.088485717773,0,164.97857093811,,,0.00103579329153939,5.10730405560259E-5,0.00103584574182892,5.1073389576682E-5,0.958896160125732,0.959974229335785,30.6143741607666,0,30,4,200,-0.000271324184723198,-0.442806512117386,0.0292003192007542,1,,,,,,,,,,,,,,,,
,3952861120.75658,161.713523864746,1000.07543945312,,,6,,,,30.5732152425876,,,10,,,,,,,,,,,,,,,,,,,,,,160.802368164062,162.693069458008,1000.07543945312,1000.07543945312,,,5.92100238800049,,1,0,0,0,0.000152587890625,31.7693061828613,2,1,1,160.733978271484,0,161.807313537598,,,0.00106098059057583,5.23150475217974E-5,0.00106103946430949,5.2315400100646E-5,0.958855330944061,0.960055708885193,30.6110744476318,,30,4,200,-0.00014171825023368,-0.451963096857071,0.0312037151306868,1,,,,,,,,,,,,,,,,
,3952861132.22414,159.820381164551,1000.07543945312,,,6,,,,30.5732152425876,,,10,,,,,,,,,,,,,,,,,,,,,,159.134155273438,160.677871704102,1000.07543945312,1000.07543945312,,,5.91848802566528,,1,0,0,0,7.62939453125E-5,31.7693061828613,2,1,1,158.962890625,0,159.889667510986,,,0.00107574528465884,5.30427432649608E-5,0.00107580285444216,5.30432275726E-5,0.959002733230591,0.960098206996918,30.6093330383301,5.35655832290649,30,4,200,-0.000120909113320522,-0.456321269273758,0.0340995639562607,1,,,,,,,,,,,,,,,,
,3952861152.3499,156.454437255859,1000.07543945312,,,6,,,,30.5678934178544,,,10,,,,,,,,,,,,,,,,,,,,,,155.555923461914,157.402359008789,1000.07543945312,1000.07543945312,,,5.91268968582153,,1,0,0,0,0.000152587890625,31.7693061828613,2,1,1,155.50651550293,0,156.550020005968,,,0.00110392134528797,5.44327341552734E-5,0.001103979193443,5.44332060071132E-5,0.958705246448517,0.959776401519775,30.6037521362305,0.121137484908104,30,4,200,-0.000323002284858376,-0.467362761497498,0.0359047614037991,1,,,,,,,,,,,,,,,,
,3952861163.23982,154.603904724121,1000.07543945312,,,6,,,,30.5678934178544,,,10,,,,,,,,,,,,,,,,,,,,,,153.870544433594,155.455444335938,1000.07543945312,1000.07543945312,,,5.91012954711914,,1,0,0,0,0.000152587890625,32.2580642700195,2,1,1,153.752365112305,0,154.682531356812,,,0.00111992572503004,5.52214818645266E-5,0.00111997868123635,5.52219324744216E-5,0.958884298801422,0.959845542907715,30.6018047332764,0.186677396297455,30,4,200,-0.000226729825953953,-0.473834574222565,0.0362883880734444,1,,,,,,,,,,,,,,,,
,3952861183.20155,151.192489624023,1000.07543945312,,,6,,,,30.5626736849373,,,10,,,,,,,,,,,,,,,,,,,,,,150.339996337891,152.092727661133,1000.07543945312,1000.07543945312,,,5.90458154678345,,1,0,0,0,0.000152587890625,31.7693061828613,2,1,1,150.292251586914,0,151.282436794705,,,0.00114969598198242,5.6689587700009E-5,0.00114975117176382,5.66899173999629E-5,0.958798587322235,0.959833800792694,30.5978908538818,5.53153610229492,30,4,200,-0.00020916509674862,-0.485210061073303,0.0383257605135441,1,,,,,,,,,,,,,,,,
,3952861193.97435,149.396751403809,1000.07543945312,,,6,,,,30.5626736849373,,,10,,,,,,,,,,,,,,,,,,,,,,148.624710083008,150.244720458984,1000.07543945312,1000.07543945312,,,5.90112972259522,,1,0,0,0,0.000152587890625,33.2355842590332,2,1,1,148.548782348633,0,149.485828399658,,,0.00116672552179418,5.75291125822936E-5,0.00116677505289151,5.75294227148608E-5,0.958875834941864,0.959785640239716,30.5956859588623,,30,4,200,-0.000243484595557675,-0.491142094135284,0.0401556789875031,1,,,,,,,,,,,,,,,,
,3952861213.5442,146.281440734863,1000.07543945312,,,6,,,,30.5576072696995,,,10,,,,,,,,,,,,,,,,,,,,,,145.546859741211,147.258911132813,1000.07543945312,1000.07543945312,,,5.89515018463135,,1,0,0,0,0.000152587890625,31.7693061828613,2,1,1,145.303970336914,0,146.424009535048,,,0.00119837901064947,5.9090201017906E-5,0.00119843182263862,5.90904626162119E-5,0.958751201629639,0.95972204208374,30.5917472839355,0,30,4,200,-0.000239640852669254,-0.502445816993713,0.043302096426487,1,,,,,,,,,,,,,,,,
,3952861225.1489,144.27604675293,1000.07543945312,,,6,,,,30.5576072696995,,,10,,,,,,,,,,,,,,,,,,,,,,143.411849975586,145.200729370117,1000.07543945312,1000.07543945312,,,5.89183855056763,,1,0,0,0,0.0215911865234375,31.7693061828613,2,1,1,143.351364135742,0,144.376988728841,,,0.00122112648513077,6.02094586476648E-5,0.00122122870523351,6.02121768672622E-5,0.959713399410248,0.960680663585663,30.5913982391357,0,30,4,200,4.7061428631423E-5,-0.507405579090118,0.0488305166363716,1,,,,,,,,,,,,,,,,
,3952861244.77217,140.994155883789,1000.07543945312,,,6,,,,30.5524951125312,,,10,,,,,,,,,,,,,,,,,,,,,,140.163879394531,141.970916748047,1000.07543945312,1000.07543945312,,,5.88587665557861,,1,0,0,0,0.00030517578125,32.2580642700195,2,1,1,140.017395019531,0,141.028231811523,,,0.00125607864245131,6.19329337972319E-5,0.00125613798877694,6.1933072054618E-5,0.959679126739502,0.960809648036957,30.5888729095459,1.74636334122624E-5,30,4,200,-0.000251477322308347,-0.520228266716003,0.0521217696368694,1,,,,,,,,,,,,,,,,
,3952861256.39694,139.023490905762,1000.07543945312,,,6,,,,30.5524951125312,,,10,,,,,,,,,,,,,,,,,,,,,,138.176452636719,139.919769287109,1000.07543945312,1000.07543945312,,,5.88243675231934,,1,0,0,0,0.016021728515625,31.7693061828613,2,1,1,138.127212524414,0,139.149736192491,,,0.00127723469002143,6.2975786530749E-5,0.00127728704329598,6.29758662046955E-5,0.95978194475174,0.960780441761017,30.5866661071777,0,30,4,200,-0.000239451212109998,-0.527977466583252,0.0541403517127037,1,,,,,,,,,,,,,,,,
,3952861276.01665,135.807929992676,1000.07543945312,,,6,,,,30.5474488992668,,,10,,,,,,,,,,,,,,,,,,,,,,135.079055786133,136.747207641602,1000.07543945312,1000.07543945312,,,5.87553834915161,,1,0,0,0,0.020599365234375,31.7693061828613,2,1,1,134.86865234375,0,135.971454196506,,,0.00131506469015023,6.48410284330166E-5,0.00131512258245462,6.48410998642154E-5,0.95978856086731,0.960868716239929,30.5829486846924,0,30,4,200,-0.000205541582545266,-0.542582333087921,0.0563330352306366,1,,,,,,,,,,,,,,,,
,3952861287.27941,133.91625213623,1000.07543945312,,,6,,,,30.5474488992668,,,10,,,,,,,,,,,,,,,,,,,,,,133.028366088867,134.852844238281,1000.07543945312,1000.07543945312,,,5.8721079826355,,1,0,0,0,0,32.2580642700195,2,1,1,132.97966003418,0,134.01237487793,,,0.00133320061436356,6.57346349465783E-5,0.00133325676328291,6.57348102519935E-5,0.960020184516907,0.961017787456513,30.5814990997314,0,30,4,200,-0.000178112008143216,-0.54958438873291,0.057765506207943,1,,,,,,,,,,,,,,,,
,3952861297.83018,132.096115112305,1000.07543945312,,,6,,,,30.5474488992668,,,10,,,,,,,,,,,,,,,,,,,,,,131.260498046875,132.97966003418,1000.07543945312,1000.07543945312,,,5.86938762664795,,1,0,0,0,0,31.7693061828613,2,1,1,131.21257019043,0,132.158928765191,,,0.00135234725709483,6.66784147169139E-5,0.00135239875620031,6.66785559375794E-5,0.960115253925324,0.961025953292847,30.5799598693848,0,30,4,200,-0.000166812795214355,-0.557324409484863,0.0589812435209751,1,,,,,,,,,,,,,,,,
,3952861316.38379,129.018440246582,1000.07543945312,,,6,,,,30.5409681362771,,,10,,,,,,,,,,,,,,,,,,,,,,128.322860717773,129.801330566406,1000.07543945312,1000.07543945312,,,5.86308908462524,,1,0,0,0,0,31.7693061828613,2,1,1,128.235549926758,0,129.092294692993,,,0.00139415144475881,6.87417926087443E-5,0.00139424816967557,6.87419991062706E-5,0.959321618080139,0.960984647274017,30.5851345062256,,30,4,200,-0.000262063927948475,-0.573268234729767,0.0622703395783901,1,,,,,,,,,,,,,,,,
,3952861326.27262,127.371246337891,1000.07543945312,,,6,,,,30.5409681362771,,,10,,,,,,,,,,,,,,,,,,,,,,126.553245544434,128.235549926758,1000.07543945312,1000.07543945312,,,5.85929536819458,,1,0,0,0,0,31.7693061828613,2,1,1,126.506942749023,0,127.418197631836,,,0.00141319181310526,6.96799286822917E-5,0.00141328614084423,6.96801396070813E-5,0.959573924541473,0.961179494857788,30.5842399597168,,30,4,200,-8.06217431090772E-5,-0.580087244510651,0.0641472041606903,1,,,,,,,,,,,,,,,,
,3952861336.45217,125.678253173828,1000.07543945312,,,6,,,,30.5409681362771,,,10,,,,,,,,,,,,,,,,,,,,,,125.006118774414,126.466270446777,1000.07543945312,1000.07543945312,,,5.8557562828064,,1,0,0,0,0,31.2805480957031,2,1,1,124.890235900879,0,125.789464314779,,,0.00143569081673408,7.0789045607401E-5,0.00143577689887468,7.07892112042161E-5,0.959658563137054,0.961110711097717,30.5821151733398,,30,4,200,-5.06035976286512E-5,-0.587109684944153,0.0674034357070923,1,,,,,,,,,,,,,,,,
,3952861355.04695,122.656799316406,1000.07543945312,,,6,,,,30.5349959292687,,,10,,,,,,,,,,,,,,,,,,,,,,121.961730957031,123.428153991699,1000.07543945312,1000.07543945312,,,5.84946298599243,,1,0,0,0,0,31.7693061828613,2,1,1,121.885444641113,0,122.758712768555,,,0.00148326209914485,7.31349728486489E-5,0.00148336730290302,7.31352904271489E-5,0.959533929824829,0.961211502552033,30.5792274475098,5.52984857559204,30,4,200,-8.82536551216617E-5,-0.604102194309235,0.0719909518957138,1,,,,,,,,,,,,,,,,
,3952861364.9792,121.002849578857,1000.07543945312,,,6,,,,30.5349959292687,,,10,,,,,,,,,,,,,,,,,,,,,,120.197319030762,121.885444641113,1000.07543945312,1000.07543945312,,,5.84582948684692,,1,0,0,0,0,31.7693061828613,2,1,1,120.120254516602,0,121.085441589355,,,0.00150488280564017,7.42017351313563E-5,0.00150499759327573,7.42020613480833E-5,0.959299683570862,0.961102843284607,30.5809555053711,0.141759067773819,30,4,200,-7.17235234333202E-5,-0.611852526664734,0.0743303745985031,1,,,,,,,,,,,,,,,,
,3952861375.21988,119.287578582764,1000.07543945312,,,6,,,,30.5349959292687,,,10,,,,,,,,,,,,,,,,,,,,,,118.596572875977,120.120254516602,1000.07543945312,1000.07543945312,,,5.84183931350708,,1,0,0,0,0,30.7917900085449,2,1,1,118.454902648926,0,119.41820526123,,,0.00153180308252258,7.5528916820295E-5,0.00153191542079634,7.55292628900037E-5,0.959355115890503,0.961080551147461,30.5799446105957,0,30,4,200,-6.67394197080284E-5,-0.620209336280823,0.0781877636909485,1,,,,,,,,,,,,,,,,
,3952861393.71015,116.246852874756,1000.07543945312,,,6,,,,30.5291187672628,,,10,,,,,,,,,,,,,,,,,,,,,,115.494018554687,117.091934204102,1000.07543945312,1000.07543945312,,,5.83424377441406,,1,0,0,0,0,31.2805480957031,2,1,1,115.40177154541,0,116.318105697632,,,0.00158448726069672,7.81273779442846E-5,0.00158461890919986,7.81278583811636E-5,0.959121584892273,0.961045861244202,30.5766658782959,,30,4,200,-0.000157404487254098,-0.6394904255867,0.0826859846711159,1,,,,,,,,,,,,,,,,
,3952861403.56469,114.584419250488,1000.07543945312,,,6,,,,30.5291187672628,,,10,,,,,,,,,,,,,,,,,,,,,,113.976150512695,115.40177154541,1000.07543945312,1000.07543945312,,,5.8302493095398,,1,0,0,0,0,31.7693061828613,2,1,1,113.767066955566,0,114.653258323669,,,0.0016076538653389,7.92691603868356E-5,0.00160777771111559,7.9269542357363E-5,0.959279298782349,0.96109014749527,30.5751819610596,,30,4,200,-0.000129625317640603,-0.647956430912018,0.0849469006061554,1,,,,,,,,,,,,,,,,
,3952861413.79783,112.909881591797,1000.07543945312,,,6,,,,30.5291187672628,,,10,,,,,,,,,,,,,,,,,,,,,,112.139381408691,113.730964660645,1000.07543945312,1000.07543945312,,,5.82584476470947,,1,0,0,0,0,31.7693061828613,2,1,1,112.088798522949,0,113.001047770182,,,0.00163553680158539,8.06439753727462E-5,0.00163565288158336,8.06443106709928E-5,0.959289610385895,0.96096259355545,30.573429107666,0,30,4,200,-0.000116860945126973,-0.657450556755066,0.0881733819842339,1,,,,,,,,,,,,,,,,
,3952861432.35352,109.769920349121,1000.07543945312,,,6,,,,30.5234272096596,,,10,,,,,,,,,,,,,,,,,,,,,,109.03694152832,110.576820373535,1000.07543945312,1000.07543945312,,,5.81811857223511,,1,0,0,0,0,31.7693061828613,2,1,1,108.963020324707,0,109.860990524292,,,0.00169419208027784,8.35364849772709E-5,0.001694322894661,8.35368546729449E-5,0.959180235862732,0.961001098155975,30.569673538208,INF,30,4,200,-0.000161004296387546,-0.678415417671204,0.0937540903687477,1,,,,,,,,,,,,,,,,
,3952861442.21373,108.157989501953,1000.07543945312,,,6,,,,30.5234272096596,,,10,,,,,,,,,,,,,,,,,,,,,,107.445045471191,108.963020324707,1000.07543945312,1000.07543945312,,,5.8138689994812,,1,0,0,0,0,31.7693061828613,2,1,1,107.328872680664,0,108.249894883898,,,0.00171983194865123,8.48004884540946E-5,0.00171995771674931,8.48008023311595E-5,0.959244191646576,0.960981965065002,30.5685939788818,0.18671578168869,30,4,200,-0.000175903245690279,-0.688463985919952,0.0955771058797836,1,,,,,,,,,,,,,,,,
,3952861452.47906,106.430694580078,1000.07543945312,,,6,,,,30.5234272096596,,,10,,,,,,,,,,,,,,,,,,,,,,105.598915100098,107.328872680664,1000.07543945312,1000.07543945312,,,5.80879545211792,,1,0,0,0,0,31.7693061828613,2,1,1,105.532516479492,0,106.518447875977,,,0.00175016971501751,8.6295861690191E-5,0.00175028700308496,8.62961498795304E-5,0.959391713142395,0.960988640785217,30.5666847229004,5.52871465682983,30,4,200,-8.38074192870408E-5,-0.698061883449554,0.0998743176460266,1,,,,,,,,,,,,,,,,
,3952861471.236,103.354080200195,1000.07543945312,,,6,,,,30.5178801191509,,,10,,,,,,,,,,,,,,,,,,,,,,102.731842041016,104.168273925781,1000.07543945312,1000.07543945312,,,5.80042505264282,,1,0,0,0,0,31.2805480957031,2,1,1,102.539886474609,0,103.473276138306,,,0.00181550487685137,8.95178861077334E-5,0.0018156381845993,8.9518251819667E-5,0.959248960018158,0.960984766483307,30.5630207061768,0.186715751886368,30,4,200,-0.000165805002325214,-0.721152782440186,0.106399811804295,1,,,,,,,,,,,,,,,,
,3952861480.99469,101.688938140869,1000.07543945312,,,6,,,,30.5178801191509,,,10,,,,,,,,,,,,,,,,,,,,,,100.95378112793,102.539886474609,1000.07543945312,1000.07543945312,,,5.79601621627808,,1,0,0,0,0,31.7693061828613,2,1,1,100.837989807129,0,101.716928482056,,,0.00184539793459079,9.09914766287429E-5,0.00184552704465863,9.09919041800639E-5,0.959341883659363,0.960977375507355,30.5616703033447,1.89166858035605E-5,30,4,200,-0.00010176697105635,-0.731831133365631,0.1096495911479,1,,,,,,,,,,,,,,,,
,3952861491.06725,99.969856262207,1000.07543945312,,,6,,,,30.5178801191509,,,10,,,,,,,,,,,,,,,,,,,,,,99.1545333862305,100.837989807129,1000.07543945312,1000.07543945312,,,5.79034233093262,,1,0,0,0,0,31.2805480957031,2,1,1,99.1017227172852,0,100.066311306424,,,0.00187727098079265,9.2562712965205E-5,0.00187739302146129,9.25631359393452E-5,0.959427535533905,0.960943162441254,30.5600242614746,0,30,4,200,-0.000125844351714477,-0.743419408798218,0.112571217119694,1,,,,,,,,,,,,,,,,
,3952861509.62543,96.9209671020508,1000.07543945312,,,6,,,,30.5125137996036,,,10,,,,,,,,,,,,,,,,,,,,,,96.1616744995117,97.753303527832,1000.07543945312,1000.07543945312,,,5.78154516220093,,1,0,0,0,0,31.2805480957031,2,1,1,96.0886306762695,0,96.9714889526367,,,0.00194889263392617,9.60948023303644E-5,0.00194902657091481,9.60951399515348E-5,0.959260821342468,0.960891544818878,30.5562896728516,INF,30,4,200,-0.000134173518745229,-0.767957508563995,0.120584525167942,1,,,,,,,,,,,,,,,,
,3952861519.49887,95.2600936889648,1000.07543945312,,,6,,,,30.5125137996036,,,10,,,,,,,,,,,,,,,,,,,,,,94.5484771728516,96.0886306762695,1000.07543945312,1000.07543945312,,,5.77627372741699,,1,0,0,0,0.0128173828125,31.7693061828613,2,1,1,94.4315567016602,0,95.3780687120226,,,0.00198150563640185,9.77023258092612E-5,0.00198163335930726,9.77026471147352E-5,0.959404528141022,0.960937798023224,30.5549068450928,0,30,4,200,-0.000111861714685801,-0.779560208320618,0.124074436724186,1,,,,,,,,,,,,,,,,
,3952861529.7074,93.5949172973633,1000.07543945312,,,6,,,,30.5125137996036,,,10,,,,,,,,,,,,,,,,,,,,,,92.8085708618164,94.4315567016602,1000.07543945312,1000.07543945312,,,5.77031660079956,,1,0,0,0,0,31.7693061828613,2,1,1,92.7582778930664,0,93.7059851752387,,,0.00201982468145346,9.95918980249319E-5,0.00201994356585242,9.9592197380457E-5,0.959365665912628,0.960761964321137,30.5530242919922,,30,4,200,-0.00020542400307022,-0.794248402118683,0.126740828156471,1,,,,,,,,,,,,,,,,
,3952861548.34366,90.4636001586914,1000.07543945312,,,6,,,,30.5072380319997,,,10,,,,,,,,,,,,,,,,,,,,,,89.7779541015625,91.282600402832,1000.07543945312,1000.07543945312,,,5.76040458679199,,1,0,0,0,0,31.7693061828613,2,1,1,89.6445999145508,0,90.5469312667847,,,0.00209991059296783,0.000103540949894523,0.00210004435060896,0.000103541333536988,0.95930278301239,0.96080207824707,30.5492248535156,1.87465102499118E-5,30,4,200,-0.00010566021228442,-0.822930097579956,0.134605377912521,1,,,,,,,,,,,,,,,,
,3952861558.24713,88.8268775939941,1000.07543945312,,,6,,,,30.5072380319997,,,10,,,,,,,,,,,,,,,,,,,,,,88.0708770751953,89.6445999145508,1000.07543945312,1000.07543945312,,,5.75457286834717,,1,0,0,0,0,31.7693061828613,2,1,1,88.0091552734375,0,88.9074268341064,,,0.00213600115965259,0.000105320150570812,0.00213612570989732,0.000105320437463527,0.959383189678192,0.960773289203644,30.5476531982422,0,30,4,200,-4.85595082864165E-5,-0.835227310657501,0.139101624488831,1,,,,,,,,,,,,,,,,
,3952861568.4424,87.1649169921875,1000.07543945312,,,6,,,,30.5072380319997,,,10,,,,,,,,,,,,,,,,,,,,,,86.4350051879883,88.0091552734375,1000.07543945312,1000.07543945312,,,5.74792432785034,,1,0,0,0,0,31.7693061828613,2,1,1,86.3206787109375,0,87.2483393351237,,,0.00217910066214796,0.000107444750164294,0.0021792182568918,0.000107445139474127,0.959495902061462,0.960756421089172,30.5456981658936,0.18669019639492,30,4,200,-5.97822727286257E-5,-0.849520087242126,0.144498959183693,1,,,,,,,,,,,,,,,,
,3952861586.90896,84.0482940673828,1000.07543945312,,,6,,,,30.5021383969168,,,10,,,,,,,,,,,,,,,,,,,,,,83.3866271972656,84.8568801879883,1000.07543945312,1000.07543945312,,,5.73656368255615,,1,0,0,0,0,31.7693061828613,2,1,1,83.2397079467773,0,84.1548166275024,,,0.00226764621048186,0.000111811172438435,0.00226777761386855,0.000111811504266348,0.959383070468903,0.960757732391357,30.5423316955566,INF,30,4,200,-0.00011958550021518,-0.88023966550827,0.153916910290718,1,,,,,,,,,,,,,,,,
,3952861596.80057,82.4125442504883,1000.07543945312,,,6,,,,30.5021383969168,,,10,,,,,,,,,,,,,,,,,,,,,,81.6380996704102,83.2397079467773,1000.07543945312,1000.07543945312,,,5.73041582107544,,1,0,0,0,0,31.2805480957031,2,1,1,81.5853805541992,0,82.4818606906467,,,0.00230831073046522,0.000113816017809856,0.00230843550425112,0.00011381634855934,0.95942759513855,0.960706353187561,30.5409069061279,1.81172581505962E-5,30,4,200,-5.7758155890042E-5,-0.894274294376373,0.158776000142097,1,,,,,,,,,,,,,,,,
,3952861607.1028,80.6957855224609,1000.07543945312,,,6,,,,30.5021383969168,,,10,,,,,,,,,,,,,,,,,,,,,,79.8526229858398,81.5853805541992,1000.07543945312,1000.07543945312,,,5.72304677963257,,1,0,0,0,0,30.7917900085449,2,1,1,79.8061904907227,0,80.7586424085829,,,0.00235562598369595,0.00011614841550242,0.00235574225809319,0.000116148778491706,0.95954704284668,0.960704743862152,30.5389995574951,0.17684905230999,30,4,200,1.94033464140375E-6,-0.909833192825317,0.164993733167648,1,,,,,,,,,,,,,,,,
,3952861617.41249,78.8678512573242,1000.07543945312,,,6,,,,30.5021383969168,,,10,,,,,,,,,,,,,,,,,,,,,,77.9977340698242,79.7850341796875,1000.07543945312,1000.07543945312,,,5.7152214050293,,1,0,0,0,0,31.7693061828613,2,1,1,77.9506683349609,0,78.943852742513,,,0.00240653086972308,0.000118658010467586,0.00240663660909322,0.000118658283224083,0.959625780582428,0.960668921470642,30.5371208190918,0,30,4,200,-3.52098286384717E-5,-0.927174687385559,0.171044379472733,1,,,,,,,,,,,,,,,,
,3952861635.84667,75.7467651367187,1000.07543945312,,,6,,,,30.4959346880761,,,10,,,,,,,,,,,,,,,,,,,,,,75.0327072143555,76.5651702880859,1000.07543945312,1000.07543945312,,,5.70171499252319,,1,0,0,0,0,31.7693061828613,2,1,1,74.9283599853516,0,75.818362236023,,,0.00250812633460432,0.000123668285293065,0.00250825592415622,0.000123668687698386,0.959439873695374,0.960649609565735,30.5336532592773,0.182924956083298,30,4,200,-6.64864492136985E-5,-1.0744640827179,0.0699000731110573,1,,,,,,,,,,,,,,,,
,3952861645.79209,74.0347213745117,1000.07543945312,,,6,,,,30.4959346880761,,,10,,,,,,,,,,,,,,,,,,,,,,73.1994781494141,74.9283599853516,1000.07543945312,1000.07543945312,,,5.69433736801147,,1,0,0,0,0.0128173828125,31.7693061828613,2,1,1,73.1410827636719,0,74.1238208346897,,,0.00255507111885451,0.000125982575185939,0.0025551920647019,0.000125982984212246,0.959515333175659,0.96061760187149,30.5319328308105,0,30,4,200,2.3713982955087E-7,-1.09007287025452,0.076048918068409,1,,,,,,,,,,,,,,,,
,3952861656.04654,72.2905578613281,1000.07543945312,,,6,,,,30.4959346880761,,,10,,,,,,,,,,,,,,,,,,,,,,71.488655090332,73.1410827636719,1000.07543945312,1000.07543945312,,,5.68598937988281,,1,0,0,0,0,31.7693061828613,2,1,1,71.4400329589844,0,72.4054141574436,,,0.002610274111932,0.000128704081448145,0.00261038479686089,0.000128704452292364,0.959594309329987,0.960582971572876,30.5300159454346,,30,4,200,8.18503758637235E-6,-1.10841584205627,0.0831395462155342,1,,,,,,,,,,,,,,,,
,3952861666.37017,70.5451736450195,1000.07543945312,,,6,,,,30.4959346880761,,,10,,,,,,,,,,,,,,,,,,,,,,69.8566055297852,71.4400329589844,1000.07543945312,1000.07543945312,,,5.67741775512695,,1,0,0,0,0.0128936767578125,31.7693061828613,2,1,1,69.6503143310547,0,70.6605055067274,,,0.00266668034775067,0.000131484860588246,0.00266678276921552,0.000131485244253404,0.959674060344696,0.960562527179718,30.5282325744629,1.6674144717399E-5,30,4,200,-3.49997644661926E-5,-1.1278361082077,0.0896672233939171,1,,,,,,,,,,,,,,,,
,3952861685.05059,67.3869705200195,1000.07543945312,,,6,,,,30.4900105012614,,,10,,,,,,,,,,,,,,,,,,,,,,66.80859375,68.2531585693359,1000.07543945312,1000.07543945312,,,5.66170310974121,,1,0,0,0,0,31.7693061828613,2,1,1,66.5207824707031,0,67.5180711746216,,,0.00278342773128855,0.000137242089732149,0.00278354789215337,0.000137242490659539,0.959524393081665,0.960529625415802,30.5244026184082,0,30,4,200,-0.000225171854253858,-1.1676025390625,0.102876096963882,1,,,,,,,,,,,,,,,,
,3952861694.88086,65.6626167297363,1000.07543945312,,,6,,,,30.4900105012614,,,10,,,,,,,,,,,,,,,,,,,,,,64.9809722900391,66.5207824707031,1000.07543945312,1000.07543945312,,,5.65167665481567,,1,0,0,0,0,31.2805480957031,2,1,1,64.8044509887695,0,65.7788219451904,,,0.00283795622214927,0.000139930527581052,0.00283806682034293,0.000139930860296449,0.959563434123993,0.960477292537689,30.5228061676025,0,30,4,200,-0.000298273196676746,-1.18789434432983,0.107898324728012,1,,,,,,,,,,,,,,,,
,3952861705.07193,63.9239501953125,1000.07543945312,,,6,,,,30.4900105012614,,,10,,,,,,,,,,,,,,,,,,,,,,63.1816368103027,64.7868194580078,1000.07543945312,1000.07543945312,,,5.64151477813721,,1,0,0,0,0,31.7693061828613,2,1,1,63.0610809326172,0,64.0183783637153,,,0.00289991892578966,0.000142985324502843,0.00290002068246706,0.000142985699047599,0.959626138210297,0.960437178611755,30.5209045410156,5.52457284927368,30,4,200,-0.000240334396949038,-1.21013855934143,0.11404725164175,1,,,,,,,,,,,,,,,,
,3952861715.4284,62.1193771362305,1000.07543945312,,,6,,,,30.4900105012614,,,10,,,,,,,,,,,,,,,,,,,,,,61.3248062133789,62.9748764038086,1000.07543945312,1000.07543945312,,,5.63075828552246,,1,0,0,0,0.0128173828125,31.7693061828613,2,1,1,61.2638778686523,0,62.2408129374186,,,0.00296474494337014,0.00014618109145719,0.0029648355025156,0.000146181468028112,0.959729492664337,0.960429012775421,30.5186824798584,0,30,4,200,-0.000177458525286056,-1.23232972621918,0.121615283191204,1,,,,,,,,,,,,,,,,
,3952861734.00307,58.9515609741211,1000.07543945312,,,6,,,,30.4843538831093,,,10,,,,,,,,,,,,,,,,,,,,,,58.1876983642578,59.7999114990234,1000.07543945312,1000.07543945312,,,5.61119842529297,,1,0,0,0,0.0128173828125,31.2805480957031,2,1,1,58.1032104492188,0,59.0320916175842,,,0.00309214827809526,0.000152463630686305,0.00309225290614902,0.00015246398154919,0.959612905979156,0.96040016412735,30.5147972106934,0,30,4,200,-0.000115544375148602,-1.27630949020386,0.135554760694504,1,,,,,,,,,,,,,,,,
,3952861743.94037,57.2805309295654,1000.07543945312,,,6,,,,30.4843538831093,,,10,,,,,,,,,,,,,,,,,,,,,,56.5285110473633,58.1032104492188,1000.07543945312,1000.07543945312,,,5.59924793243408,,1,0,0,0,0,31.7693061828613,2,1,1,56.4578514099121,0,57.3415546417236,,,0.00315325849700201,0.000155476336637774,0.00315335433758183,0.000155476710423779,0.959676146507263,0.960375189781189,30.5130386352539,5.35576963424683,30,4,200,-5.67549468541983E-5,-1.29777550697327,0.142641812562943,1,,,,,,,,,,,,,,,,
,3952861754.16449,55.5671825408936,1000.07543945312,,,6,,,,30.4843538831093,,,10,,,,,,,,,,,,,,,,,,,,,,54.7421264648438,56.4578514099121,1000.07543945312,1000.07543945312,,,5.58590793609619,,1,0,0,0,0,31.2805480957031,2,1,1,54.676513671875,0,55.6747258504232,,,0.00322369178430519,0.000158948805521974,0.00322377375246538,0.000158949039295289,0.959734320640564,0.960332751274109,30.5108909606934,0,30,4,200,-4.71217972517479E-5,-1.32198202610016,0.15076008439064,1,,,,,,,,,,,,,,,,
,3952861764.41296,53.8300552368164,1000.07543945312,,,6,,,,30.4843538831093,,,10,,,,,,,,,,,,,,,,,,,,,,53.0341796875,54.676513671875,1000.07543945312,1000.07543945312,,,5.57456254959106,,1,0,0,0,0,32.2580642700195,2,1,1,52.9835968017578,0,53.8922865125868,,,0.00329458219922375,0.000162443896971768,0.00329465631793122,0.000162444167958933,0.959778845310211,0.960299253463745,30.5090980529785,0,30,4,200,-3.48818939528428E-5,-1.34664940834045,0.158859372138977,1,,,,,,,,,,,,,,,,
,3952861782.93028,50.6790714263916,1000.07543945312,,,6,,,,30.4790054642537,,,10,,,,,,,,,,,,,,,,,,,,,,50.0166091918945,51.4996528625488,1000.07543945312,1000.07543945312,,,5.54870653152466,,1,0,0,0,0.0130462646484375,31.7693061828613,2,1,1,49.8584899902344,0,50.7597012519836,,,0.00343186028020764,0.000169213308146233,0.00343195025346416,0.000169213701791535,0.959668099880218,0.960263907909393,30.5055046081543,,30,4,200,-4.2989482608391E-5,-1.39356482028961,0.174743443727493,1,,,,,,,,,,,,,,,,
,3952861792.84676,49.0281677246094,1000.07543945312,,,6,,,,30.4790054642537,,,10,,,,,,,,,,,,,,,,,,,,,,48.2504196166992,49.8584899902344,1000.07543945312,1000.07543945312,,,5.53219032287598,,1,0,0,0,0.0128173828125,31.7693061828613,2,1,1,48.1978454589844,0,49.1254751417372,,,0.00350001936113961,0.000172573645680882,0.00350010137433181,0.000172574008789723,0.959713101387024,0.960245192050934,30.5040435791016,0,30,4,200,-2.5880456178129E-6,-1.41717720031738,0.18281027674675,1,,,,,,,,,,,,,,,,
,3952861803.05084,47.299898147583,1000.07543945312,,,6,,,,30.4790054642537,,,10,,,,,,,,,,,,,,,,,,,,,,46.4714050292969,48.1978454589844,1000.07543945312,1000.07543945312,,,5.51742124557495,,1,0,0,0,0.0128173828125,31.7693061828613,2,1,1,46.4019508361816,0,47.3624733818902,,,0.00357605568761678,0.000176322775276821,0.00357612783246906,0.000176323102423338,0.959714412689209,0.960171043872833,30.5022106170654,,30,4,200,1.37824263219954E-5,-1.4435031414032,0.191745147109032,1,,,,,,,,,,,,,,,,
,3952861813.35163,45.5472850799561,1000.07543945312,,,6,,,,30.4790054642537,,,10,,,,,,,,,,,,,,,,,,,,,,44.8213500976562,46.4019508361816,1000.07543945312,1000.07543945312,,,5.49970483779907,,1,0,0,0,0,31.7693061828613,2,1,1,44.6926193237305,0,45.6179271274143,,,0.00365404237379129,0.000180167328588095,0.00365410489182499,0.000180167633610491,0.959804952144623,0.960189700126648,30.5002918243408,0.22063672542572,30,4,200,2.85129426629283E-5,-1.47006785869598,0.20093297958374,1,,,,,,,,,,,,,,,,
,3952861823.63055,43.7698268890381,1000.07543945312,,,6,,,,30.4790054642537,,,10,,,,,,,,,,,,,,,,,,,,,,42.898307800293,44.6926193237305,1000.07543945312,1000.07543945312,,,5.48038101196289,,1,0,0,0,0.0128173828125,31.7693061828613,2,1,1,42.8470344543457,0,43.822215186225,,,0.00373393900874763,0.000184106619518051,0.00373399423713547,0.000184106892129319,0.959824740886688,0.960156857967377,30.4987869262695,3.94114446640015,30,4,200,2.85530986730009E-5,-1.49736702442169,0.210379645228386,1,,,,,,,,,,,,,,,,
,3952861842.11113,40.5854568481445,1000.07543945312,,,6,,,,30.4730576014766,,,10,,,,,,,,,,,,,,,,,,,,,,39.8584747314453,41.3874473571777,1000.07543945312,1000.07543945312,,,5.44455242156982,,1,0,0,0,0.0128936767578125,31.7693061828613,2,1,1,39.7834663391113,0,40.6633853912354,,,0.00388444844495884,0.000191528714578446,0.00388452155500687,0.000191529005428883,0.959689319133759,0.960120141506195,30.4956092834473,7.63029165682383E-5,30,4,200,-2.95609461318236E-5,-1.54807221889496,0.228154212236404,1,,,,,,,,,,,,,,,,
,3952861852.0715,38.8701362609863,1000.07543945312,,,6,,,,30.4730576014766,,,10,,,,,,,,,,,,,,,,,,,,,,38.0149116516113,39.7834663391113,1000.07543945312,1000.07543945312,,,5.42293930053711,,1,0,0,0,0,31.2805480957031,2,1,1,37.9568061828613,0,38.944096883138,,,0.00395993568320899,0.000195250837650976,0.00395999922008702,0.000195251035203974,0.959675788879395,0.960049688816071,30.4940795898438,,30,4,200,5.76707134314347E-5,-1.57375264167786,0.237646028399467,1,,,,,,,,,,,,,,,,
,3952861862.38853,37.0789203643799,1000.07543945312,,,6,,,,30.4730576014766,,,10,,,,,,,,,,,,,,,,,,,,,,36.3279075622559,37.9568061828613,1000.07543945312,1000.07543945312,,,5.39806604385376,,1,0,0,0,0,31.7693061828613,2,1,1,36.2010345458984,0,37.1642888387044,,,0.00404576965375353,0.000199482646394673,0.00404582659412037,0.000199482842590946,0.959723234176636,0.960049033164978,30.4926738739014,0.186691284179687,30,4,200,2.80043350358028E-5,-1.60283041000366,0.247803166508675,1,,,,,,,,,,,,,,,,
,3952861872.64837,35.3477954864502,1000.07543945312,,,6,,,,30.4730576014766,,,10,,,,,,,,,,,,,,,,,,,,,,34.5431976318359,36.2010345458984,1000.07543945312,1000.07543945312,,,5.37050342559814,,1,0,0,0,0,31.2805480957031,2,1,1,34.494556427002,0,35.4270405239529,,,0.00413051131213237,0.000203660835983164,0.00413056071312396,0.00020366103497292,0.959739208221436,0.960012435913086,30.4910278320313,,30,4,200,4.20956348534673E-5,-1.63124537467957,0.258202910423279,1,,,,,,,,,,,,,,,,
,3952861882.91918,33.6341800689697,1000.07543945312,,,6,,,,30.4730576014766,,,10,,,,,,,,,,,,,,,,,,,,,,32.9331016540527,34.494556427002,1000.07543945312,1000.07543945312,,,5.34097909927368,,1,0,0,0,0,31.7693061828613,2,1,1,32.7738037109375,0,33.7149514092339,,,0.00421512265305988,0.000207832731028883,0.00421516501057003,0.000207832901623089,0.959729850292206,0.959959328174591,30.4895267486572,,30,4,200,2.48323958658148E-5,-1.77233290672302,0.156059876084328,1,,,,,,,,,,,,,,,,
,3952861901.55771,30.4420728683472,1000.07543945312,,,6,,,,30.4676910784583,,,10,,,,,,,,,,,,,,,,,,,,,,29.7902030944824,31.240966796875,1000.07543945312,1000.07543945312,,,5.28591728210449,,1,0,0,0,0,31.7693061828613,2,1,1,29.6431789398193,0,30.5279879570007,,,0.00437629181133986,0.000215780125255187,0.00437634785723796,0.000215780304641685,0.95965176820755,0.959949195384979,30.4864540100098,1,30,4,200,2.44177790591493E-5,-1.82582032680511,0.175982132554054,1,,,,,,,,,,,,,,,,
,3952861911.4292,28.7923765182495,1000.07543945312,,,6,,,,30.4676910784583,,,10,,,,,,,,,,,,,,,,,,,,,,28.0598068237305,29.6431789398193,1000.07543945312,1000.07543945312,,,5.24914932250977,,1,0,0,0,0.0006866455078125,31.2805480957031,2,1,1,27.9415740966797,0,28.86936378479,,,0.00446129877024,0.000219971466378864,0.00446135002083976,0.000219971671254848,0.959656536579132,0.95991861820221,30.4853096008301,,30,4,200,4.49653598479927E-5,-1.85441517829895,0.186591655015945,1,,,,,,,,,,,,,,,,
,3952861921.60398,27.0691680908203,1000.07543945312,,,6,,,,30.4676910784583,,,10,,,,,,,,,,,,,,,,,,,,,,26.3078346252441,27.9415740966797,1000.07543945312,1000.07543945312,,,5.2113881111145,,1,0,0,0,0,31.7693061828613,2,1,1,26.1967620849609,0,27.1562512715658,,,0.00455255258595525,0.000224471187374009,0.00455259832144193,0.00022447146463923,0.959624111652374,0.959842562675476,30.4837856292725,,30,4,200,5.85162415518425E-5,-1.88528299331665,0.197975471615791,1,,,,,,,,,,,,,,,,
,3952861931.91129,25.3201551437378,1000.07543945312,,,6,,,,30.4676910784583,,,10,,,,,,,,,,,,,,,,,,,,,,24.4896354675293,26.1967620849609,1000.07543945312,1000.07543945312,,,5.16643381118774,,1,0,0,0,0,30.7917900085449,2,1,1,24.4435482025146,0,25.4082486894396,,,0.00464854265895861,0.000229204262608563,0.00464858337496738,0.000229204490863213,0.959614872932434,0.959807217121124,30.4827995300293,0,30,4,200,6.96273637004197E-5,-1.91750156879425,0.210010215640068,1,,,,,,,,,,,,,,,,
,3952861942.21173,23.5937614440918,1000.07543945312,,,6,,,,30.4676910784583,,,10,,,,,,,,,,,,,,,,,,,,,,22.7923583984375,24.4435482025146,1000.07543945312,1000.07543945312,,,5.11488151550293,,1,0,0,0,0.0128173828125,31.2805480957031,2,1,1,22.7439746856689,0,23.6906104617649,,,0.00474715924194762,0.00023406689638723,0.00474719373951456,0.000234067098329229,0.95959597826004,0.959754526615143,30.4814128875732,,30,4,200,9.18519290280528E-5,-1.95062363147736,0.222404956817627,1,,,,,,,,,,,,,,,,
,3952861952.57503,21.8711137771606,1000.07543945312,,,6,,,,30.4676910784583,,,10,,,,,,,,,,,,,,,,,,,,,,21.0433216094971,22.7439746856689,1000.07543945312,1000.07543945312,,,5.05459976196289,,1,0,0,0,0,31.2805480957031,2,1,1,20.9982528686523,0,21.9260366227892,,,0.00484964415830989,0.000239120179690421,0.0048496733064243,0.000239120368065201,0.959585666656494,0.959714889526367,30.4800834655762,0,30,4,200,0.000126939470646903,-1.98485887050629,0.235477477312088,1,,,,,,,,,,,,,,,,
,3952861971.21223,18.7608022689819,1000.07543945312,,,6,,,,30.4622283549463,,,10,,,,,,,,,,,,,,,,,,,,,,18.0529270172119,19.5345668792725,1000.07543945312,1000.07543945312,,,4.92592716217041,,1,0,0,0,0.0191497802734375,31.7693061828613,2,1,1,17.9870376586914,0,18.83167719841,,,0.0050545785129567,0.000249226602541744,0.00505462271952755,0.000249226831275036,0.959415078163147,0.959608137607574,30.4773998260498,0,30,4,200,0.000145057754707523,-2.05260610580444,0.261744290590286,1,,,,,,,,,,,,,,,,
,3952861981.06086,17.1891851425171,1000.07543945312,,,6,,,,30.4622283549463,,,10,,,,,,,,,,,,,,,,,,,,,,16.5723686218262,17.9870376586914,1000.07543945312,1000.07543945312,,,4.83271169662476,,1,0,0,0,0,31.7693061828613,2,1,1,16.3913326263428,0,17.2434086799622,,,0.00516804431671598,0.00025482185934801,0.00516807776543649,0.00025482180803281,0.959357440471649,0.95952171087265,30.4762325286865,0,30,4,200,0.000150754669448361,-2.09048390388489,0.276693016290665,1,,,,,,,,,,,,,,,,
,3952861991.22977,15.5072631835938,1000.07543945312,,,6,,,,30.4622283549463,,,10,,,,,,,,,,,,,,,,,,,,,,14.7181816101074,16.3370685577393,1000.07543945312,1000.07543945312,,,4.70868968963623,,1,0,0,0,0,31.7693061828613,2,1,1,14.6774578094482,0,15.5661198298136,,,0.00529799709673822,0.000261229691237219,0.00529802810955058,0.00026122984073273,0.959327459335327,0.959457337856293,30.4746894836426,INF,30,4,200,0.000350747839547694,-2.13419699668884,0.294019937515259,1,,,,,,,,,,,,,,,,
,3952862001.5637,13.8368668556213,1000.07543945312,,,6,,,,30.4622283549463,,,10,,,,,,,,,,,,,,,,,,,,,,13.052041053772,14.6774578094482,1000.07543945312,1000.07543945312,,,4.54220914840698,,1,0,0,0,0,31.7693061828613,2,1,1,12.9962759017944,0,13.9050934049818,,,0.0054346392815937,0.000267966688645935,0.00543466406364483,0.000267966813154894,0.959372043609619,0.959472835063934,30.473201751709,5.46147020941135E-5,30,4,200,0.000385907565942034,-2.17888402938843,0.311941087245941,1,,,,,,,,,,,,,,,,
,3952862011.91906,12.2331323623657,1000.07543945312,,,6,,,,30.4622283549463,,,10,,,,,,,,,,,,,,,,,,,,,,11.469988822937,12.9962759017944,1000.07543945312,1000.07543945312,,,4.33592224121094,,1,0,0,0,0,31.2805480957031,2,1,1,11.469988822937,0,12.2776057985094,,,0.00556559596288929,0.000274422392918678,0.00556561763109147,0.000274422524553253,0.95949512720108,0.959579348564148,30.4722461700439,0,30,4,200,0.00030706959660165,-2.21957874298096,0.328851103782654,1,,,,,,,,,,,,,,,,
,3952862022.19999,10.6335129737854,1000.07543945312,,,6,,,,30.4622283549463,,,10,,,,,,,,,,,,,,,,,,,,,,9.90536117553711,11.3894138336182,1000.07543945312,1000.07543945312,,,4.1333475112915,,1,0,0,0,0,31.7693061828613,2,1,1,9.87761211395264,0,10.6411044862535,,,0.00566029186756684,0.000279087299392859,0.00566028488290811,0.000279085989246159,0.95987057685852,0.959956765174866,30.4723148345947,INF,30,4,200,-0.000537544838152826,-2.35520267486572,0.224547430872917,1,,,,,,,,,,,,,,,,
,3952862032.48016,9.54779720306397,1000.07543945312,,,6,,,,30.4622283549463,,,10,,,,,,,,,,,,,,,,,,,,,,9.24259948730469,9.87761211395264,1000.07543945312,1000.07543945312,,,3.99815607070923,,1,0,0,0,0,31.7693061828613,6,1,1,9.21798229217529,0,9.60249678293864,,,0.00567588747047116,0.000279854712079213,0.00567589441576692,0.000279854755858049,0.960015416145325,0.960042059421539,30.467830657959,0,30,4,200,-0.000630049500614405,-2.35932612419128,0.22751596570015,1,,,,,,,,,,,,,,,,
,3952862050.9917,8.71507930755615,1000.07543945312,,,6,,,,30.4571153992671,,,10,,,,,,,,,,,,,,,,,,,,,,8.5720386505127,8.87283515930176,1000.07543945312,1000.07543945312,,,3.82471370697022,,1,0,0,0,0.00030517578125,31.7693061828613,6,1,1,8.55732345581055,0,8.72595489025116,,,0.00570372896630983,0.000281226895007464,0.00570374219307084,0.000281226982039056,0.960065424442291,0.960115730762482,30.4648017883301,0,30,4,200,-0.000832881021779031,-2.36690163612366,0.230769544839859,1,,,,,,,,,,,,,,,,
,3952862060.94886,8.51558685302734,1000.07543945312,,,6,,,,30.4571153992671,,,10,,,,,,,,,,,,,,,,,,,,,,8.43289470672607,8.55732345581055,1000.07543945312,1000.07543945312,,,3.77056670188904,,1,0,0,0,0,31.7693061828613,6,1,1,8.47385025024414,0,8.472441567315,,,0.00570704083427064,0.000281389853717976,0.00570705015978666,0.000281389938258834,0.960096478462219,0.960129857063293,30.4633769989014,0.18669804930687,30,4,200,-0.000930473092012107,-2.36786770820618,0.231049701571465,1,,,,,,,,,,,,,,,,
,3952862071.24405,8.67028188705444,1000.07543945312,,,6,,,,30.4571153992671,,,10,,,,,,,,,,,,,,,,,,,,,,8.47385025024414,8.92696952819824,1000.07543945312,1000.07543945312,,,3.77457928657532,,1,0,0,0,0,31.2805480957031,6,1,1,8.86671352386475,0,8.63493484920926,,,0.00570477177835761,0.000281278131894186,0.00570477898391511,0.000281278185561685,0.960080564022064,0.960107386112213,30.4627304077148,0,30,4,200,-0.000955440395046025,-2.36826038360596,0.23058770596981,1,,,,,,,,,,,,,,,,
,3952862081.60816,8.49331331253052,1000.07543945312,,,6,,,,30.4571153992671,,,10,,,,,,,,,,,,,,,,,,,,,,8.08125019073486,8.83758449554443,1000.07543945312,1000.07543945312,,,3.68115544319153,,1,0,0,0,0.0003814697265625,31.2805480957031,6,1,1,8.1490421295166,0,8.26194307539198,,,0.00568942696207133,0.000280522536602509,0.00568942921669924,0.000280522577388224,0.959989190101624,0.959995448589325,30.459831237793,0.186705961823463,30,4,200,-0.00134991738013923,-2.36500263214111,0.230071663856506,1,,,,,,,,,,,,,,,,
,3952862091.84165,8.06179308891296,1000.07543945312,,,6,,,,30.4571153992671,,,10,,,,,,,,,,,,,,,,,,,,,,7.97784852981567,8.1490421295166,1000.07543945312,1000.07543945312,,,3.63969111442566,,1,0,0,0,0,31.7693061828613,6,1,1,7.97454404830933,0,8.05539819929335,,,0.00566373152855232,0.00027925347359717,0.00566373218764861,0.000279253484863671,0.960180222988129,0.960182130336761,30.458610534668,0,30,4,200,-0.0013935815077275,-2.35832476615906,0.333212465047836,1,,,,,,,,,,,,,,,,
,3952862102.13551,7.55316805839539,1000.07543945312,,,6,,,,30.4571153992671,,,10,,,,,,,,,,,,,,,,,,,,,,7.18444299697876,7.97454404830933,1000.07543945312,1000.07543945312,,,3.56176018714905,,1,0,0,0,0,31.7693061828613,6,1,1,7.13179206848145,0,7.74630721410116,,,0.00534797930241134,0.00026409986917146,0.00534820557465064,0.0002641006372559,0.931307911872864,0.931881189346313,30.4911289215088,5.52187728881836,30,4,200,-0.0153502421453595,-2.33978605270386,0.311472147703171,1,,,,,,,,,,,,,,,,
,3952862112.50844,6.2648389339447,1000.07543945312,,,6,,,,30.4571153992671,,,10,,,,,,,,,,,,,,,,,,,,,,5.53854656219482,7.13179206848145,1000.07543945312,1000.07543945312,,,3.35331678390503,,1,0,0,0,0.0128173828125,31.7693061828613,6,1,1,5.39788579940796,0,6.37210210164388,,,0.00388432324640087,0.000191633688856418,0.00388469737752626,0.00019163431980003,0.947251260280609,0.949040353298187,30.4048137664795,0,30,4,200,-0.00476078689098358,-1.69378876686096,0.214197903871536,1,,,,,,,,,,,,,,,,
,3952862122.84175,4.79800653457642,1000.07543945312,,,6,,,,30.4571153992671,,,10,,,,,,,,,,,,,,,,,,,,,,4.19695854187012,5.39788579940796,1000.07543945312,1000.07543945312,,,3.07154178619385,,1,0,0,0,0,32.2580642700195,6,1,1,4.19812726974487,0,4.64857779608832,,,0.00365494436976082,0.000180233070006631,0.00365540386936733,0.000180233781513505,0.956973910331726,0.959898412227631,30.3972854614258,2.32686234085122E-5,30,4,200,-0.000870062969624996,-1.46806943416595,0.204148694872856,1,,,,,,,,,,,,,,,,
,3952862133.17319,4.20423126220703,1000.07543945312,,,6,,,,30.4571153992671,,,10,,,,,,,,,,,,,,,,,,,,,,4.17507696151733,4.19949817657471,1000.07543945312,1000.07543945312,,,3.00418949127197,,1,0,0,0,0.0128173828125,31.7693061828613,6,1,1,4.2109489440918,0,4.19306135177612,,,0.00364065625771756,0.000179526032786482,0.003641099241517,0.000179526776919235,0.957291185855865,0.960132777690887,30.3983364105225,,30,4,200,-0.0006593560683541,-1.45825099945068,0.20061856508255,1,,,,,,,,,,,,,,,,
,3952862143.39762,4.20574831962585,1000.07543945312,,,6,,,,30.4571153992671,,,10,,,,,,,,,,,,,,,,,,,,,,4.19941139221191,4.2109489440918,1000.07543945312,1000.07543945312,,,2.94776606559753,,1,0,0,0,0,31.7693061828613,6,1,1,4.20054769515991,0,4.20299122068617,,,0.00364121164174155,0.000179553183595657,0.00364165316784679,0.000179553919436007,0.957322478294373,0.960156977176666,30.3984298706055,0,30,4,200,-0.00063533236971125,-1.45952165126801,0.199631422758102,1,,,,,,,,,,,,,,,,
,3952862153.69173,4.20033550262451,1000.07543945312,,,6,,,,30.4571153992671,,,10,,,,,,,,,,,,,,,,,,,,,,4.19854879379272,4.20091676712036,1000.07543945312,1000.07543945312,,,2.92989277839661,,1,0,0,0,0.0128173828125,31.2805480957031,5,1,1,4.20012331008911,0,4.19991742240058,,,0.00364110974531726,0.000179548198007141,0.0036415500171865,0.00017954894472381,0.957326352596283,0.960151076316834,30.3985290527344,2.29450397455366E-5,30,4,200,-0.000637313758488744,-1.46016049385071,0.198903992772102,1,,,,,,,,,,,,,,,,
,3952862164.06264,4.20015382766724,1000.07543945312,,,6,,,,30.4571153992671,,,10,,,,,,,,,,,,,,,,,,,,,,4.19832324981689,4.20127153396606,1000.07543945312,1000.07543945312,,,2.92482280731201,,1,0,0,0,0.0009918212890625,29.8142719268799,5,1,1,4.20018434524536,0,4.19996081458198,,,0.00364105486412362,0.000179545337103893,0.00364149085495451,0.000179545954380571,0.957341909408569,0.960156381130218,30.3986415863037,2.29195084102685E-5,30,4,200,-0.000656602380331606,-1.46104764938354,0.198097839951515,1,,,,,,,,,,,,,,,,
,3952862174.35096,4.20021271705627,1000.07543945312,,,6,,,,30.4571153992671,,,10,,,,,,,,,,,,,,,,,,,,,,4.19824028015137,4.20105075836182,1000.07543945312,1000.07543945312,,,2.9220917224884,,1,0,0,0,0,31.7693061828613,5,1,1,4.20024108886719,0,4.19982687632243,,,0.00364099466863374,0.000179542314626905,0.00364142844284991,0.000179542872364323,0.957345128059387,0.960152924060822,30.3987159729004,0,30,4,200,-0.000645204680040479,-1.46206748485565,0.197126597166061,1,,,,,,,,,,,,,,,,
,3952862184.66109,4.20003938674927,1000.07543945312,,,6,,,,30.4571153992671,,,10,,,,,,,,,,,,,,,,,,,,,,4.19881820678711,4.20063352584839,1000.07543945312,1000.07543945312,,,2.92091035842895,,1,0,0,0,0.0128173828125,31.2805480957031,5,1,1,4.19983768463135,0,4.1998372607761,,,0.00364098672607873,0.000179541916531113,0.00364142171560416,0.000179542572293065,0.957347214221954,0.960149884223938,30.3987674713135,0.621277809143066,30,4,200,-0.000631956616416574,-1.46279096603394,0.196191623806953,1,,,,,,,,,,,,,,,,
,3952862195.02579,4.19980692863464,1000.07543945312,,,6,,,,30.4571153992671,,,10,,,,,,,,,,,,,,,,,,,,,,4.19832277297974,4.20137310028076,1000.07543945312,1000.07543945312,,,2.91969084739685,,1,0,0,0,0.0128173828125,31.7693061828613,5,1,1,4.19977617263794,0,4.19982184304131,,,0.00364095088050437,0.000179540081266347,0.0036413849672251,0.000179540694085526,0.957352817058563,0.960155665874481,30.3987674713135,0.186717018485069,30,4,200,-0.000633810821454972,-1.46349263191223,0.195518374443054,1,,,,,,,,,,,,,,,,
,3952862205.33009,4.20006680488586,1000.07543945312,,,6,,,,30.4571153992671,,,10,,,,,,,,,,,,,,,,,,,,,,4.19851970672607,4.20121479034424,1000.07543945312,1000.07543945312,,,2.9239342212677,,1,0,0,0,0.0128173828125,31.2805480957031,1,1,1,4.20035743713379,0,4.1998766263326,,,0.0036409562564686,0.000179540394739726,0.00364138827743709,0.000179540953856333,0.957359075546265,0.960155665874481,30.3988361358643,5.35566234588623,30,4,200,-0.000625638989731669,-1.46414160728455,0.19475694000721,1,,,,,,,,,,,,,,,,
