[Header]
; MPMS3 Data File (default extension .dat)
; Copyright (c) 2007, Quantum Design, Inc. All rights reserved.
TITLE,
FILEOPENTIME,3952871358.46092,04/03/2025,8:47 pm
BYAPP,MPMS3 w/ AC,1.0,1.1
INFO,MPMS3 Measurement Release 1.2.2 Build 0, MultiVu Release 2.3.5.2,APPNAME
INFO,Linear Motor Servo Controller,MOTOR_MODULE_NAME
INFO,3101-100 N4,MOTOR_HW_VERSION
INFO,MMC1299,MOTOR_SERIAL_NUMBER
INFO,01.04.28,MOTOR_SOFTWARE_VERSION
INFO,Quantum Design Squid Module,SQUID_MODULE_NAME
INFO,3101-501 B0,SQUID_HW_VERSION
INFO,SQM364,SQUID_SERIAL_NUMBER
INFO,01.03.04,SQUID_SOFTWARE_VERSION
INFO,Quantum Design VSM Oven,OVEN_MODULE_NAME
INFO,3101-201 A3,OVEN_HW_VERSION
INFO,OVB387,OVEN_SERIAL_NUMBER
INFO,01.07.07,OVEN_SOFTWARE_VERSION
INFO,SQUID AC,AC_MODULE_NAME
INFO,3101-401 G0,AC_HW_VERSION
INFO,SAC242,AC_SERIAL_NUMBER
INFO,SQUID AC 00.95.11,AC_SOFTWARE_VERSION
INFO,TCI374,COIL_SERIAL_NUMBER
INFO,0,MOMENT_UNITS
INFO,RuCl3,SAMPLE_MATERIAL
INFO,TB002b H parra ab,SAMPLE_COMMENT
INFO,42.7,SAMPLE_MASS
INFO,,SAMPLE_VOLUME
INFO,,SAMPLE_MOLECULAR_WEIGHT
INFO,,SAMPLE_SIZE
INFO,,SAMPLE_SHAPE
INFO,Quartz,SAMPLE_HOLDER
INFO,Standard,SAMPLE_HOLDER_DETAIL
INFO,66.33,SAMPLE_OFFSET
DATATYPE,COMMENT,1
DATATYPE,TIME,2
STARTUPAXIS,X,2
STARTUPAXIS,Y1,5
FIELDGROUP, VSM,2,3,4,5,6,8,9,10,11,14,15
FIELDGROUP, DC, 2,3,4,14,56,57,58,59,60,61,62,63,64,65,66,67,68,69
FIELDGROUP, AC, 2,3,4,11,16,17,18,19,20,21,22,23,24,25,26,27,28,29,30
STARTUPGROUP, All
[Data]
Comment,Time Stamp (sec),Temperature (K),Magnetic Field (Oe),Moment (emu),M. Std. Err. (emu),Transport Action,Averaging Time (sec),Frequency (Hz),Peak Amplitude (mm),Center Position (mm),Lockin Signal' (V),Lockin Signal (V),Range,M. Quad. Signal (emu),AC Moment (emu),AC M. Std Err. (emu),AC Phase (deg),AC Phase Std. Err. (deg),AC Susceptibility (emu/Oe),AC Suscept. Std Err. (emu/Oe),AC X' (emu/Oe),AC X' Std Err. (emu/Oe),AC X'' (emu/Oe),AC X'' Std Err. (emu/Oe),AC Drive (Oe),AC Frequency (Hz),AC Averaging Time (sec),AC Cycles,AC Range,AC Measure Type,AC Signal' (V),AC Signal'' (V),AC Trim Coil Ratio,AC Trim Coil Phase,Min. Temperature (K),Max. Temperature (K),Min. Field (Oe),Max. Field (Oe),Mass (grams),Motor Lag (deg),Pressure (Torr),Measure Count,Measurement Number,SQUID Status (code),Motor Status (code),Measure Status (code),Motor Current (amps),Motor Temp. (C),Temp. Status (code),Field Status (code),Chamber Status (code),Chamber Temp (K),Redirection State,Average Temp (K),Rotation Angle (deg),Rotator state,DC Moment Fixed Ctr (emu),DC Moment Err Fixed Ctr (emu),DC Moment Free Ctr (emu),DC Moment Err Free Ctr (emu),DC Fixed Fit,DC Free Fit,DC Calculated Center (mm),DC Calculated Center Err (mm),DC Scan Length (mm),DC Scan Time (s),DC Number of Points,DC Squid Drift,DC Min V (V),DC Max V (V),DC Scans per Measure,Map 01,Map 02,Map 03,Map 04,Map 05,Map 06,Map 07,Map 08,Map 09,Map 10,Map 11,Map 12,Map 13,Map 14,Map 15,Map 16
,3952871372.24209,299.946914672852,999.808410644531,,,6,,,,30.7364634400898,,,10,,,,,,,,,,,,,,,,,,,,,,299.943542480469,299.9501953125,999.808410644531,999.808410644531,,,7.37058162689209,,1,0,0,0,0.0128173828125,30.7917900085449,1,1,1,299.950286865234,0,299.947856903076,,,0.000504797335476304,2.48885651949952E-5,0.00050479927713314,2.4888574292012E-5,0.960949182510376,0.961038291454315,30.7465763092041,0,30,4,200,-0.000133316294522956,-0.197902858257294,0.032174676656723,1,,,,,,,,,,,,,,,,
,3952871389.28273,299.879577636719,999.808410644531,,,6,,,,30.7364634400898,,,10,,,,,,,,,,,,,,,,,,,,,,299.855407714844,299.959136962891,999.808410644531,999.808410644531,,,7.34184122085571,,1,0,0,0,0,30.7917900085449,2,1,1,299.800018310547,0,299.919651031494,,,0.000504456566139782,2.4871522998292E-5,0.000504458066767828,2.4871534523728E-5,0.961197853088379,0.96126252412796,30.7450523376465,0,30,4,200,7.46394580346532E-5,-0.195821359753609,0.0344093963503838,1,,,,,,,,,,,,,,,,
,3952871399.81991,299.614547729492,999.808410644531,,,6,,,,30.7364634400898,,,10,,,,,,,,,,,,,,,,,,,,,,299.491729736328,299.796600341797,999.808410644531,999.808410644531,,,7.32205295562744,,1,0,0,0,0,31.7693061828613,2,1,1,299.432495117188,0,299.657212999132,,,0.000504479984564916,2.48727348145405E-5,0.000504481836659822,2.48727445655725E-5,0.961136758327484,0.961221098899841,30.7462787628174,0,30,4,200,-8.15158782643266E-5,-0.194597885012627,0.0352491401135921,1,,,,,,,,,,,,,,,,
,3952871410.20298,299.169204711914,999.808410644531,,,6,,,,30.7364634400898,,,10,,,,,,,,,,,,,,,,,,,,,,298.923065185547,299.432495117188,999.808410644531,999.808410644531,,,7.30191659927368,,1,0,0,0,0,30.7917900085449,2,1,1,298.905914306641,0,299.211195203993,,,0.000504845595244818,2.4890878666858E-5,0.000504847049211082,2.48908906799865E-5,0.961014986038208,0.961076438426971,30.7448558807373,0,30,4,200,-0.000107465741166379,-0.195148497819901,0.0349525362253189,1,,,,,,,,,,,,,,,,
,3952871420.4851,298.625244140625,999.808410644531,,,6,,,,30.7364634400898,,,10,,,,,,,,,,,,,,,,,,,,,,298.363037109375,298.905914306641,999.808410644531,999.808410644531,,,7.28214836120605,,1,0,0,0,0.0128173828125,31.2805480957031,2,1,1,298.344573974609,0,298.666476779514,,,0.000505546186889067,2.49254329490546E-5,0.00050554766515173,2.49254420698328E-5,0.961000680923462,0.961066246032715,30.7451324462891,5.54482936859131,30,4,200,-0.000163055679877289,-0.196294710040092,0.0344700776040554,1,,,,,,,,,,,,,,,,
,3952871430.80634,298.046615600586,999.808410644531,,,6,,,,30.7364634400898,,,10,,,,,,,,,,,,,,,,,,,,,,297.771667480469,298.325897216797,999.808410644531,999.808410644531,,,7.26194047927856,,1,0,0,0,0.0128173828125,30.7917900085449,2,1,1,297.748657226562,0,298.069054497613,,,0.000506375175226255,2.49663363615677E-5,0.000506376425705299,2.49663434782879E-5,0.960975050926209,0.961030960083008,30.7444744110107,,30,4,200,-0.000161639691214077,-0.197520524263382,0.033600814640522,1,,,,,,,,,,,,,,,,
,3952871441.16652,297.438629150391,999.808410644531,,,6,,,,30.7364634400898,,,10,,,,,,,,,,,,,,,,,,,,,,297.152404785156,297.748657226562,999.808410644531,999.808410644531,,,7.24168825149536,,1,0,0,0,0,31.2805480957031,2,1,1,297.128601074219,0,297.488732231988,,,0.000507354955852821,2.50146280410614E-5,0.000507355998096631,2.50146343313836E-5,0.960997045040131,0.961043238639832,30.7437419891357,0,30,4,200,-0.00014701766485814,-0.198732823133469,0.0327726788818836,1,,,,,,,,,,,,,,,,
,3952871451.4549,296.834350585937,999.808410644531,,,6,,,,30.7364634400898,,,10,,,,,,,,,,,,,,,,,,,,,,296.558471679687,297.128601074219,999.808410644531,999.808410644531,,,7.22208023071289,,1,0,0,0,0,30.7917900085449,2,1,1,296.540100097656,0,296.871551513672,,,0.000508541236662978,2.50730315455057E-5,0.000508542292464056,2.50730400522021E-5,0.961074352264404,0.961118936538696,30.7436065673828,0,30,4,200,-0.000153871616930701,-0.199874714016914,0.0321871340274811,1,,,,,,,,,,,,,,,,
,3952871461.77319,296.215026855469,999.808410644531,,,6,,,,30.7364634400898,,,10,,,,,,,,,,,,,,,,,,,,,,295.925048828125,296.540100097656,999.808410644531,999.808410644531,,,7.20304679870605,,1,0,0,0,0,30.7917900085449,2,1,1,295.889953613281,0,296.246209038628,,,0.000510162099453287,2.51525800846463E-5,0.000510162793566097,2.51525865145267E-5,0.961449563503265,0.961478233337402,30.7421588897705,3.56839336745907E-5,30,4,200,-0.000129405147163197,-0.200949639081955,0.0316123478114605,1,,,,,,,,,,,,,,,,
,3952871472.0974,295.566207885742,999.808410644531,,,6,,,,30.7364634400898,,,10,,,,,,,,,,,,,,,,,,,,,,295.270751953125,295.889953613281,999.808410644531,999.808410644531,,,7.18542623519897,,1,0,0,0,0,30.7917900085449,2,1,1,295.242462158203,0,295.599561903212,,,0.000511812060418707,2.52335128739131E-5,0.000511812570652972,2.52335188628283E-5,0.961872398853302,0.961892306804657,30.7411861419678,5.90763875152334E-6,30,4,200,-0.000109045111457817,-0.202264279127121,0.0310981869697571,1,,,,,,,,,,,,,,,,
,3952871490.57572,294.413787841797,999.808410644531,,,6,,,,30.7312512408413,,,10,,,,,,,,,,,,,,,,,,,,,,294.177001953125,294.726440429687,999.808410644531,999.808410644531,,,7.15203523635864,,1,0,0,0,0.0003814697265625,30.7917900085449,2,1,1,294.101135253906,0,294.441257476807,,,0.000514604470869629,2.5371147123237E-5,0.000514605915614522,2.53711458800734E-5,0.961908876895905,0.961983859539032,30.7404098510742,0,30,4,200,-0.000119478529086336,-0.204359531402588,0.0303580109030008,1,,,,,,,,,,,,,,,,
,3952871500.53592,293.771713256836,999.808410644531,,,6,,,,30.7312512408413,,,10,,,,,,,,,,,,,,,,,,,,,,293.468444824219,294.101135253906,999.808410644531,999.808410644531,,,7.13293600082397,,1,0,0,0,0,30.7917900085449,2,1,1,293.442291259766,0,293.812459309896,,,0.000515853359611883,2.54327640955002E-5,0.000515854541858394,2.54327643767767E-5,0.961867332458496,0.961927115917206,30.7394351959229,0,30,4,200,-0.000109375170723069,-0.205259591341019,0.0299246273934841,1,,,,,,,,,,,,,,,,
,3952871510.76385,293.137420654297,999.808410644531,,,6,,,,30.7312512408413,,,10,,,,,,,,,,,,,,,,,,,,,,292.852600097656,293.442291259766,999.808410644531,999.808410644531,,,7.11631774902344,,1,0,0,0,0,30.7917900085449,2,1,1,292.832550048828,0,293.181684705946,,,0.000517264346708621,2.55021842574884E-5,0.000517265707211151,2.55021844761245E-5,0.962017834186554,0.962086796760559,30.7400245666504,5.54436874389648,30,4,200,-9.7028401796706E-5,-0.206198990345001,0.0296109095215797,1,,,,,,,,,,,,,,,,
,3952871521.09373,292.517913818359,999.808410644531,,,6,,,,30.7312512408413,,,10,,,,,,,,,,,,,,,,,,,,,,292.256439208984,292.832550048828,999.808410644531,999.808410644531,,,7.09760189056397,,1,0,0,0,0,30.7917900085449,2,1,1,292.203277587891,0,292.549360487196,,,0.00051862765089865,2.55693772102263E-5,0.000518629149036157,2.55693832728835E-5,0.962035715579987,0.962105512619018,30.7400741577148,0,30,4,200,-8.93904725671746E-5,-0.206960424780846,0.0295016057789326,1,,,,,,,,,,,,,,,,
,3952871531.38177,291.914886474609,999.808410644531,,,6,,,,30.7312512408413,,,10,,,,,,,,,,,,,,,,,,,,,,291.683624267578,292.203277587891,999.808410644531,999.808410644531,,,7.0802845954895,,1,0,0,0,0,31.2805480957031,2,1,1,291.626495361328,0,291.951436360677,,,0.000520131432834712,2.56436970584285E-5,0.000520133052366613,2.56437004468935E-5,0.961852729320526,0.961930871009827,30.740608215332,8.29286545922514E-6,30,4,200,-9.7945194283966E-5,-0.207906499505043,0.029177526012063,1,,,,,,,,,,,,,,,,
,3952871550.90235,290.754943847656,999.808410644531,,,6,,,,30.7258090478098,,,10,,,,,,,,,,,,,,,,,,,,,,290.509948730469,291.099395751953,999.808410644531,999.808410644531,,,7.04685640335083,,1,0,0,0,0,30.7917900085449,2,1,1,290.410491943359,0,290.816538492839,,,0.000523188370597207,2.57946094584275E-5,0.00052319345590519,2.57946304954193E-5,0.961657166481018,0.961889743804932,30.741979598999,1.09279544631136E-5,30,4,200,-9.68924796325155E-5,-0.209479287266731,0.0290403217077255,1,,,,,,,,,,,,,,,,
,3952871562.27215,290.061706542969,999.808410644531,,,6,,,,30.7258090478098,,,10,,,,,,,,,,,,,,,,,,,,,,289.741424560547,290.401763916016,999.808410644531,999.808410644531,,,7.03036737442017,,1,0,0,0,0,31.2805480957031,2,1,1,289.721649169922,0,290.094750298394,,,0.000524615328328793,2.58649971486984E-5,0.000524620409499123,2.58650163552904E-5,0.961626350879669,0.961859822273254,30.7420139312744,1.0962206943077E-5,30,4,200,-9.02381289051846E-5,-0.21044485270977,0.0286767333745956,1,,,,,,,,,,,,,,,,
,3952871572.72164,289.419189453125,999.808410644531,,,6,,,,30.7258090478098,,,10,,,,,,,,,,,,,,,,,,,,,,289.136413574219,289.721649169922,999.808410644531,999.808410644531,,,7.0128002166748,,1,0,0,0,0,32.2580642700195,2,1,1,289.116729736328,0,289.456166585286,,,0.000525895195027066,2.59280566944778E-5,0.000525900620562158,2.59280768457645E-5,0.96166467666626,0.961914002895355,30.742546081543,1.10969676825334E-5,30,4,200,-8.41702203615569E-5,-0.211266487836838,0.0284101869910955,1,,,,,,,,,,,,,,,,
,3952871583.05673,288.795181274414,999.808410644531,,,6,,,,30.7258090478098,,,10,,,,,,,,,,,,,,,,,,,,,,288.4921875,289.116729736328,999.808410644531,999.808410644531,,,6.99668121337891,,1,0,0,0,0,31.2805480957031,2,1,1,288.4736328125,0,288.828297932943,,,0.000527219634417888,2.59932494206156E-5,0.000527225022084497,2.59932664626278E-5,0.961764693260193,0.962015211582184,30.7425670623779,0,30,4,200,-8.00850975792855E-5,-0.212017923593521,0.028177360072732,1,,,,,,,,,,,,,,,,
,3952871593.37482,288.161590576172,999.808410644531,,,6,,,,30.7258090478098,,,10,,,,,,,,,,,,,,,,,,,,,,287.892883300781,288.4736328125,999.808410644531,999.808410644531,,,6.98078727722168,,1,0,0,0,0,30.7917900085449,2,1,1,287.849548339844,0,288.199591742622,,,0.000528622215732574,2.60625342250881E-5,0.000528627483198454,2.60625471273462E-5,0.961631238460541,0.961878478527069,30.7424850463867,5.54459047317505,30,4,200,-8.45316826598719E-5,-0.212883159518242,0.0280473083257675,1,,,,,,,,,,,,,,,,
,3952871613.01586,287.016830444336,999.808410644531,,,6,,,,30.7201735013447,,,10,,,,,,,,,,,,,,,,,,,,,,286.746520996094,287.356109619141,999.808410644531,999.808410644531,,,6.95078849792481,,1,0,0,0,0,30.7917900085449,2,1,1,286.677551269531,0,287.060803222656,,,0.000531652519679009,2.62120348391811E-5,0.000531662784141754,2.62120652392317E-5,0.961538136005402,0.9620121717453,30.7432556152344,5.35690450668335,30,4,200,-0.000118297524750233,-0.214600294828415,0.0278148502111435,1,,,,,,,,,,,,,,,,
,3952871624.35375,286.359161376953,999.808410644531,,,6,,,,30.7201735013447,,,10,,,,,,,,,,,,,,,,,,,,,,286.082550048828,286.662322998047,999.808410644531,999.808410644531,,,6.93538188934326,,1,0,0,0,0,31.2805480957031,2,1,1,286.055999755859,0,286.399563259549,,,0.00053289878733909,2.62735176379254E-5,0.000532908655960805,2.62735444911887E-5,0.961501061916351,0.961957573890686,30.7428398132324,5.54462242126465,30,4,200,-0.000105805025668815,-0.21529133617878,0.0274650007486343,1,,,,,,,,,,,,,,,,
,3952871634.87325,285.75846862793,999.808410644531,,,6,,,,30.7201735013447,,,10,,,,,,,,,,,,,,,,,,,,,,285.480743408203,286.055999755859,999.808410644531,999.808410644531,,,6.92055416107178,,1,0,0,0,0,30.7917900085449,2,1,1,285.4609375,0,285.803527832031,,,0.000534188730158537,2.63371286744317E-5,0.000534198621502937,2.63371601052342E-5,0.961485505104065,0.961937248706818,30.7427272796631,0.0843231081962585,30,4,200,-9.99062831397168E-5,-0.21595062315464,0.0273369066417217,1,,,,,,,,,,,,,,,,
,3952871645.11274,285.154769897461,999.808410644531,,,6,,,,30.7201735013447,,,10,,,,,,,,,,,,,,,,,,,,,,284.867248535156,285.4609375,999.808410644531,999.808410644531,,,6.90577268600464,,1,0,0,0,0,31.7693061828613,2,1,1,284.848602294922,0,285.197920057509,,,0.000535605968053364,2.64071552819354E-5,0.00053561562437796,2.64071872435461E-5,0.961340367794037,0.961777269840241,30.7423973083496,1.28884248624672E-5,30,4,200,-0.000111831082904246,-0.216744512319565,0.0272941906005144,1,,,,,,,,,,,,,,,,
,3952871655.38752,284.539779663086,999.808410644531,,,6,,,,30.7201735013447,,,10,,,,,,,,,,,,,,,,,,,,,,284.249542236328,284.848602294922,999.808410644531,999.808410644531,,,6.89268589019775,,1,0,0,0,0,30.7917900085449,2,1,1,284.23095703125,0,284.586496988932,,,0.000536878067860685,2.64698357589564E-5,0.00053688783193551,2.64698720239706E-5,0.961379647254944,0.961816966533661,30.7423934936523,0,30,4,200,-0.000108400883618742,-0.217450797557831,0.0270948261022568,1,,,,,,,,,,,,,,,,
,3952871673.86445,283.474761962891,999.808410644531,,,6,,,,30.7146150689595,,,10,,,,,,,,,,,,,,,,,,,,,,283.204925537109,283.773315429687,999.808410644531,999.808410644531,,,6.86925506591797,,1,0,0,0,0.0152587890625,30.7917900085449,2,1,1,283.176208496094,0,283.508697509766,,,0.000539607480825984,2.66045968303035E-5,0.000539621984162045,2.66046298236346E-5,0.961189746856689,0.961855053901672,30.7420539855957,0,30,4,200,-7.20265888958238E-5,-0.2189711779356,0.0267867278307676,1,,,,,,,,,,,,,,,,
,3952871683.79637,282.865020751953,999.808410644531,,,6,,,,30.7146150689595,,,10,,,,,,,,,,,,,,,,,,,,,,282.571563720703,283.176208496094,999.808410644531,999.808410644531,,,6.85590124130249,,1,0,0,0,0,30.7917900085449,2,1,1,282.553833007813,0,282.911441379123,,,0.000540797962969677,2.66634355227286E-5,0.000540812240496159,2.66634685388922E-5,0.9610435962677,0.961693942546845,30.7417984008789,0.0848833471536636,30,4,200,-8.20485074655153E-5,-0.219735935330391,0.0266807451844215,1,,,,,,,,,,,,,,,,
,3952871694.0835,282.266845703125,999.808410644531,,,6,,,,30.7146150689595,,,10,,,,,,,,,,,,,,,,,,,,,,282.046020507813,282.553833007813,999.808410644531,999.808410644531,,,6.84335470199585,,1,0,0,0,0,31.2805480957031,2,1,1,281.979858398438,0,282.317742241753,,,0.000542058626517646,2.67253217219574E-5,0.00054207284610821,2.6725344010395E-5,0.96130782365799,0.961968898773193,30.7419242858887,0,30,4,200,-6.98423391440883E-5,-0.220321744680405,0.0267039332538843,1,,,,,,,,,,,,,,,,
,3952871704.38522,281.673553466797,999.808410644531,,,6,,,,30.7146150689595,,,10,,,,,,,,,,,,,,,,,,,,,,281.396667480469,281.969818115234,999.808410644531,999.808410644531,,,6.83071136474609,,1,0,0,0,0,30.7917900085449,2,1,1,281.377288818359,0,281.705298529731,,,0.000543518379182846,2.67975624232093E-5,0.000543532465206716,2.6797590788031E-5,0.961053967475891,0.961696565151215,30.7416343688965,7.64864307711832E-5,30,4,200,-9.55611685640179E-5,-0.221242472529411,0.0264664236456156,1,,,,,,,,,,,,,,,,
