[Header]
; MPMS3 Data File (default extension .dat)
; Copyright (c) 2007, Quantum Design, Inc. All rights reserved.
TITLE,
FILEOPENTIME,3952872243.62181,04/03/2025,9:02 pm
BYAPP,MPMS3 w/ AC,1.0,1.1
INFO,MPMS3 Measurement Release 1.2.2 Build 0, MultiVu Release 2.3.5.2,APPNAME
INFO,Linear Motor Servo Controller,MOTOR_MODULE_NAME
INFO,3101-100 N4,MOTOR_HW_VERSION
INFO,MMC1299,MOTOR_SERIAL_NUMBER
INFO,01.04.28,MOTOR_SOFTWARE_VERSION
INFO,Quantum Design Squid Module,SQUID_MODULE_NAME
INFO,3101-501 B0,SQUID_HW_VERSION
INFO,SQM364,SQUID_SERIAL_NUMBER
INFO,01.03.04,SQUID_SOFTWARE_VERSION
INFO,Quantum Design VSM Oven,OVEN_MODULE_NAME
INFO,3101-201 A3,OVEN_HW_VERSION
INFO,OVB387,OVEN_SERIAL_NUMBER
INFO,01.07.07,OVEN_SOFTWARE_VERSION
INFO,SQUID AC,AC_MODULE_NAME
INFO,3101-401 G0,AC_HW_VERSION
INFO,SAC242,AC_SERIAL_NUMBER
INFO,SQUID AC 00.95.11,AC_SOFTWARE_VERSION
INFO,TCI374,COIL_SERIAL_NUMBER
INFO,0,MOMENT_UNITS
INFO,RuCl3,SAMPLE_MATERIAL
INFO,TB002b H parra ab,SAMPLE_COMMENT
INFO,42.7,SAMPLE_MASS
INFO,,SAMPLE_VOLUME
INFO,,SAMPLE_MOLECULAR_WEIGHT
INFO,,SAMPLE_SIZE
INFO,,SAMPLE_SHAPE
INFO,Quartz,SAMPLE_HOLDER
INFO,Standard,SAMPLE_HOLDER_DETAIL
INFO,66.33,SAMPLE_OFFSET
DATATYPE,COMMENT,1
DATATYPE,TIME,2
STARTUPAXIS,X,2
STARTUPAXIS,Y1,5
FIELDGROUP, VSM,2,3,4,5,6,8,9,10,11,14,15
FIELDGROUP, DC, 2,3,4,14,56,57,58,59,60,61,62,63,64,65,66,67,68,69
FIELDGROUP, AC, 2,3,4,11,16,17,18,19,20,21,22,23,24,25,26,27,28,29,30
STARTUPGROUP, All
[Data]
Comment,Time Stamp (sec),Temperature (K),Magnetic Field (Oe),Moment (emu),M. Std. Err. (emu),Transport Action,Averaging Time (sec),Frequency (Hz),Peak Amplitude (mm),Center Position (mm),Lockin Signal' (V),Lockin Signal (V),Range,M. Quad. Signal (emu),AC Moment (emu),AC M. Std Err. (emu),AC Phase (deg),AC Phase Std. Err. (deg),AC Susceptibility (emu/Oe),AC Suscept. Std Err. (emu/Oe),AC X' (emu/Oe),AC X' Std Err. (emu/Oe),AC X'' (emu/Oe),AC X'' Std Err. (emu/Oe),AC Drive (Oe),AC Frequency (Hz),AC Averaging Time (sec),AC Cycles,AC Range,AC Measure Type,AC Signal' (V),AC Signal'' (V),AC Trim Coil Ratio,AC Trim Coil Phase,Min. Temperature (K),Max. Temperature (K),Min. Field (Oe),Max. Field (Oe),Mass (grams),Motor Lag (deg),Pressure (Torr),Measure Count,Measurement Number,SQUID Status (code),Motor Status (code),Measure Status (code),Motor Current (amps),Motor Temp. (C),Temp. Status (code),Field Status (code),Chamber Status (code),Chamber Temp (K),Redirection State,Average Temp (K),Rotation Angle (deg),Rotator state,DC Moment Fixed Ctr (emu),DC Moment Err Fixed Ctr (emu),DC Moment Free Ctr (emu),DC Moment Err Free Ctr (emu),DC Fixed Fit,DC Free Fit,DC Calculated Center (mm),DC Calculated Center Err (mm),DC Scan Length (mm),DC Scan Time (s),DC Number of Points,DC Squid Drift,DC Min V (V),DC Max V (V),DC Scans per Measure,Map 01,Map 02,Map 03,Map 04,Map 05,Map 06,Map 07,Map 08,Map 09,Map 10,Map 11,Map 12,Map 13,Map 14,Map 15,Map 16
,3952875293.27786,1.78515994548798,999.735534667969,,,6,,,,30.4528811296534,,,10,,,,,,,,,,,,,,,,,,,,,,1.7969958782196,1.83114731311798,999.735534667969,999.735534667969,,,1.80872285366058,,1,0,0,0,0.0212860107421875,30.7917900085449,1,1,1,1.77120292186737,0,1.80314327610864,,,0.00354369666685678,0.000174749593070306,0.00354426930858227,0.000174755550273227,0.9566610455513,0.959704518318176,30.3918075561523,0,30,4,200,-0.00107531354296952,-1.4375216960907,0.181922793388367,1,,,,,,,,,,,,,,,,
,3952875311.39567,1.82625132799149,999.735534667969,,,6,,,,30.4528811296534,,,10,,,,,,,,,,,,,,,,,,,,,,1.8012957572937,1.84708845615387,999.735534667969,999.735534667969,,,1.81188869476318,,1,0,0,0,0.0002288818359375,30.3030319213867,6,1,1,1.84248614311218,0,1.82311802440219,,,0.00353837577276113,0.000174490451696505,0.00353886085124933,0.000174493639281317,0.956232964992523,0.959032297134399,30.3938770294189,2.43846043304075E-5,30,4,200,-0.000553932623006403,-1.43929886817932,0.175438031554222,1,,,,,,,,,,,,,,,,
,3952875365.13085,2.00159132480621,999.735534667969,,,6,,,,30.4528811296534,,,10,,,,,,,,,,,,,,,,,,,,,,1.98687338829041,2.01642513275146,999.735534667969,999.735534667969,,,1.89995157718658,,1,0,0,0,0,30.3030319213867,6,1,1,2.01630926132202,0,2.00173604488373,,,0.00353608568472221,0.000174374002080208,0.00353652935592492,0.000174374675421153,0.956697165966034,0.959597527980804,30.3930816650391,5.5129919052124,30,4,200,-0.000771365128457546,-1.45557343959808,0.156157195568085,1,,,,,,,,,,,,,,,,
,3952875419.70956,2.18446719646454,999.735534667969,,,6,,,,30.4528811296534,,,10,,,,,,,,,,,,,,,,,,,,,,2.16840958595276,2.20721983909607,999.735534667969,999.735534667969,,,1.99318754673004,,1,0,0,0,0,30.7917900085449,6,1,1,2.20052480697632,0,2.18596442540487,,,0.00353565830099576,0.000174353486470574,0.00353611465047578,0.000174354865276373,0.956627726554871,0.959512054920196,30.3932151794434,0,30,4,200,-0.000722079596016556,-1.46819388866425,0.143558338284492,1,,,,,,,,,,,,,,,,
,3952875474.44612,2.37135660648346,999.735534667969,,,6,,,,30.4528811296534,,,10,,,,,,,,,,,,,,,,,,,,,,2.35213279724121,2.38277363777161,999.735534667969,999.735534667969,,,2.07889461517334,,1,0,0,0,0.00030517578125,30.3030319213867,6,1,1,2.39058041572571,0,2.36701121926308,,,0.00353616354170112,0.000174378062559424,0.00353661796608981,0.000174379225189506,0.956666529178619,0.959570407867432,30.3930549621582,0,30,4,200,-0.000618090853095055,-1.48007559776306,0.13163386285305,1,,,,,,,,,,,,,,,,
,3952875530.40081,2.55569839477539,999.735534667969,,,6,,,,30.4528811296534,,,10,,,,,,,,,,,,,,,,,,,,,,2.53800225257874,2.57488036155701,999.735534667969,999.735534667969,,,2.16431379318237,,1,0,0,0,0,30.3030319213867,6,1,1,2.57339453697205,0,2.55404374334547,,,0.00353571364524843,0.000174356810984172,0.00353615858441339,0.000174358065922559,0.956541121006012,0.959357380867004,30.3938446044922,5.51306104660034,30,4,200,-0.000760351482313126,-1.49195611476898,0.230085104703903,1,,,,,,,,,,,,,,,,
,3952875584.89541,2.73892605304718,999.735534667969,,,6,,,,30.4528811296534,,,10,,,,,,,,,,,,,,,,,,,,,,2.71993613243103,2.76977038383484,999.735534667969,999.735534667969,,,2.24115991592407,,1,0,0,0,0.0002288818359375,29.8142719268799,6,1,1,2.75791597366333,0,2.73779630661011,,,0.00353777712825305,0.000174459145358553,0.00353829032362386,0.000174464040098029,0.956471264362335,0.959242463111878,30.394323348999,0,30,4,200,-0.000213255392736755,-1.39298987388611,0.221249148249626,1,,,,,,,,,,,,,,,,
,3952875640.72117,2.92101752758026,999.735534667969,,,6,,,,30.4528811296534,,,10,,,,,,,,,,,,,,,,,,,,,,2.90353345870972,2.93546628952026,999.735534667969,999.735534667969,,,2.3138747215271,,1,0,0,0,0,30.3030319213867,6,1,1,2.93850159645081,0,2.91984891891479,,,0.00353663296861201,0.000174402208038037,0.00353704451017941,0.000174402122533001,0.956541359424591,0.959313809871674,30.39426612854,2.41483612626325E-5,30,4,200,-0.000638096418697387,-1.40309929847717,0.208783835172653,1,,,,,,,,,,,,,,,,
,3952875695.53177,3.10588729381561,999.735534667969,,,6,,,,30.4528811296534,,,10,,,,,,,,,,,,,,,,,,,,,,3.08797097206116,3.12319731712341,999.735534667969,999.735534667969,,,2.38784146308899,,1,0,0,0,0,30.3030319213867,6,1,1,3.12380361557007,0,3.1040911939409,,,0.00353714652176317,0.000174428096960748,0.00353758076019057,0.000174429063936353,0.956458806991577,0.959234535694122,30.3941860198975,0.000130098196677864,30,4,200,-0.000686204468365759,-1.40987718105316,0.201795607805252,1,,,,,,,,,,,,,,,,
,3952875750.32838,3.28731501102447,999.735534667969,,,6,,,,30.4528811296534,,,10,,,,,,,,,,,,,,,,,,,,,,3.27090501785278,3.30202102661133,999.735534667969,999.735534667969,,,2.45324087142944,,1,0,0,0,0,30.3030319213867,6,1,1,3.30372500419617,0,3.28619864583015,,,0.00353828274484685,0.000174484405246266,0.00353871887989616,0.000174485462185063,0.956425189971924,0.959198176860809,30.3941917419434,0.186647698283195,30,4,200,-0.000772515079006553,-1.4175580739975,0.19486865401268,1,,,,,,,,,,,,,,,,
,3952875806.29907,3.47447776794434,999.735534667969,,,6,,,,30.4528811296534,,,10,,,,,,,,,,,,,,,,,,,,,,3.4572229385376,3.49160122871399,999.735534667969,999.735534667969,,,2.52011609077454,,1,0,0,0,0.0128173828125,30.3030319213867,6,1,1,3.49173259735107,0,3.47348462210761,,,0.00353980776184212,0.000174558349896287,0.00354023654098914,0.000174559311583895,0.956585228443146,0.959330320358276,30.3945655822754,5.35536336898804,30,4,200,-0.000642746512312442,-1.42713451385498,0.186038553714752,1,,,,,,,,,,,,,,,,
,3952875860.66457,3.6549973487854,999.735534667969,,,6,,,,30.4528811296534,,,10,,,,,,,,,,,,,,,,,,,,,,3.63838648796082,3.6688666343689,999.735534667969,999.735534667969,,,2.57816386222839,,1,0,0,0,0,30.7917900085449,6,1,1,3.67160820960999,0,3.65474331378937,,,0.00354198240579695,0.000174665467318362,0.00354240541876629,0.00017466622079404,0.956603288650513,0.959337115287781,30.3946914672852,0.18673312664032,30,4,200,-0.000626833701971918,-1.43488359451294,0.179171949625015,1,,,,,,,,,,,,,,,,
,3952875916.94365,3.84307157993317,999.735534667969,,,6,,,,30.4528811296534,,,10,,,,,,,,,,,,,,,,,,,,,,3.82622671127319,3.85490703582764,999.735534667969,999.735534667969,,,2.6389377117157,,1,0,0,0,0.0128173828125,30.3030319213867,6,1,1,3.85991644859314,0,3.83997225761414,,,0.00354491697234961,0.000174809899371773,0.00354533451391862,0.000174810521976695,0.956646919250488,0.959361910820007,30.3949184417725,0,30,4,200,-0.000671775895170867,-1.44309544563293,0.172588273882866,1,,,,,,,,,,,,,,,,
,3952875971.18008,4.02423024177551,999.735534667969,,,6,,,,30.4528811296534,,,10,,,,,,,,,,,,,,,,,,,,,,4.00712203979492,4.04110240936279,999.735534667969,999.735534667969,,,2.6953752040863,,1,0,0,0,0,30.3030319213867,6,1,1,4.0413384437561,0,4.02277872297499,,,0.0035487441747019,0.000174998320953579,0.00354915448953122,0.000174998948591759,0.956686735153198,0.9593505859375,30.3954772949219,0.186724871397018,30,4,200,-0.000657180265989155,-1.4531946182251,0.164089947938919,1,,,,,,,,,,,,,,,,
,3952876026.199,4.20690727233887,999.735534667969,,,6,,,,30.4528811296534,,,10,,,,,,,,,,,,,,,,,,,,,,4.19004964828491,4.22120952606201,999.735534667969,999.735534667969,,,2.74903106689453,,1,0,0,0,0,30.3030319213867,6,1,1,4.22376489639282,0,4.20503288507462,,,0.00355429423412871,0.000175271236811077,0.00355471147463915,0.000175271979651761,0.956783473491669,0.959481179714203,30.3951930999756,0.0841417834162712,30,4,200,-0.000629568472504616,-1.46211111545563,0.157548025250435,1,,,,,,,,,,,,,,,,
,3952876082.1529,4.39219570159912,999.735534667969,,,6,,,,30.4528811296534,,,10,,,,,,,,,,,,,,,,,,,,,,4.37623691558838,4.40748929977417,999.735534667969,999.735534667969,,,2.80119824409485,,1,0,0,0,0,30.3030319213867,6,1,1,4.40815448760986,0,4.39100604587131,,,0.00355980471200387,0.000175543005486761,0.00356020547785372,0.000175543692096969,0.956785321235657,0.959372878074646,30.3963470458984,0.216637298464775,30,4,200,-0.000588621245697141,-1.47066724300385,0.15125460922718,1,,,,,,,,,,,,,,,,
,3952876136.64348,4.57544422149658,999.735534667969,,,6,,,,30.4528811296534,,,10,,,,,,,,,,,,,,,,,,,,,,4.55814170837402,4.58823347091675,999.735534667969,999.735534667969,,,2.84907388687134,,1,0,0,0,0,30.3030319213867,6,1,1,4.59274673461914,0,4.57355839014053,,,0.00356755302282841,0.000175924763195411,0.00356794860378939,0.000175925444707346,0.956823229789734,0.959372401237488,30.3967800140381,2.35841271205572E-5,30,4,200,-0.000628712237812579,-1.47944581508636,0.146287843585014,1,,,,,,,,,,,,,,,,
,3952876192.73087,4.76167821884155,999.735534667969,,,6,,,,30.4528811296534,,,10,,,,,,,,,,,,,,,,,,,,,,4.74375438690186,4.77903699874878,999.735534667969,999.735534667969,,,2.89501571655273,,1,0,0,0,0.0128173828125,30.7917900085449,6,1,1,4.77960205078125,0,4.76132202148438,,,0.00357713921609417,0.00017639691671438,0.00357752614718681,0.000176397610100666,0.95689868927002,0.959384381771088,30.3975105285645,0,30,4,200,-0.000623652478680015,-1.49005198478699,0.140031933784485,1,,,,,,,,,,,,,,,,
,3952876247.12452,4.94314956665039,999.735534667969,,,6,,,,30.4528811296534,,,10,,,,,,,,,,,,,,,,,,,,,,4.9254322052002,4.96009111404419,999.735534667969,999.735534667969,,,2.93832302093506,,1,0,0,0,0,29.3255138397217,6,1,1,4.96086692810059,0,4.94138124254015,,,0.003588485413006,0.000176955852065327,0.00358886683869499,0.000176956627463348,0.956974625587463,0.95940774679184,30.3981323242188,5.35535526275635,30,4,200,-0.000604705710429698,-1.49987256526947,0.135225862264633,1,,,,,,,,,,,,,,,,
,3952876301.91796,5.12675380706787,999.735534667969,,,6,,,,30.4528811296534,,,10,,,,,,,,,,,,,,,,,,,,,,5.11024618148804,5.14138793945313,999.735534667969,999.735534667969,,,2.98521614074707,,1,0,0,0,0,30.7917900085449,6,1,1,5.1432614326477,0,5.12426716089249,,,0.00360239544745323,0.000177641196995309,0.00360276136040269,0.000177641718419638,0.957048058509827,0.959405124187469,30.399019241333,0,30,4,200,-0.00059827248333022,-1.50996053218842,0.131445854902267,1,,,,,,,,,,,,,,,,
,3952876357.82929,5.31215047836304,999.735534667969,,,6,,,,30.4528811296534,,,10,,,,,,,,,,,,,,,,,,,,,,5.29380655288696,5.32959794998169,999.735534667969,999.735534667969,,,3.02705550193787,,1,0,0,0,0,30.7917900085449,6,1,1,5.33049440383911,0,5.31076669692993,,,0.00361935188771427,0.00017847669775321,0.00361970689488143,0.000178477284500265,0.957136571407318,0.959404230117798,30.4000797271729,0,30,4,200,-0.000611143535934389,-1.52127194404602,0.128032773733139,1,,,,,,,,,,,,,,,,
,3952876412.57587,5.49520230293274,999.735534667969,,,6,,,,30.4528811296534,,,10,,,,,,,,,,,,,,,,,,,,,,5.47831296920776,5.51019287109375,999.735534667969,999.735534667969,,,3.06918931007385,,1,0,0,0,0,30.3030319213867,6,1,1,5.51209163665771,0,5.49315023422241,,,0.00363928619856205,0.000179458860105606,0.00363962833489353,0.000179459383482921,0.957241773605347,0.959424138069153,30.4011192321777,0,30,4,200,-0.000572216638829559,-1.53223705291748,0.126244947314262,1,,,,,,,,,,,,,,,,
,3952876468.62335,5.68188667297363,999.735534667969,,,6,,,,30.4528811296534,,,10,,,,,,,,,,,,,,,,,,,,,,5.66338443756103,5.69964694976807,999.735534667969,999.735534667969,,,3.10844206809998,,1,0,0,0,0,30.7917900085449,6,1,1,5.70038890838623,0,5.68051179250081,,,0.00366375724323872,0.000180664654339296,0.00366407920720131,0.000180665006434586,0.957369923591614,0.959431886672974,30.4026107788086,0,30,4,200,-0.000564660003874451,-1.5443948507309,0.125487118959427,1,,,,,,,,,,,,,,,,
,3952876523.00106,5.86295032501221,999.735534667969,,,6,,,,30.4528811296534,,,10,,,,,,,,,,,,,,,,,,,,,,5.84506797790527,5.87840270996094,999.735534667969,999.735534667969,,,3.14486193656921,,1,0,0,0,0,30.7917900085449,6,1,1,5.88083267211914,0,5.86052762137519,,,0.00369191328028917,0.000182052081465096,0.00369222213825357,0.000182052590037889,0.957492709159851,0.959436118602753,30.4041137695313,1.00000047683716,30,4,200,-0.000555865815840662,-1.55450367927551,0.238354206085205,1,,,,,,,,,,,,,,,,
,3952876578.91876,6.0490288734436,999.735534667969,,,6,,,,30.4528811296534,,,10,,,,,,,,,,,,,,,,,,,,,,6.02910327911377,6.06895446777344,999.735534667969,999.735534667969,,,3.1821506023407,,1,0,0,0,0,30.3030319213867,6,1,1,6.06895446777344,0,6.047838306427,,,0.00372664592653774,0.000183763628669423,0.00372692967577826,0.000183763939586274,0.957638084888458,0.95943033695221,30.4060878753662,0,30,4,200,-0.000530986988451332,-1.56874430179596,0.23964050412178,1,,,,,,,,,,,,,,,,
,3952876633.7419,6.23191714286804,999.735534667969,,,6,,,,30.4528811296534,,,10,,,,,,,,,,,,,,,,,,,,,,6.21389770507812,6.24960947036743,999.735534667969,999.735534667969,,,3.22054743766785,,1,0,0,0,0,30.7917900085449,6,1,1,6.24993658065796,0,6.23081710603502,,,0.00376705862063013,0.00018575515726832,0.0037673211515724,0.000185755516775711,0.957790434360504,0.959424495697021,30.4082412719727,INF,30,4,200,-0.000537164974957705,-1.58476948738098,0.241590231657028,1,,,,,,,,,,,,,,,,
,3952876688.31062,6.41387963294983,999.735534667969,,,6,,,,30.4528811296534,,,10,,,,,,,,,,,,,,,,,,,,,,6.39653730392456,6.43020629882813,999.735534667969,999.735534667969,,,3.25594568252563,,1,0,0,0,0,30.3030319213867,6,1,1,6.4312219619751,0,6.41250652074814,,,0.00381574846794685,0.000188154689767612,0.00381598664462499,0.000188155019337605,0.957973420619965,0.959440052509308,30.4106369018555,2.04623447643826E-5,30,4,200,-0.000509110104758292,-1.60374701023102,0.244551494717598,1,,,,,,,,,,,,,,,,
,3952876744.45281,6.60122227668762,999.735534667969,,,6,,,,30.4528811296534,,,10,,,,,,,,,,,,,,,,,,,,,,6.58272409439087,6.61972045898438,999.735534667969,999.735534667969,,,3.29025721549988,,1,0,0,0,0,30.7917900085449,6,1,1,6.61972045898438,0,6.59959586461385,,,0.00387652920196411,0.000191150328013258,0.00387673707847383,0.000191150643971037,0.958150088787079,0.959408700466156,30.4137840270996,0.190180063247681,30,4,200,-0.00047889316920191,-1.63218450546265,0.136934638023376,1,,,,,,,,,,,,,,,,
,3952876798.8673,6.78259301185608,999.735534667969,,,6,,,,30.4528811296534,,,10,,,,,,,,,,,,,,,,,,,,,,6.76411628723145,6.79943561553955,999.735534667969,999.735534667969,,,3.32293558120728,,1,0,0,0,0,30.3030319213867,6,1,1,6.80106973648071,0,6.77986309263441,,,0.0039493121401464,0.000194737659274365,0.00394948365583078,0.000194737784155709,0.958349525928497,0.959388017654419,30.4174060821533,0.186714380979538,30,4,200,-0.000492773659061641,-1.66009938716888,0.143073722720146,1,,,,,,,,,,,,,,,,
,3952876854.75158,6.96861433982849,999.735534667969,,,6,,,,30.4528811296534,,,10,,,,,,,,,,,,,,,,,,,,,,6.94866275787353,6.98337936401367,999.735534667969,999.735534667969,,,3.35502481460571,,1,0,0,0,0.0128173828125,30.7917900085449,6,1,1,6.98856592178345,0,6.96473582585653,,,0.00404450773049802,0.00019943046884698,0.0040446458037295,0.000199430657442872,0.958495318889618,0.959301471710205,30.4216365814209,0,30,4,200,-0.000472578452900052,-1.69615519046783,0.15196006000042,1,,,,,,,,,,,,,,,,
,3952876909.67114,7.15269756317139,999.735534667969,,,6,,,,30.4528811296534,,,10,,,,,,,,,,,,,,,,,,,,,,7.13366174697876,7.17173337936401,999.735534667969,999.735534667969,,,3.3889582157135,,1,0,0,0,0,30.3030319213867,6,1,1,7.17173337936401,0,7.15026028951009,,,0.00416380234690996,0.000205311874939397,0.00416390329945346,0.00020531193796517,0.958599925041199,0.959181249141693,30.4263458251953,0.323537826538086,30,4,200,-0.000421941163949668,-1.74069142341614,0.163833975791931,1,,,,,,,,,,,,,,,,
,3952876964.26053,7.33356070518494,999.735534667969,,,6,,,,30.4528811296534,,,10,,,,,,,,,,,,,,,,,,,,,,7.31545352935791,7.35037231445313,999.735534667969,999.735534667969,,,3.42001509666443,,1,0,0,0,0.0128173828125,30.7917900085449,6,1,1,7.35166788101196,0,7.33201032876968,,,0.00431799194812935,0.000212913607607811,0.00431805593247718,0.000212913627721757,0.958729684352875,0.959087371826172,30.432071685791,5.51652717590332,30,4,200,-0.000287356291664764,-1.7970130443573,0.180576488375664,1,,,,,,,,,,,,,,,,
,3952877019.05536,7.51644659042358,999.735534667969,,,6,,,,30.4528811296534,,,10,,,,,,,,,,,,,,,,,,,,,,7.49907207489014,7.53111124038696,999.735534667969,999.735534667969,,,3.44975137710571,,1,0,0,0,0.0128173828125,30.3030319213867,6,1,1,7.53382110595703,0,7.5131784081459,,,0.00454739557164799,0.00022422923524309,0.00454742059966633,0.000224229159969607,0.958280205726623,0.958420217037201,30.4397754669189,5.51722526550293,30,4,200,-2.15556829061825E-5,-1.88199961185455,0.208875387907028,1,,,,,,,,,,,,,,,,
,3952877074.83451,7.70338749885559,999.735534667969,,,6,,,,30.4528811296534,,,10,,,,,,,,,,,,,,,,,,,,,,7.68510675430298,7.72000980377197,999.735534667969,999.735534667969,,,3.47980904579163,,1,0,0,0,0,29.8142719268799,6,1,1,7.7216682434082,0,7.69991079966227,,,0.00526421723458004,0.00025965678434721,0.00526428552183367,0.000259657030096129,0.951351404190063,0.951598644256592,30.4716873168945,INF,30,4,200,0.0020455215126276,-2.15252804756165,0.308931887149811,1,,,,,,,,,,,,,,,,
,3952877129.7906,7.88530015945435,999.735534667969,,,6,,,,30.4528811296534,,,10,,,,,,,,,,,,,,,,,,,,,,7.86743116378784,7.90008115768433,999.735534667969,999.735534667969,,,3.50821590423584,,1,0,0,0,0,30.3030319213867,6,1,1,7.90316915512085,0,7.88195890188217,,,0.00559494586807425,0.000275869156112646,0.00559501044620356,0.000275869380026786,0.959533512592316,0.95979917049408,30.4706439971924,5.52002239227295,30,4,200,-0.000532755977474153,-2.33380889892578,0.220585599541664,1,,,,,,,,,,,,,,,,
,3952877185.44662,8.07139587402344,999.735534667969,,,6,,,,30.4528811296534,,,10,,,,,,,,,,,,,,,,,,,,,,8.05229759216309,8.09049415588379,999.735534667969,999.735534667969,,,3.53695440292358,,1,0,0,0,0,30.3030319213867,6,1,1,8.09049415588379,0,8.06909582349989,,,0.00565736243237837,0.00027894694475301,0.00565744747111391,0.000278947284309567,0.959507584571838,0.959849655628204,30.4730358123779,1.38568429974839E-5,30,4,200,-0.000765359029173851,-2.35283470153809,0.225516051054001,1,,,,,,,,,,,,,,,,
,3952877240.08982,8.25324678421021,999.735534667969,,,6,,,,30.4528811296534,,,10,,,,,,,,,,,,,,,,,,,,,,8.23569679260254,8.26931762695313,999.735534667969,999.735534667969,,,3.56316161155701,,1,0,0,0,0,30.7917900085449,6,1,1,8.27079677581787,0,8.25089001655579,,,0.00568160005628965,0.000280142726532503,0.00568169619944067,0.000280143071434713,0.959455251693726,0.959843456745148,30.4743595123291,,30,4,200,-0.000813246064353734,-2.36171078681946,0.226214006543159,1,,,,,,,,,,,,,,,,
,3952877296.32614,8.44086647033691,999.735534667969,,,6,,,,30.4528811296534,,,10,,,,,,,,,,,,,,,,,,,,,,8.42171859741211,8.45861530303955,999.735534667969,999.735534667969,,,3.5875608921051,,1,0,0,0,0,30.3030319213867,6,1,1,8.46001434326172,0,8.43809403313531,,,0.00569101139614061,0.000280607396075718,0.00569111677778468,0.00028060783751112,0.959401071071625,0.959819853305817,30.4752025604248,1.46091369970236E-5,30,4,200,-0.000828753283713013,-2.36659407615662,0.224955826997757,1,,,,,,,,,,,,,,,,
,3952877350.37957,8.62162971496582,999.735534667969,,,6,,,,30.4528811296534,,,10,,,,,,,,,,,,,,,,,,,,,,8.60257339477539,8.63910865783691,999.735534667969,999.735534667969,,,3.61640405654907,,1,0,0,0,0,29.8142719268799,6,1,1,8.64068603515625,0,8.61864789326986,,,0.00569261404281014,0.000280686671724417,0.00569271880262051,0.000280686942173145,0.959381997585297,0.959812879562378,30.4755268096924,6.73590183258057,30,4,200,-0.00087476649787277,-2.25758600234985,0.334711313247681,1,,,,,,,,,,,,,,,,
,3952877407.03366,8.80971813201904,999.735534667969,,,6,,,,30.4528811296534,,,10,,,,,,,,,,,,,,,,,,,,,,8.7903003692627,8.82769203186035,999.735534667969,999.735534667969,,,3.6413779258728,,1,0,0,0,0,30.3030319213867,6,1,1,8.82913589477539,0,8.80697091420492,,,0.0056900297821748,0.000280559574219595,0.0056901427232115,0.000280560083471692,0.959354817867279,0.959800243377686,30.4759082794189,0,30,4,200,-0.000885031477082521,-2.25998258590698,0.331381976604462,1,,,,,,,,,,,,,,,,
,3952877461.04978,8.99025154113769,999.735534667969,,,6,,,,30.4528811296534,,,10,,,,,,,,,,,,,,,,,,,,,,8.97102451324463,9.00144195556641,999.735534667969,999.735534667969,,,3.66642689704895,,1,0,0,0,0,30.3030319213867,6,1,1,9.00947856903076,0,8.98492288589478,,,0.00568520724335608,0.000280321822822403,0.00568531826670568,0.000280322169304751,0.959342181682587,0.959793865680695,30.47607421875,7.98714972916059E-5,30,4,200,-0.000875905330758542,-2.26098918914795,0.328309595584869,1,,,,,,,,,,,,,,,,
,3952877515.77726,9.17265892028809,999.735534667969,,,6,,,,30.4528811296534,,,10,,,,,,,,,,,,,,,,,,,,,,9.15444850921631,9.18845939636231,999.735534667969,999.735534667969,,,3.69171047210693,,1,0,0,0,0,31.7693061828613,6,1,1,9.19086933135986,0,9.16961073875427,,,0.00567907646823515,0.000280019722123648,0.00567919025701786,0.000280020151215353,0.959331870079041,0.959788680076599,30.4762077331543,1.4957017810957E-5,30,4,200,-0.000901379447896034,-2.2620792388916,0.324515789747238,1,,,,,,,,,,,,,,,,
,3952877572.01611,9.35967969894409,999.735534667969,,,6,,,,30.4528811296534,,,10,,,,,,,,,,,,,,,,,,,,,,9.34016132354736,9.37790298461914,999.735534667969,999.735534667969,,,3.71163511276245,,1,0,0,0,0,30.7917900085449,6,1,1,9.37919807434082,0,9.35725784301758,,,0.00567236238565452,0.000279688990848638,0.00567248000663798,0.000279689466365037,0.959291100502014,0.95976060628891,30.4765396118164,0,30,4,200,-0.000871593656484038,-2.26291155815125,0.320625096559525,1,,,,,,,,,,,,,,,,
,3952877626.37477,9.54066514968872,999.735534667969,,,6,,,,30.4528811296534,,,10,,,,,,,,,,,,,,,,,,,,,,9.52214431762695,9.55775356292725,999.735534667969,999.735534667969,,,3.73842620849609,,1,0,0,0,0,30.3030319213867,6,1,1,9.55918598175049,0,9.53762488894992,,,0.00566589387634981,0.000279370374074647,0.00566600963368511,0.000279370719508158,0.959274351596832,0.959747612476349,30.4766387939453,0,30,4,200,-0.000885484565515071,-2.26345896720886,0.317088752985001,1,,,,,,,,,,,,,,,,
,3952877682.15068,9.72621631622314,999.735534667969,,,6,,,,30.4528811296534,,,10,,,,,,,,,,,,,,,,,,,,,,9.70548439025879,9.73990249633789,999.735534667969,999.735534667969,,,3.75916123390198,,1,0,0,0,0.0113677978515625,29.8142719268799,6,1,1,9.7469482421875,0,9.72134505377875,,,0.0056598995751064,0.000279074997817694,0.0056600187691164,0.000279075418336494,0.959249436855316,0.959731340408325,30.4768600463867,0,30,4,200,-0.000842038774862886,-2.26417374610901,0.313566505908966,1,,,,,,,,,,,,,,,,
,3952877737.0604,9.90950012207031,999.735534667969,,,6,,,,30.4528811296534,,,10,,,,,,,,,,,,,,,,,,,,,,9.89071941375732,9.92702484130859,999.735534667969,999.735534667969,,,3.78465437889099,,1,0,0,0,0,30.7917900085449,6,1,1,9.9282808303833,0,9.90662182701959,,,0.00565493338981263,0.000278830447865965,0.00565505498102213,0.00027883087353522,0.959220826625824,0.9597128033638,30.4771175384521,0,30,4,200,-0.000859204272273928,-2.26490235328674,0.310470819473267,1,,,,,,,,,,,,,,,,
,3952877791.49979,10.0905780792236,999.735534667969,,,6,,,,30.4528811296534,,,10,,,,,,,,,,,,,,,,,,,,,,10.0734577178955,10.1060276031494,999.735534667969,999.735534667969,,,3.80540537834167,,1,0,0,0,0,30.3030319213867,6,1,1,10.1076984405518,0,10.0887132883072,,,0.00565147386078292,0.000278660203859449,0.00565159674476065,0.000278660590747398,0.959196984767914,0.959698081016541,30.4773483276367,1.54057379404549E-5,30,4,200,-0.00085532566299662,-2.26594376564026,0.307666540145874,1,,,,,,,,,,,,,,,,
,3952877847.85182,10.2792687416077,999.735534667969,,,6,,,,30.4528811296534,,,10,,,,,,,,,,,,,,,,,,,,,,10.2601203918457,10.2948770523071,999.735534667969,999.735534667969,,,3.82730913162231,,1,0,0,0,0,30.7917900085449,6,1,1,10.2984170913696,0,10.275621732076,,,0.0056503330946042,0.000278604430275614,0.00565046066856767,0.000278604843311871,0.959157586097717,0.959676563739777,30.4777889251709,0.376897394657135,30,4,200,-0.000838858948554844,-2.26763868331909,0.305239051580429,1,,,,,,,,,,,,,,,,
,3952877902.10009,10.460117816925,999.735534667969,,,6,,,,30.4528811296534,,,10,,,,,,,,,,,,,,,,,,,,,,10.441258430481,10.4743232727051,999.735534667969,999.735534667969,,,3.8465313911438,,1,0,0,0,0,30.3030319213867,6,1,1,10.4789772033691,0,10.4561134974162,,,0.0056530896795411,0.000278740908201451,0.0056532216845804,0.000278741336546391,0.959110081195831,0.959646224975586,30.4782085418701,0,30,4,200,-0.000829651660751551,-2.27052044868469,0.303683876991272,1,,,,,,,,,,,,,,,,
,3952877957.95642,10.645302772522,999.735534667969,,,6,,,,30.4528811296534,,,10,,,,,,,,,,,,,,,,,,,,,,10.624792098999,10.6590452194214,999.735534667969,999.735534667969,,,3.86561012268066,,1,0,0,0,0,30.3030319213867,6,1,1,10.6658134460449,0,10.6401041878594,,,0.00565551372904133,0.000278861165052618,0.00565565218780733,0.000278861652793248,0.959044873714447,0.959602832794189,30.4787368774414,,30,4,200,-0.000841412751469761,-2.27367258071899,0.301648080348969,1,,,,,,,,,,,,,,,,
,3952878012.81088,10.8289837837219,999.735534667969,,,6,,,,30.4528811296534,,,10,,,,,,,,,,,,,,,,,,,,,,10.8104991912842,10.8457288742065,999.735534667969,999.735534667969,,,3.88832592964172,,1,0,0,0,0,30.3030319213867,6,1,1,10.8474683761597,0,10.8253903918796,,,0.00565152015115031,0.000278664346791607,0.00565165935868419,0.000278664750687188,0.959029018878937,0.959597826004028,30.4789924621582,0.273952752351761,30,4,200,-0.000854958081617951,-2.27522301673889,0.298572152853012,1,,,,,,,,,,,,,,,,
,3952878067.38434,11.0103731155396,999.735534667969,,,6,,,,30.4528811296534,,,10,,,,,,,,,,,,,,,,,,,,,,10.9932556152344,11.0256090164185,999.735534667969,999.735534667969,,,3.90735340118408,,1,0,0,0,0.0128173828125,30.3030319213867,6,1,1,11.0274906158447,0,11.0073940753937,,,0.00564458398481367,0.000278322661313729,0.00564472551728904,0.000278323149776201,0.959008812904358,0.959580719470978,30.4790668487549,5.52078485488892,30,4,200,-0.000833609490655363,-2.27489900588989,0.295958787202835,1,,,,,,,,,,,,,,,,
,3952878123.40565,11.1972460746765,999.735534667969,,,6,,,,30.4528811296534,,,10,,,,,,,,,,,,,,,,,,,,,,11.1776809692383,11.2078800201416,999.735534667969,999.735534667969,,,3.92471265792847,,1,0,0,0,0,30.3030319213867,6,1,1,11.2168111801147,0,11.1918787956238,,,0.00563479362810092,0.00027784013689265,0.00563493592488448,0.000277840589932724,0.958984732627869,0.959563791751862,30.4792385101318,0.769543051719666,30,4,200,-0.00083614798495546,-2.27346920967102,0.293105155229569,1,,,,,,,,,,,,,,,,
,3952878177.80388,11.3782930374146,999.735534667969,,,6,,,,30.4528811296534,,,10,,,,,,,,,,,,,,,,,,,,,,11.3602380752563,11.3931083679199,999.735534667969,999.735534667969,,,3.94188952445984,,1,0,0,0,0,30.7917900085449,6,1,1,11.3963479995728,0,11.3748394648234,,,0.0056238690021851,0.000277301528222937,0.00562400987440147,0.000277301941696382,0.958980202674866,0.95955765247345,30.4792041778564,INF,30,4,200,-0.000878378690686077,-2.27158164978027,0.290098279714584,1,,,,,,,,,,,,,,,,
,3952878232.6346,11.5611615180969,999.735534667969,,,6,,,,30.4528811296534,,,10,,,,,,,,,,,,,,,,,,,,,,11.5438804626465,11.5742664337158,999.735534667969,999.735534667969,,,3.96323537826538,,1,0,0,0,0.0128173828125,30.7917900085449,6,1,1,11.5784425735474,0,11.5572092533112,,,0.00561185765284772,0.000276709457912255,0.00561200168068538,0.000276710008606601,0.958968222141266,0.959548354148865,30.4792671203613,5.52080297470093,30,4,200,-0.000868647883180529,-2.269376039505,0.286867409944534,1,,,,,,,,,,,,,,,,
,3952878288.4257,11.7473978996277,999.735534667969,,,6,,,,30.4528811296534,,,10,,,,,,,,,,,,,,,,,,,,,,11.7275047302246,11.7658052444458,999.735534667969,999.735534667969,,,3.97890114784241,,1,0,0,0,0,30.3030319213867,6,1,1,11.7672910690308,0,11.7436233096653,,,0.00559912738313259,0.000276081886584808,0.00559926992609126,0.000276082338337052,0.95894992351532,0.959533393383026,30.4793491363525,1.61755524459295E-5,30,4,200,-0.000883035361766815,-2.26714468002319,0.283428370952606,1,,,,,,,,,,,,,,,,
,3952878343.0522,11.929482460022,999.735534667969,,,6,,,,30.4528811296534,,,10,,,,,,,,,,,,,,,,,,,,,,11.911660194397,11.9455633163452,999.735534667969,999.735534667969,,,3.99823212623596,,1,0,0,0,0.0128173828125,32.2580642700195,6,1,1,11.947304725647,0,11.9259012937546,,,0.00558623388332976,0.000275446263482433,0.00558637472022612,0.000275446659489912,0.958942651748657,0.959524810314178,30.4793224334717,0.18670566380024,30,4,200,-0.000863388646394014,-2.2652702331543,0.279376178979874,1,,,,,,,,,,,,,,,,
,3952878399.14837,12.1158776283264,999.735534667969,,,6,,,,30.4528811296534,,,10,,,,,,,,,,,,,,,,,,,,,,12.0968456268311,12.1332263946533,999.735534667969,999.735534667969,,,4.01387214660645,,1,0,0,0,0,30.3030319213867,6,1,1,12.1349096298218,0,12.11302863227,,,0.00557286472162906,0.000274787066842739,0.00557300720960302,0.000274787520693135,0.958932459354401,0.959518074989319,30.4794025421143,5.52081537246704,30,4,200,-0.000856127822771668,-2.26310133934021,0.275534421205521,1,,,,,,,,,,,,,,,,
,3952878453.55865,12.2968201637268,999.735534667969,,,6,,,,30.4528811296534,,,10,,,,,,,,,,,,,,,,,,,,,,12.2788667678833,12.3132209777832,999.735534667969,999.735534667969,,,4.03386402130127,,1,0,0,0,0,30.3030319213867,6,1,1,12.3147735595703,0,12.2937235302395,,,0.00556012117047846,0.000274158852473966,0.00556026368142771,0.000274159331801728,0.958924531936646,0.959509134292602,30.4793834686279,INF,30,4,200,-0.000870332936756313,-2.26113080978394,0.271570265293121,1,,,,,,,,,,,,,,,,
,3952878509.81413,12.4847483634949,999.735534667969,,,6,,,,30.4528811296534,,,10,,,,,,,,,,,,,,,,,,,,,,12.4654655456543,12.4954423904419,999.735534667969,999.735534667969,,,4.04733991622925,,1,0,0,0,0,29.8142719268799,6,1,1,12.5040311813354,0,12.479269862175,,,0.00554709359523559,0.000273516562544911,0.00554723734132713,0.000273517076473855,0.958914518356323,0.959502696990967,30.4794692993164,0,30,4,200,-0.000857929873745889,-2.25945734977722,0.26742959022522,1,,,,,,,,,,,,,,,,
,3952878564.09534,12.6654500961304,999.735534667969,,,6,,,,30.4528811296534,,,10,,,,,,,,,,,,,,,,,,,,,,12.6468734741211,12.6817178726196,999.735534667969,999.735534667969,,,4.06729221343994,,1,0,0,0,0,30.3030319213867,6,1,1,12.6840267181396,0,12.6620253456963,,,0.0055338154990056,0.00027286194257027,0.00553395887989948,0.000272862465317975,0.95891660451889,0.959503829479218,30.4794464111328,0,30,4,200,-0.000857296516187489,-2.25760769844055,0.263236850500107,1,,,,,,,,,,,,,,,,
,3952878619.95245,12.8516941070557,999.735534667969,,,6,,,,30.4528811296534,,,10,,,,,,,,,,,,,,,,,,,,,,12.8317737579346,12.8643589019775,999.735534667969,999.735534667969,,,4.08145236968994,,1,0,0,0,0,30.3030319213867,6,1,1,12.8716144561768,0,12.8468118906021,,,0.00551953691254173,0.000272157953839546,0.00551967984007016,0.000272158459757706,0.958906829357147,0.959495007991791,30.479471206665,0,30,4,200,-0.000846517737954855,-2.25494790077209,0.259457349777222,1,,,,,,,,,,,,,,,,
,3952878674.81225,13.0345692634583,999.735534667969,,,6,,,,30.4528811296534,,,10,,,,,,,,,,,,,,,,,,,,,,13.0157079696655,13.0516061782837,999.735534667969,999.735534667969,,,4.09927558898926,,1,0,0,0,0,30.3030319213867,6,1,1,13.053430557251,0,13.0314573711819,,,0.00550573616060575,0.000271477490328796,0.00550587798285394,0.000271477987871322,0.958905875682831,0.959491312503815,30.4794082641602,0.270813465118408,30,4,200,-0.000865668873302639,-2.25217580795288,0.255924195051193,1,,,,,,,,,,,,,,,,
,3952878729.44576,13.2158651351929,999.735534667969,,,6,,,,30.4528811296534,,,10,,,,,,,,,,,,,,,,,,,,,,13.199499130249,13.227855682373,999.735534667969,999.735534667969,,,4.11316728591919,,1,0,0,0,0,30.7917900085449,6,1,1,13.2322311401367,0,13.2124726772308,,,0.00549200688917278,0.000270800493208403,0.00549214950783822,0.000270801060379322,0.958908379077911,0.959492564201355,30.4793796539307,0,30,4,200,-0.000850579352118075,-2.24955129623413,0.252190679311752,1,,,,,,,,,,,,,,,,
,3952878785.59944,13.4042329788208,999.735534667969,,,6,,,,30.4528811296534,,,10,,,,,,,,,,,,,,,,,,,,,,13.3854465484619,13.4215774536133,999.735534667969,999.735534667969,,,4.12920379638672,,1,0,0,0,0.0128173828125,30.7917900085449,6,1,1,13.4230194091797,0,13.4005308151245,,,0.0054776600582249,0.000270092908301502,0.0054777996322963,0.000270093333233932,0.958918809890747,0.959503948688507,30.479398727417,0,30,4,200,-0.000872104137670249,-2.24661803245544,0.248729392886162,1,,,,,,,,,,,,,,,,
,3952878840.00322,13.584755897522,999.735534667969,,,6,,,,30.4528811296534,,,10,,,,,,,,,,,,,,,,,,,,,,13.5662088394165,13.5982513427734,999.735534667969,999.735534667969,,,4.1424708366394,,1,0,0,0,0,30.7917900085449,6,1,1,13.6033029556274,0,13.5817449092865,,,0.00546379110321308,0.000269408953514124,0.00546392975584993,0.00026940944398366,0.958927929401398,0.959504544734955,30.4792022705078,1,30,4,200,-0.000862725311890244,-2.2436842918396,0.245275616645813,1,,,,,,,,,,,,,,,,
,3952878896.29889,13.7725186347961,999.735534667969,,,6,,,,30.4528811296534,,,10,,,,,,,,,,,,,,,,,,,,,,13.7537689208984,13.7833232879639,999.735534667969,999.735534667969,,,4.15449619293213,,1,0,0,0,0.0128173828125,31.7693061828613,6,1,1,13.7912683486938,0,13.7674821615219,,,0.00544891678736091,0.000268675743248135,0.00544905563119722,0.000268676222357471,0.958918392658234,0.959498345851898,30.4792823791504,0,30,4,200,-0.000842680630739778,-2.24055433273315,0.241724699735641,1,,,,,,,,,,,,,,,,
,3952878950.51924,13.9533090591431,999.735534667969,,,6,,,,30.4528811296534,,,10,,,,,,,,,,,,,,,,,,,,,,13.9353561401367,13.9687805175781,999.735534667969,999.735534667969,,,4.17150592803955,,1,0,0,0,0,30.3030319213867,6,1,1,13.9720096588135,0,13.9500847922431,,,0.00543454490562978,0.000267967087817475,0.00543468377811578,0.000267967579404938,0.958917558193207,0.959498047828674,30.4792938232422,0,30,4,200,-0.000865073583554477,-2.23739552497864,0.238378971815109,1,,,,,,,,,,,,,,,,
,3952879005.0563,14.1350769996643,999.735534667969,,,6,,,,30.4528811296534,,,10,,,,,,,,,,,,,,,,,,,,,,14.1176853179932,14.1504878997803,999.735534667969,999.735534667969,,,4.1838493347168,,1,0,0,0,0,30.7917900085449,6,1,1,14.1524686813354,0,14.1330138444901,,,0.00541978202631407,0.000267238947424581,0.00541991738420099,0.000267239350337947,0.958933174610138,0.959507644176483,30.479154586792,0,30,4,200,-0.000841588363982737,-2.23431944847107,0.234677791595459,1,,,,,,,,,,,,,,,,
,3952879059.70918,14.3181977272034,999.735534667969,,,6,,,,30.4528811296534,,,10,,,,,,,,,,,,,,,,,,,,,,14.301459312439,14.331413269043,999.735534667969,999.735534667969,,,4.19795227050781,,1,0,0,0,0.0128173828125,30.3030319213867,6,1,1,14.3349361419678,0,14.3148795366287,,,0.00540475476953,0.000266497933225446,0.0054048894572567,0.000266498304661515,0.958929896354675,0.959505796432495,30.4791851043701,0,30,4,200,-0.000853215286042541,-2.23104953765869,0.231112569570541,1,,,,,,,,,,,,,,,,
,3952879115.56865,14.5031404495239,999.735534667969,,,6,,,,30.4528811296534,,,10,,,,,,,,,,,,,,,,,,,,,,14.4850597381592,14.5194845199585,999.735534667969,999.735534667969,,,4.20982980728149,,1,0,0,0,0,30.7917900085449,6,1,1,14.5212211608887,0,14.4998762342665,,,0.0053895898221453,0.00026575023740871,0.00538973053988156,0.00026575082375531,0.958928942680359,0.959514081478119,30.4793930053711,0,30,4,200,-0.00085239065811038,-2.22774910926819,0.227519735693932,1,,,,,,,,,,,,,,,,
,3952879171.43207,14.6891207695007,999.735534667969,,,6,,,,30.4528811296534,,,10,,,,,,,,,,,,,,,,,,,,,,14.6691551208496,14.7013063430786,999.735534667969,999.735534667969,,,4.222083568573,,1,0,0,0,0.0128173828125,30.3030319213867,6,1,1,14.7090864181519,0,14.6842895083957,,,0.00537423154758066,0.000264993088245008,0.00537437060409799,0.000264993574963208,0.958919584751129,0.959507942199707,30.479471206665,5.35593461990356,30,4,200,-0.000841661065351218,-2.22460079193115,0.223730176687241,1,,,,,,,,,,,,,,,,
,3952879226.33772,14.8722324371338,999.735534667969,,,6,,,,30.4528811296534,,,10,,,,,,,,,,,,,,,,,,,,,,14.853907585144,14.8854389190674,999.735534667969,999.735534667969,,,4.23823642730713,,1,0,0,0,0,30.7917900085449,6,1,1,14.8905572891235,0,14.8688709470961,,,0.00535921976505426,0.000264252732530958,0.00535935783949355,0.000264253178062806,0.958929002285004,0.959518551826477,30.4794921875,0,30,4,200,-0.000844645139295608,-2.22149801254272,0.22000840306282,1,,,,,,,,,,,,,,,,
,3952879281.06782,15.0540013313293,999.735534667969,,,6,,,,30.4528811296534,,,10,,,,,,,,,,,,,,,,,,,,,,15.0370788574219,15.0670642852783,999.735534667969,999.735534667969,,,4.2491021156311,,1,0,0,0,0.0128173828125,30.3030319213867,6,1,1,15.0709238052368,0,15.0505726337433,,,0.00534440154760961,0.000263522109324707,0.00534453720907703,0.000263522488148453,0.958934843540192,0.959521174430847,30.479419708252,0,30,4,200,-0.000850042619276792,-2.2184374332428,0.216231256723404,1,,,,,,,,,,,,,,,,
,3952879314.73717,15.2551808357239,999.735534667969,,,6,,,,30.4528811296534,,,10,,,,,,,,,,,,,,,,,,,,,,15.2205448150635,15.4726543426514,999.735534667969,999.735534667969,,,4.25929403305054,,1,0,0,0,0,30.3030319213867,6,1,1,15.2898168563843,0,15.375877737999,,,0.00531648995873005,0.000262146810576853,0.00531662799587819,0.000262147353225497,0.958844423294067,0.959428191184998,30.4793910980225,0,30,4,200,-0.000805290241260082,-2.21087384223938,0.211286321282387,1,,,,,,,,,,,,,,,,
,3952879391.67318,15.4215722084045,999.735534667969,,,6,,,,30.4528811296534,,,10,,,,,,,,,,,,,,,,,,,,,,15.4041748046875,15.4367961883545,999.735534667969,999.735534667969,,,4.24516820907593,,1,0,0,0,0,30.3030319213867,2,1,1,15.4389696121216,0,15.4192196130753,,,0.00531512506356551,0.000262078324728751,0.00531525585158334,0.000262078718219673,0.958950698375702,0.959516525268555,30.4789505004883,1.60693143698154E-5,30,4,200,-0.000896143785212189,-2.2126669883728,0.208662465214729,1,,,,,,,,,,,,,,,,
,3952879447.72795,15.6076674461365,999.735534667969,,,6,,,,30.4528811296534,,,10,,,,,,,,,,,,,,,,,,,,,,15.5900592803955,15.624119758606,999.735534667969,999.735534667969,,,4.24901008605957,,1,0,0,0,0,30.3030319213867,2,1,1,15.6252756118774,0,15.6062619951036,,,0.00530016693432199,0.000261340753972916,0.00530029678000338,0.000261341226588475,0.958953559398651,0.959509193897247,30.4787139892578,0,30,4,200,-0.000882837863173336,-2.20986175537109,0.204659685492516,1,,,,,,,,,,,,,,,,
,3952879502.31752,15.7891163825989,999.735534667969,,,6,,,,30.4528811296534,,,10,,,,,,,,,,,,,,,,,,,,,,15.7718334197998,15.804967880249,999.735534667969,999.735534667969,,,4.25522565841675,,1,0,0,0,0.0128173828125,30.7917900085449,2,1,1,15.8063993453979,0,15.7882108688354,,,0.00528553476740597,0.000260619028366716,0.00528565938352564,0.000260619419222044,0.958976745605469,0.959517598152161,30.4783630371094,0,30,4,200,-0.000874562538228929,-2.09439039230347,0.313383400440216,1,,,,,,,,,,,,,,,,
,3952879557.03623,15.9721012115479,999.735534667969,,,6,,,,30.4528811296534,,,10,,,,,,,,,,,,,,,,,,,,,,15.9559183120728,15.9855222702026,999.735534667969,999.735534667969,,,4.26570224761963,,1,0,0,0,0,30.7917900085449,2,1,1,15.988284111023,0,15.9699938297272,,,0.00527100903459914,0.000259902816442829,0.00527113443584093,0.00025990328608191,0.958970785140991,0.959509253501892,30.4783096313477,0,30,4,200,-0.000894394936040044,-2.09210443496704,0.308996349573135,1,,,,,,,,,,,,,,,,
,3952879612.7896,16.1585130691528,999.735534667969,,,6,,,,30.4528811296534,,,10,,,,,,,,,,,,,,,,,,,,,,16.1405220031738,16.1744632720947,999.735534667969,999.735534667969,,,4.27442359924316,,1,0,0,0,0.0128173828125,29.3255138397217,2,1,1,16.1765041351318,0,16.156210369534,,,0.00525637958748702,0.000259181553959241,0.00525650336876539,0.000259181942424956,0.958966314792633,0.959506332874298,30.4783458709717,INF,30,4,200,-0.000854656624142081,-2.08953666687012,0.304923295974731,1,,,,,,,,,,,,,,,,
,3952879667.28063,16.3399839401245,999.735534667969,,,6,,,,30.4528811296534,,,10,,,,,,,,,,,,,,,,,,,,,,16.3234252929687,16.3530349731445,999.735534667969,999.735534667969,,,4.28480339050293,,1,0,0,0,0,30.3030319213867,2,1,1,16.3565425872803,0,16.3381741046906,,,0.00524227874982831,0.000258486060236079,0.00524240036106249,0.000258486435682257,0.958981275558472,0.959513962268829,30.4781703948975,1.58376806211891E-5,30,4,200,-0.000810823461506516,-2.08697462081909,0.30086350440979,1,,,,,,,,,,,,,,,,
,3952879723.65814,16.5279121398926,999.735534667969,,,6,,,,30.4528811296534,,,10,,,,,,,,,,,,,,,,,,,,,,16.5101680755615,16.5442523956299,999.735534667969,999.735534667969,,,4.29736948013306,,1,0,0,0,0,30.7917900085449,2,1,1,16.5456562042236,0,16.5260531107585,,,0.00522761437325913,0.000257763047527964,0.00522773816412419,0.000257763497042846,0.958977162837982,0.959514498710632,30.4782810211182,8.50014548632316E-5,30,4,200,-0.000820906192529947,-2.08361387252808,0.297593176364899,1,,,,,,,,,,,,,,,,
,3952879778.04408,16.7090101242065,999.735534667969,,,6,,,,30.4528811296534,,,10,,,,,,,,,,,,,,,,,,,,,,16.6916599273682,16.7247905731201,999.735534667969,999.735534667969,,,4.30561017990112,,1,0,0,0,0,30.7917900085449,2,1,1,16.7263603210449,0,16.7073847452799,,,0.0052138584956187,0.000257084791890225,0.00521398135120384,0.000257085248444467,0.958973944187164,0.959507584571838,30.4781951904297,1.585152313055E-5,30,4,200,-0.000821952358819544,-2.080326795578,0.294543206691742,1,,,,,,,,,,,,,,,,
,3952879833.82039,16.8946437835693,999.735534667969,,,6,,,,30.4528811296534,,,10,,,,,,,,,,,,,,,,,,,,,,16.8752555847168,16.9078998565674,999.735534667969,999.735534667969,,,4.31671953201294,,1,0,0,0,0,30.7917900085449,2,1,1,16.9140319824219,0,16.8914345635308,,,0.00519970805564437,0.000256387112179068,0.00519983213305088,0.000256387580963489,0.958972275257111,0.959511995315552,30.4783382415771,0,30,4,200,-0.000820689252577722,-2.07732629776001,0.291191071271896,1,,,,,,,,,,,,,,,,
,3952879888.59941,17.0780906677246,999.735534667969,,,6,,,,30.4528811296534,,,10,,,,,,,,,,,,,,,,,,,,,,17.0600147247314,17.095006942749,999.735534667969,999.735534667969,,,4.32712936401367,,1,0,0,0,0,30.3030319213867,2,1,1,17.0961666107178,0,17.0764448377821,,,0.00518606878006027,0.000255714611990217,0.00518619419757524,0.000255715146150567,0.958968341350555,0.959509491920471,30.4783725738525,8.51847071317025E-5,30,4,200,-0.000795331317931414,-2.07478833198547,0.287459045648575,1,,,,,,,,,,,,,,,,
,3952879943.09889,17.2598438262939,999.735534667969,,,6,,,,30.4528811296534,,,10,,,,,,,,,,,,,,,,,,,,,,17.2433815002441,17.2749347686768,999.735534667969,999.735534667969,,,4.33702707290649,,1,0,0,0,0,30.3030319213867,2,1,1,17.2763061523438,0,17.2580780982971,,,0.005172533802131,0.000255047008997251,0.00517265632657928,0.000255047436740709,0.958986878395081,0.959526240825653,30.4783248901367,0,30,4,200,-0.000800468027591705,-2.07174348831177,0.284266591072083,1,,,,,,,,,,,,,,,,
,3952879999.08159,17.4461612701416,999.735534667969,,,6,,,,30.4528811296534,,,10,,,,,,,,,,,,,,,,,,,,,,17.4286365509033,17.4636859893799,999.735534667969,999.735534667969,,,4.34610319137573,,1,0,0,0,0,30.3030319213867,2,1,1,17.4636859893799,0,17.4452006022135,,,0.00515883454535615,0.000254371693743862,0.00515895826000134,0.000254372139024556,0.958972632884979,0.959517240524292,30.4784507751465,0,30,4,200,-0.000787894648965448,-2.06849265098572,0.281326591968536,1,,,,,,,,,,,,,,,,
,3952880053.3744,17.6290407180786,999.735534667969,,,6,,,,30.4528811296534,,,10,,,,,,,,,,,,,,,,,,,,,,17.610860824585,17.6460762023926,999.735534667969,999.735534667969,,,4.35868310928345,,1,0,0,0,0,30.7917900085449,2,1,1,17.6472206115723,0,17.6267532772488,,,0.00514563322085465,0.000253720902772619,0.00514575770141661,0.000253721371309571,0.958965718746185,0.959513008594513,30.478515625,0,30,4,200,-0.000802478170953691,-2.06565475463867,0.278127282857895,1,,,,,,,,,,,,,,,,
,3952880108.32897,17.8119068145752,999.735534667969,,,6,,,,30.4528811296534,,,10,,,,,,,,,,,,,,,,,,,,,,17.7955284118652,17.8263511657715,999.735534667969,999.735534667969,,,4.36996364593506,,1,0,0,0,0,30.7917900085449,2,1,1,17.8282852172852,0,17.8091990947723,,,0.00513248706061731,0.000253072445401006,0.00513260866934527,0.000253072781325109,0.958978891372681,0.959526896476746,30.4785289764404,0,30,4,200,-0.00080077291931957,-2.06286144256592,0.274874955415726,1,,,,,,,,,,,,,,,,
,3952880164.10986,17.9977407455444,999.735534667969,,,6,,,,30.4528811296534,,,10,,,,,,,,,,,,,,,,,,,,,,17.9805450439453,18.0149364471436,999.735534667969,999.735534667969,,,4.38062810897827,,1,0,0,0,0,30.3030319213867,2,1,1,18.0149364471436,0,17.9964199066162,,,0.00511920897892862,0.000252417978757924,0.005119332572449,0.000252418369976814,0.958966612815857,0.959520041942596,30.4786586761475,0,30,4,200,-0.000814283732324839,-2.06012535095215,0.271578520536423,1,,,,,,,,,,,,,,,,
,3952880218.49449,18.1793823242187,999.735534667969,,,6,,,,30.4528811296534,,,10,,,,,,,,,,,,,,,,,,,,,,18.1620235443115,18.1954135894775,999.735534667969,999.735534667969,,,4.39177322387695,,1,0,0,0,0,30.3030319213867,2,1,1,18.196741104126,0,18.177470948961,,,0.00510626401394667,0.000251779623188626,0.00510638926640458,0.00025178005974299,0.958966434001923,0.959524869918823,30.4787731170654,0,30,4,200,-0.0007706981850788,-2.0558865070343,0.269836962223053,1,,,,,,,,,,,,,,,,
,3952880274.81811,18.3660984039307,999.735534667969,,,6,,,,30.4528811296534,,,10,,,,,,,,,,,,,,,,,,,,,,18.3483600616455,18.3802013397217,999.735534667969,999.735534667969,,,4.4041633605957,,1,0,0,0,0,30.3030319213867,2,1,1,18.3838367462158,0,18.3646545410156,,,0.00509315178085418,0.000251133195384971,0.00509327977115654,0.000251133668989786,0.958958625793457,0.959528028964996,30.4790267944336,0,30,4,200,-0.000792960694525391,-2.05304384231567,0.266777485609055,1,,,,,,,,,,,,,,,,
,3952880329.12338,18.5475292205811,999.735534667969,,,6,,,,30.4528811296534,,,10,,,,,,,,,,,,,,,,,,,,,,18.5298976898193,18.5638179779053,999.735534667969,999.735534667969,,,4.41508769989014,,1,0,0,0,0,30.7917900085449,2,1,1,18.5651607513428,0,18.5461798773872,,,0.00508048206378573,0.000250508542023312,0.00508061071634278,0.000250509006402473,0.95895528793335,0.959530174732208,30.4791526794434,5.35633611679077,30,4,200,-0.000792721519246697,-2.05076432228088,0.263290733098984,1,,,,,,,,,,,,,,,,
,3952880383.82779,18.7298431396484,999.735534667969,,,6,,,,30.4528811296534,,,10,,,,,,,,,,,,,,,,,,,,,,18.7137107849121,18.7424812316895,999.735534667969,999.735534667969,,,4.4247932434082,,1,0,0,0,0,30.7917900085449,2,1,1,18.7459754943848,0,18.7277705669403,,,0.00506788840099744,0.000249887484467261,0.0050680175013242,0.000249887947054203,0.95895928144455,0.959537982940674,30.4792385101318,,30,4,200,-0.000800470123067498,-2.0484516620636,0.259755492210388,1,,,,,,,,,,,,,,,,
,3952880439.80346,18.9175224304199,999.735534667969,,,6,,,,30.4528811296534,,,10,,,,,,,,,,,,,,,,,,,,,,18.8990421295166,18.9342555999756,999.735534667969,999.735534667969,,,4.43588018417358,,1,0,0,0,0,30.3030319213867,2,1,1,18.9360027313232,0,18.9150185055203,,,0.00505502916916924,0.000249253528550762,0.0050551587207334,0.000249253918929005,0.9589484333992,0.959537863731384,30.4794845581055,0,30,4,200,-0.000785000389441848,-2.04615211486816,0.256300210952759,1,,,,,,,,,,,,,,,,
,3952880494.20363,19.0979709625244,999.735534667969,,,6,,,,30.4528811296534,,,10,,,,,,,,,,,,,,,,,,,,,,19.0809268951416,19.1107044219971,999.735534667969,999.735534667969,,,4.44358777999878,,1,0,0,0,0,30.7917900085449,2,1,1,19.1150150299072,0,19.0965518951416,,,0.0050427162231718,0.000248646284463123,0.00504284335536154,0.000248646590328592,0.958962619304657,0.959550201892853,30.4794387817383,0,30,4,200,-0.000793231243733317,-2.0436315536499,0.253133445978165,1,,,,,,,,,,,,,,,,
,3952880550.42698,19.2859687805176,999.735534667969,,,6,,,,30.4528811296534,,,10,,,,,,,,,,,,,,,,,,,,,,19.26881980896,19.296594619751,999.735534667969,999.735534667969,,,4.45386934280396,,1,0,0,0,0,30.7917900085449,2,1,1,19.3031177520752,0,19.2825651168823,,,0.005030076288573,0.00024802321141001,0.00503020788694874,0.000248023667370931,0.958942472934723,0.959538221359253,30.4796276092529,1.62568867381196E-5,30,4,200,-0.000800387293566018,-2.04117822647095,0.249861061573029,1,,,,,,,,,,,,,,,,
,3952880604.82573,19.4672470092773,999.735534667969,,,6,,,,30.4528811296534,,,10,,,,,,,,,,,,,,,,,,,,,,19.4490814208984,19.4834785461426,999.735534667969,999.735534667969,,,4.46230363845825,,1,0,0,0,0,30.7917900085449,2,1,1,19.4854125976562,0,19.4654649098714,,,0.00501792363052665,0.00024742400725471,0.00501805291819681,0.000247424340526104,0.958949148654938,0.959547340869904,30.479679107666,0,30,4,200,-0.000773385749198496,-2.03889966011047,0.246566459536552,1,,,,,,,,,,,,,,,,
,3952880659.55396,19.6489086151123,999.735534667969,,,6,,,,30.4528811296534,,,10,,,,,,,,,,,,,,,,,,,,,,19.6326236724854,19.6601123809814,999.735534667969,999.735534667969,,,4.47405195236206,,1,0,0,0,0.0128173828125,28.3479976654053,2,1,1,19.6651935577393,0,19.6467638015747,,,0.00500574322677079,0.000246823373700672,0.00500587865731153,0.000246823958667605,0.958944439888001,0.959549129009247,30.4798259735107,8.73507960932329E-5,30,4,200,-0.000770308426581323,-2.03610396385193,0.243783205747604,1,,,,,,,,,,,,,,,,
,3952880715.39392,19.8367586135864,999.735534667969,,,6,,,,30.4528811296534,,,10,,,,,,,,,,,,,,,,,,,,,,19.8188896179199,19.8530578613281,999.735534667969,999.735534667969,,,4.4812707901001,,1,0,0,0,0,30.7917900085449,2,1,1,19.8546276092529,0,19.8341149224175,,,0.00499341281331323,0.000246215525589403,0.00499354644743261,0.000246215941403584,0.95892596244812,0.959539949893951,30.4800357818604,5.52087259292603,30,4,200,-0.000766297453083098,-2.03332018852234,0.24099488556385,1,,,,,,,,,,,,,,,,
,3952880800.22934,20.0003347396851,999.735534667969,,,6,,,,30.4528811296534,,,10,,,,,,,,,,,,,,,,,,,,,,19.99951171875,20.0004711151123,999.735534667969,999.735534667969,,,4.49102830886841,,1,0,0,0,0,30.7917900085449,1,1,1,20.0005531311035,0,19.9998955196804,,,0.00498250325775908,0.000245677647038692,0.00498263754876571,0.000245678079273112,0.958929121494293,0.959546148777008,30.4801006317139,0,30,4,200,-0.000744474469684064,-2.0318078994751,0.237274676561356,1,,,,,,,,,,,,,,,,
