[Header]
; MPMS3 Data File (default extension .dat)
; Copyright (c) 2007, Quantum Design, Inc. All rights reserved.
TITLE,
FILEOPENTIME,3959018282.13907,06/13/2025,11:17 pm
BYAPP,MPMS3 w/ AC,1.0,1.1
INFO,MPMS3 Measurement Release 1.2.2 Build 0, MultiVu Release 2.3.5.2,APPNAME
INFO,Linear Motor Servo Controller,MOTOR_MODULE_NAME
INFO,3101-100 N4,MOTOR_HW_VERSION
INFO,MMC1299,MOTOR_SERIAL_NUMBER
INFO,01.04.28,MOTOR_SOFTWARE_VERSION
INFO,Quantum Design Squid Module,SQUID_MODULE_NAME
INFO,3101-501 B0,SQUID_HW_VERSION
INFO,SQM364,SQUID_SERIAL_NUMBER
INFO,01.03.04,SQUID_SOFTWARE_VERSION
INFO,Quantum Design VSM Oven,OVEN_MODULE_NAME
INFO,3101-201 A3,OVEN_HW_VERSION
INFO,OVB387,OVEN_SERIAL_NUMBER
INFO,01.07.07,OVEN_SOFTWARE_VERSION
INFO,SQUID AC,AC_MODULE_NAME
INFO,3101-401 G0,AC_HW_VERSION
INFO,SAC242,AC_SERIAL_NUMBER
INFO,SQUID AC 00.95.11,AC_SOFTWARE_VERSION
INFO,TCI374,COIL_SERIAL_NUMBER
INFO,0,MOMENT_UNITS
INFO,Fe3O4,SAMPLE_MATERIAL
INFO,powder,SAMPLE_COMMENT
INFO,61.2,SAMPLE_MASS
INFO,,SAMPLE_VOLUME
INFO,,SAMPLE_MOLECULAR_WEIGHT
INFO,,SAMPLE_SIZE
INFO,,SAMPLE_SHAPE
INFO,Rotator,SAMPLE_HOLDER
INFO,Standard,SAMPLE_HOLDER_DETAIL
INFO,67.43,SAMPLE_OFFSET
DATATYPE,COMMENT,1
DATATYPE,TIME,2
STARTUPAXIS,X,2
STARTUPAXIS,Y1,5
FIELDGROUP, VSM,2,3,4,5,6,8,9,10,11,14,15
FIELDGROUP, DC, 2,3,4,14,56,57,58,59,60,61,62,63,64,65,66,67,68,69
FIELDGROUP, AC, 2,3,4,11,16,17,18,19,20,21,22,23,24,25,26,27,28,29,30
STARTUPGROUP, All
[Data]
Comment,Time Stamp (sec),Temperature (K),Magnetic Field (Oe),Moment (emu),M. Std. Err. (emu),Transport Action,Averaging Time (sec),Frequency (Hz),Peak Amplitude (mm),Center Position (mm),Lockin Signal' (V),Lockin Signal (V),Range,M. Quad. Signal (emu),AC Moment (emu),AC M. Std Err. (emu),AC Phase (deg),AC Phase Std. Err. (deg),AC Susceptibility (emu/Oe),AC Suscept. Std Err. (emu/Oe),AC X' (emu/Oe),AC X' Std Err. (emu/Oe),AC X'' (emu/Oe),AC X'' Std Err. (emu/Oe),AC Drive (Oe),AC Frequency (Hz),AC Averaging Time (sec),AC Cycles,AC Range,AC Measure Type,AC Signal' (V),AC Signal'' (V),AC Trim Coil Ratio,AC Trim Coil Phase,Min. Temperature (K),Max. Temperature (K),Min. Field (Oe),Max. Field (Oe),Mass (grams),Motor Lag (deg),Pressure (Torr),Measure Count,Measurement Number,SQUID Status (code),Motor Status (code),Measure Status (code),Motor Current (amps),Motor Temp. (C),Temp. Status (code),Field Status (code),Chamber Status (code),Chamber Temp (K),Redirection State,Average Temp (K),Rotation Angle (deg),Rotator state,DC Moment Fixed Ctr (emu),DC Moment Err Fixed Ctr (emu),DC Moment Free Ctr (emu),DC Moment Err Free Ctr (emu),DC Fixed Fit,DC Free Fit,DC Calculated Center (mm),DC Calculated Center Err (mm),DC Scan Length (mm),DC Scan Time (s),DC Number of Points,DC Squid Drift,DC Min V (V),DC Max V (V),DC Scans per Measure,He3 temp,Map 02,Map 03,Map 04,Map 05,Map 06,Map 07,Map 08,Map 09,Map 10,Map 11,Map 12,Map 13,Map 14,Map 15,Map 16
,3959018296.78337,180.604560852051,999.893371582031,,,6,,,,30.7262451900536,,,10,,,,,,,,,,,,,,,,,,,,,,179.990783691406,181.190139770508,999.893371582031,999.893371582031,,,6.39156770706177,,1,0,0,0,0.000457763671875,34.2131004333496,6,1,1,181.218338012695,0,180.372469450298,90.0000076293945,1,0.000834647273990485,2.9183933165313E-5,0.000837707814671603,2.91911461262265E-5,0.914201200008392,0.976284325122833,31.0386238098145,0,30,4,200,-0.000325401750160381,-0.397062569856644,-0.00434648478403687,2,,,,,,,,,,,,,,,,
,3959018317.74865,182.674842834473,999.893371582031,,,6,,,,30.7262451900536,,,10,,,,,,,,,,,,,,,,,,,,,,181.321182250977,183.844757080078,999.893371582031,999.893371582031,,,6.39337348937988,,1,0,0,0,0.0005340576171875,35.6793746948242,2,1,1,184.028503417969,0,182.470952351888,90.0000076293945,1,0.000820079476056607,2.86778087461855E-5,0.000823188028901896,2.86856026489959E-5,0.912901818752289,0.975678384304047,31.043083190918,5.57163190841675,30,4,200,-0.000348064204445109,-0.392717897891998,0.105473861098289,2,,,,,,,,,,,,,,,,
,3959018338.65402,185.780815124512,999.893371582031,,,6,,,,30.7262451900536,,,10,,,,,,,,,,,,,,,,,,,,,,184.155532836914,187.352127075195,999.893371582031,999.893371582031,,,6.395920753479,,1,0,0,0,0.0006103515625,35.6793746948242,2,1,1,187.406097412109,0,185.743860880534,90.0000076293945,1,0.000803223835804642,2.80914378178782E-5,0.000806367703043365,2.8099821584755E-5,0.911669850349426,0.975169003009796,31.0472450256348,0.101568512618542,30,4,200,-0.000327498710248619,-0.276897370815277,0.102542988955975,2,,,,,,,,,,,,,,,,
,3959018359.48036,189.211364746094,999.893371582031,,,6,,,,30.7262451900536,,,10,,,,,,,,,,,,,,,,,,,,,,187.569534301758,190.697662353516,999.893371582031,999.893371582031,,,6.39808654785156,,1,0,0,0,0.0003814697265625,35.6793746948242,2,1,1,190.85319519043,0,189.13328467475,90.0000076293945,1,0.000786709905831712,2.75161833692682E-5,0.000789838339531902,2.75240753918406E-5,0.910734474658966,0.97477787733078,31.050537109375,0.132217645645142,30,4,200,-0.000303346605505794,-0.27197602391243,0.0997296199202538,2,,,,,,,,,,,,,,,,
,3959018380.10731,192.618202209473,999.893371582031,,,6,,,,30.7262451900536,,,10,,,,,,,,,,,,,,,,,,,,,,190.918487548828,194.246765136719,999.893371582031,999.893371582031,,,6.40096044540405,,1,0,0,0,0.0003814697265625,35.190616607666,2,1,1,194.317916870117,0,192.603156195747,90.0000076293945,1,0.00077063856978966,2.69571628013666E-5,0.000773785821067297,2.69649776216668E-5,0.909471213817596,0.974359214305878,31.0551490783691,0,30,4,200,-0.000337849225616083,-0.267196774482727,0.0970483720302582,2,,,,,,,,,,,,,,,,
,3959018400.74878,196.041152954102,999.893371582031,,,6,,,,30.7262451900536,,,10,,,,,,,,,,,,,,,,,,,,,,194.428039550781,197.586196899414,999.893371582031,999.893371582031,,,6.40392398834228,,1,0,0,0,0.00030517578125,35.190616607666,2,1,1,197.654266357422,0,196.02786509196,90.0000076293945,1,0.000755153432525159,2.64186186545417E-5,0.000758362341155158,2.64278104389083E-5,0.908183038234711,0.973905801773071,31.0596656799316,0.132222011685371,30,4,200,-0.000293902296107262,-0.262406557798386,0.0945317596197128,2,,,,,,,,,,,,,,,,
,3959018421.4449,198.524726867676,999.893371582031,,,6,,,,30.7262451900536,,,10,,,,,,,,,,,,,,,,,,,,,,197.768463134766,199.255722045898,999.893371582031,999.893371582031,,,6.40469217300415,,1,0,0,0,0.00030517578125,35.190616607666,6,1,1,199.280990600586,0,198.664474487305,90.0000076293945,1,0.000744957081815027,2.60632263243967E-5,0.000748153399697144,2.60720465568399E-5,0.907636404037476,0.973899066448212,31.061861038208,0,30,4,200,-0.00029432782321237,-0.253020524978638,0.0975732356309891,2,,,,,,,,,,,,,,,,
,3959018442.21624,199.52188873291,999.893371582031,,,6,,,,30.7262451900536,,,10,,,,,,,,,,,,,,,,,,,,,,199.314743041992,199.723602294922,999.893371582031,999.893371582031,,,6.40509748458862,,1,0,0,0,0.0002288818359375,35.6793746948242,6,1,1,199.729034423828,0,199.557452731662,90.0000076293945,1,0.000742808416760401,2.59884299317966E-5,0.000746022146797037,2.59978601697941E-5,0.907477259635925,0.973762452602386,31.0624485015869,0,30,4,200,-0.000275432306807488,-0.253554672002792,0.095887765288353,2,,,,,,,,,,,,,,,,
,3959018462.9836,199.805488586426,999.893371582031,,,6,,,,30.7262451900536,,,10,,,,,,,,,,,,,,,,,,,,,,199.742065429687,199.866989135742,999.893371582031,999.893371582031,,,6.40561294555664,,1,0,0,0,0,36.1681327819824,5,1,1,199.868911743164,0,199.817977057563,90.0000076293945,1,0.000742336138808135,2.59726902760878E-5,0.000745557870526999,2.59816890297136E-5,0.907150030136108,0.973734557628632,31.0634841918945,0,30,4,200,-0.000253473670454696,-0.254473716020584,0.0947308093309402,2,,,,,,,,,,,,,,,,
,3959018483.13957,199.897644042969,999.893371582031,,,6,,,,30.7262451900536,,,10,,,,,,,,,,,,,,,,,,,,,,199.868911743164,199.926376342773,999.893371582031,999.893371582031,,,6.40633249282837,,1,0,0,0,7.62939453125E-5,35.6793746948242,5,1,1,199.926376342773,0,199.904451069079,90.0000076293945,1,0.000742217945694902,2.59686389854361E-5,0.000745449856650877,2.59779029116931E-5,0.907123267650604,0.97379457950592,31.0639114379883,0,30,4,200,-0.000280334264971316,-0.255262941122055,0.0938031300902367,2,,,,,,,,,,,,,,,,
,3959018503.94356,199.943428039551,999.893371582031,,,6,,,,30.7262451900536,,,10,,,,,,,,,,,,,,,,,,,,,,199.928619384766,199.961044311523,999.893371582031,999.893371582031,,,6.40638065338135,,1,0,0,0,0.000152587890625,37.1456527709961,5,1,1,199.958236694336,0,199.948792307,90.0000076293945,1,0.000742336823882304,2.59732067416491E-5,0.000745568502069391,2.59819973407361E-5,0.906952559947967,0.973842740058899,31.0646553039551,0,30,4,200,-0.000296603073365986,-0.256022989749908,0.0930192172527313,2,,,,,,,,,,,,,,,,
,3959018524.78932,199.968353271484,999.893371582031,,,6,,,,30.7262451900536,,,10,,,,,,,,,,,,,,,,,,,,,,199.960723876953,199.979339599609,999.893371582031,999.893371582031,,,6.40730857849121,,1,0,0,0,0.000152587890625,35.6793746948242,1,1,1,199.975982666016,0,199.972738477919,90.0000076293945,1,0.000742233151006233,2.59700548416634E-5,0.00074550994003404,2.59801599251319E-5,0.90675812959671,0.973546922206879,31.064905166626,,30,4,200,-0.000265927257714793,-0.256241053342819,0.0928142368793487,2,,,,,,,,,,,,,,,,
,3959018545.42027,199.981719970703,999.893371582031,,,6,,,,30.7262451900536,,,10,,,,,,,,,,,,,,,,,,,,,,199.977386474609,199.992263793945,999.893371582031,999.893371582031,,,6.40788650512695,,1,0,0,0,0.000152587890625,35.6793746948242,1,1,1,199.986053466797,0,199.985447353787,90.0000076293945,1,0.000742196370150592,2.59693611489149E-5,0.000745496183161276,2.59796624003385E-5,0.906514108181,0.97356790304184,31.0658836364746,0,30,4,200,-0.000264439091552049,-0.256172567605972,0.0928762555122376,2,,,,,,,,,,,,,,,,
,3959018566.19756,199.990348815918,999.893371582031,,,6,,,,30.7262451900536,,,10,,,,,,,,,,,,,,,,,,,,,,199.987808227539,200.001998901367,999.893371582031,999.893371582031,,,6.40826320648193,,1,0,0,0,7.62939453125E-5,34.7018585205078,1,1,1,199.992889404297,0,199.995135837131,90.0000076293945,1,0.000742062363130885,2.59647595434722E-5,0.000745376992480415,2.59756085916959E-5,0.90648078918457,0.973431348800659,31.0658435821533,1.64955781656317E-5,30,4,200,-0.000241676476434805,-0.256233781576157,0.0928709730505943,2,,,,,,,,,,,,,,,,
,3959018586.89733,199.995094299316,999.893371582031,,,6,,,,30.7262451900536,,,10,,,,,,,,,,,,,,,,,,,,,,199.99299621582,200.007888793945,999.893371582031,999.893371582031,,,6.40830659866333,,1,0,0,0,0.000152587890625,35.6793746948242,1,1,1,199.996292114258,0,199.99984825982,90.0000076293945,1,0.000742022962643535,2.59638582320087E-5,0.000745384847005231,2.59758734409709E-5,0.906289517879486,0.973456084728241,31.0665760040283,0,30,4,200,-0.000254784565186128,-0.256349623203278,0.0927959531545639,2,,,,,,,,,,,,,,,,
,3959018607.57831,199.997970581055,999.893371582031,,,6,,,,30.7262451900536,,,10,,,,,,,,,,,,,,,,,,,,,,199.994918823242,200.010940551758,999.893371582031,999.893371582031,,,6.40862989425659,,1,0,0,0,0.000152587890625,35.6793746948242,1,1,1,199.998336791992,0,200.002445644803,90.0000076293945,1,0.00074207881739701,2.59657082877894E-5,0.000745431265410908,2.59774715024645E-5,0.906328737735748,0.973472833633423,31.0664539337158,0,30,4,200,-0.000269244512310252,-0.25668340921402,0.0924931094050407,2,,,,,,,,,,,,,,,,
,3959018628.17006,199.998199462891,999.893371582031,,,6,,,,30.7262451900536,,,10,,,,,,,,,,,,,,,,,,,,,,199.994216918945,200.012161254883,999.893371582031,999.893371582031,,,6.40912818908691,,1,0,0,0,0,35.6793746948242,1,1,1,199.996932983398,0,200.002204047309,90.0000076293945,1,0.000742063928161182,2.59655149393354E-5,0.000745416025625219,2.59769457936798E-5,0.906194806098938,0.973463356494904,31.0669498443604,7.56351375579834,30,4,200,-0.000260464730672538,-0.256835073232651,0.0923387855291367,2,,,,,,,,,,,,,,,,
,3959018648.89834,199.997016906738,999.893371582031,,,6,,,,30.7262451900536,,,10,,,,,,,,,,,,,,,,,,,,,,199.994049072266,200.012084960938,999.893371582031,999.893371582031,,,6.40942668914795,,1,0,0,0,0,35.6793746948242,1,1,1,199.996017456055,0,200.002284579807,90.0000076293945,1,0.000742102302267107,2.5967073704868E-5,0.00074544233645707,2.59778843585301E-5,0.906106889247894,0.973431766033173,31.0675354003906,,30,4,200,-0.000233044469496235,-0.256765276193619,0.0924152284860611,2,,,,,,,,,,,,,,,,
,3959018668.73109,199.996078491211,999.893371582031,,,6,,,,30.7262451900536,,,10,,,,,,,,,,,,,,,,,,,,,,199.996017456055,200.009552001953,999.893371582031,999.893371582031,,,6.40968132019043,,1,0,0,0,0.0002288818359375,35.6793746948242,1,1,1,199.996139526367,0,200.002550760905,90.0000076293945,1,0.000742173302213038,2.59690152553378E-5,0.000745483431423871,2.59791787496657E-5,0.906331062316895,0.973643362522125,31.0667171478271,1.00000047683716,30,4,200,-0.000239341869018972,-0.257100164890289,0.0917790457606316,2,,,,,,,,,,,,,,,,
,3959018689.11969,199.996154785156,999.893371582031,,,6,,,,30.7262451900536,,,10,,,,,,,,,,,,,,,,,,,,,,199.994750976562,200.009826660156,999.893371582031,999.893371582031,,,6.40945959091187,,1,0,0,0,0.0002288818359375,35.6793746948242,1,1,1,199.995742797852,0,200.001388549805,90.0000076293945,1,0.000742136320808919,2.5967905346065E-5,0.000745460254204921,2.5978452002656E-5,0.906251788139343,0.973510384559631,31.0669403076172,0,30,4,200,-0.000227630880544893,-0.257196575403214,0.0919344425201416,2,,,,,,,,,,,,,,,,
,3959018709.78678,199.995422363281,999.893371582031,,,6,,,,30.7262451900536,,,10,,,,,,,,,,,,,,,,,,,,,,199.993942260742,200.012237548828,999.893371582031,999.893371582031,,,6.40978670120239,,1,0,0,0,0,35.190616607666,1,1,1,199.994155883789,0,200.00175052219,90.0000076293945,1,0.000742180341590794,2.59700562124091E-5,0.000745488860793591,2.59794208335614E-5,0.906007170677185,0.973564028739929,31.0678615570068,,30,4,200,-0.000204249343369156,-0.256932199001312,0.0922749564051628,2,,,,,,,,,,,,,,,,
,3959018729.70417,199.99479675293,999.893371582031,,,6,,,,30.7262451900536,,,10,,,,,,,,,,,,,,,,,,,,,,199.994155883789,200.009155273438,999.893371582031,999.893371582031,,,6.40990352630615,,1,0,0,0,0.00030517578125,35.190616607666,1,1,1,199.99543762207,0,200.002005683051,90.0000076293945,1,0.000742122453500876,2.59673503382458E-5,0.000745405031187354,2.59764909954883E-5,0.906278669834137,0.973557829856873,31.0667839050293,0,30,4,200,-0.000206353492103517,-0.257093578577042,0.0918908715248108,2,,,,,,,,,,,,,,,,
,3959018750.0832,199.994369506836,999.893371582031,,,6,,,,30.7262451900536,,,10,,,,,,,,,,,,,,,,,,,,,,199.992553710938,200.00862121582,999.893371582031,999.893371582031,,,6.41078615188599,,1,0,0,0,0.0002288818359375,35.6793746948242,1,1,1,199.992538452148,0,200.000567118327,90.0000076293945,1,0.000742389711346963,2.5977015202027E-5,0.000745700872508019,2.59867216401774E-5,0.906153678894043,0.973682165145874,31.0675182342529,0,30,4,200,-0.00022541698126588,-0.257320195436478,0.0917684882879257,2,,,,,,,,,,,,,,,,
,3959018770.68432,199.993614196777,999.893371582031,,,6,,,,30.7262451900536,,,10,,,,,,,,,,,,,,,,,,,,,,199.990692138672,200.007278442383,999.893371582031,999.893371582031,,,6.41056871414185,,1,0,0,0,0.01129150390625,35.6793746948242,1,1,1,199.993728637695,0,199.99865298801,90.0000076293945,1,0.000742285011039603,2.59738119825171E-5,0.000745620548288862,2.59840087356418E-5,0.905966639518738,0.973556160926819,31.0681838989258,,30,4,200,-0.000187592158908956,-0.257309287786484,0.09192805737257,2,,,,,,,,,,,,,,,,
,3959018791.27103,199.993873596191,999.893371582031,,,6,,,,30.7262451900536,,,10,,,,,,,,,,,,,,,,,,,,,,199.990600585938,200.009353637695,999.893371582031,999.893371582031,,,6.41075086593628,,1,0,0,0,0,35.190616607666,1,1,1,199.993225097656,0,199.99888949924,90.0000076293945,1,0.000742195397110559,2.5970698884346E-5,0.000745508108740726,2.5980242046259E-5,0.905954122543335,0.973324716091156,31.0679779052734,0.099841758608818,30,4,200,-0.000169548948178999,-0.257036805152893,0.0922257080674171,2,,,,,,,,,,,,,,,,
,3959018811.13952,199.993316650391,999.893371582031,,,6,,,,30.7262451900536,,,10,,,,,,,,,,,,,,,,,,,,,,199.993225097656,200.008026123047,999.893371582031,999.893371582031,,,6.41101551055908,,1,0,0,0,0,37.1456527709961,1,1,1,199.993408203125,0,200.000614590115,90.0000076293945,1,0.000742297787991538,2.59736920106682E-5,0.000745591454019153,2.59829518881814E-5,0.906198441982269,0.973623752593994,31.0673942565918,0,30,4,200,-0.000187938843737356,-0.257246553897858,0.09176105260849,2,,,,,,,,,,,,,,,,
,3959018830.65201,199.993713378906,999.893371582031,,,6,,,,30.7262451900536,,,10,,,,,,,,,,,,,,,,,,,,,,199.993240356445,200.006240844727,999.893371582031,999.893371582031,,,6.41114807128906,,1,0,0,0,0,35.6793746948242,1,1,1,199.994186401367,0,200.000011020237,90.0000076293945,1,0.000742324019327088,2.59747019594543E-5,0.000745613226820963,2.59837188396106E-5,0.906158983707428,0.973604679107666,31.0674743652344,0,30,4,200,-0.000200016671442427,-0.257499545812607,0.0916330963373184,2,,,,,,,,,,,,,,,,
,3959018850.10728,199.994262695313,999.893371582031,,,6,,,,30.7262451900536,,,10,,,,,,,,,,,,,,,,,,,,,,199.994323730469,200.007034301758,999.893371582031,999.893371582031,,,6.41089868545532,,1,0,0,0,0,35.190616607666,1,1,1,199.994338989258,0,200.000292460124,90.0000076293945,1,0.00074222785034718,2.59715975027755E-5,0.000745502235089548,2.59798031647457E-5,0.906053066253662,0.973674297332764,31.0680694580078,0,30,4,200,-0.000200750233489089,-0.257429838180542,0.0914386436343193,2,,,,,,,,,,,,,,,,
,3959018869.58131,199.994972229004,999.893371582031,,,6,,,,30.7262451900536,,,10,,,,,,,,,,,,,,,,,,,,,,199.994735717773,200.006774902344,999.893371582031,999.893371582031,,,6.41180086135864,,1,0,0,0,0.000152587890625,35.6793746948242,1,1,1,199.995208740234,0,200.000279744466,90.0000076293945,1,0.000742260341893439,2.59724840564742E-5,0.000745539685170947,2.59811105162352E-5,0.906153202056885,0.973665118217468,31.0675678253174,0,30,4,200,-0.000210346013773233,-0.257619708776474,0.0915160179138184,2,,,,,,,,,,,,,,,,
,3959018889.71145,199.995567321777,999.893371582031,,,6,,,,30.7262451900536,,,10,,,,,,,,,,,,,,,,,,,,,,199.990371704102,200.011428833008,999.893371582031,999.893371582031,,,6.41165399551392,,1,0,0,0,0,35.190616607666,1,1,1,199.995239257813,0,200.000393138212,90.0000076293945,1,0.000742445513415536,2.59795121471791E-5,0.000745729798769675,2.59877208498901E-5,0.905933678150177,0.973698914051056,31.06858253479,0,30,4,200,-0.000210996353416704,-0.257272481918335,0.0920257791876793,2,,,,,,,,,,,,,,,,
,3959018909.57418,199.994300842285,999.893371582031,,,6,,,,30.7262451900536,,,10,,,,,,,,,,,,,,,,,,,,,,199.993179321289,200.008728027344,999.893371582031,999.893371582031,,,6.41181993484497,,1,0,0,0,0.000152587890625,37.6344108581543,1,1,1,199.993179321289,0,200.001409742567,90.0000076293945,1,0.000742373745134092,2.59764899943921E-5,0.000745641463091825,2.59847343163787E-5,0.906140565872192,0.973562955856323,31.0676174163818,1.29781170699061E-7,30,4,200,-0.000208242985536344,-0.257610380649567,0.0915438905358314,2,,,,,,,,,,,,,,,,
,3959018930.26222,199.993537902832,999.893371582031,,,6,,,,30.7262451900536,,,10,,,,,,,,,,,,,,,,,,,,,,199.992340087891,200.009216308594,999.893371582031,999.893371582031,,,6.41179418563843,,1,0,0,0,0.000152587890625,36.1681327819824,1,1,1,199.993148803711,0,200.000147501628,90.0000076293945,1,0.000742387647154774,2.59778664576154E-5,0.000745685269960662,2.59862931245519E-5,0.905777871608734,0.973510265350342,31.0689449310303,0,30,4,200,-0.000201289192773402,-0.257668405771255,0.0917848348617554,2,,,,,,,,,,,,,,,,
,3959018951.06434,199.993728637695,999.893371582031,,,6,,,,30.7262451900536,,,10,,,,,,,,,,,,,,,,,,,,,,199.992523193359,200.010208129883,999.893371582031,999.893371582031,,,6.41216802597046,,1,0,0,0,0.000152587890625,34.2131004333496,1,1,1,199.993515014648,0,200.000401814779,90.0000076293945,1,0.000742480743219529,2.59811139854654E-5,0.000745767125079968,2.59891179659379E-5,0.905783891677856,0.973557651042938,31.0689697265625,1.74087347204477E-6,30,4,200,-0.000200769616640173,-0.257961720228195,0.0914495140314102,2,,,,,,,,,,,,,,,,
,3959018971.9998,199.993835449219,999.893371582031,,,6,,,,30.7262451900536,,,10,,,,,,,,,,,,,,,,,,,,,,199.989898681641,200.009246826172,999.893371582031,999.893371582031,,,6.41192483901978,,1,0,0,0,0.000152587890625,35.6793746948242,1,1,1,199.993133544922,0,199.999900817871,90.0000076293945,1,0.000742384752922188,2.59778897573839E-5,0.000745679708350461,2.59861770915173E-5,0.905732393264771,0.973415493965149,31.0690746307373,0,30,4,200,-0.000185797893209383,-0.258008301258087,0.0913731679320335,2,,,,,,,,,,,,,,,,
,3959018993.07264,199.993743896484,999.893371582031,,,6,,,,30.7262451900536,,,10,,,,,,,,,,,,,,,,,,,,,,199.989273071289,200.008941650391,999.893371582031,999.893371582031,,,6.41234922409058,,1,0,0,0,0.000152587890625,35.6793746948242,1,1,1,199.993408203125,0,199.998968827097,90.0000076293945,1,0.000742386604562901,2.59778200917314E-5,0.000745668328758984,2.59857607783162E-5,0.905781865119934,0.973426103591919,31.0688724517822,0,30,4,200,-0.00018988452211488,-0.257977157831192,0.0913762003183365,2,,,,,,,,,,,,,,,,
,3959019014.10012,199.995735168457,999.893371582031,,,6,,,,30.7262451900536,,,10,,,,,,,,,,,,,,,,,,,,,,199.99040222168,200.011474609375,999.893371582031,999.893371582031,,,6.41192197799683,,1,0,0,0,0.000152587890625,36.1681327819824,1,1,1,199.994232177734,0,200.000367906359,90.0000076293945,1,0.000742594896242019,2.59853606711927E-5,0.000745886926851446,2.59932194393017E-5,0.905683517456055,0.973670542240143,31.0694675445557,0,30,4,200,-0.000204055788344704,-0.258371412754059,0.0910663455724716,2,,,,,,,,,,,,,,,,
,3959019034.79119,199.994583129883,999.893371582031,,,6,,,,30.7262451900536,,,10,,,,,,,,,,,,,,,,,,,,,,199.989517211914,200.010940551758,999.893371582031,999.893371582031,,,6.41263294219971,,1,0,0,0,7.62939453125E-5,35.190616607666,1,1,1,199.9931640625,0,199.999391343859,90.0000076293945,1,0.000742541159004562,2.59837882094717E-5,0.000745840632529884,2.5991646690784E-5,0.90555864572525,0.973609924316406,31.0698738098145,0,30,4,200,-0.000186844918061979,-0.258503019809723,0.0910307541489601,2,,,,,,,,,,,,,,,,
,3959019055.57214,199.994110107422,999.893371582031,,,6,,,,30.7262451900536,,,10,,,,,,,,,,,,,,,,,,,,,,199.989868164062,200.011260986328,999.893371582031,999.893371582031,,,6.41249704360962,,1,0,0,0,0.000152587890625,35.190616607666,1,1,1,199.99333190918,0,199.999738057454,90.0000076293945,1,0.00074248905208029,2.59819815195448E-5,0.000745798282093483,2.59902496412622E-5,0.905551671981812,0.973494529724121,31.0697784423828,0,30,4,200,-0.000190697639482096,-0.258555084466934,0.0909415110945702,2,,,,,,,,,,,,,,,,
,3959019076.24156,199.993537902832,999.893371582031,,,6,,,,30.7262451900536,,,10,,,,,,,,,,,,,,,,,,,,,,199.989959716797,200.010879516602,999.893371582031,999.893371582031,,,6.4128155708313,,1,0,0,0,0.000152587890625,35.190616607666,1,1,1,199.992721557617,0,199.999492221408,90.0000076293945,1,0.000742608584797611,2.59862772841035E-5,0.000745924425248379,2.59945183522098E-5,0.905505537986755,0.973677754402161,31.0702171325684,0,30,4,200,-0.000217528300709091,-0.258983433246613,0.0905936509370804,2,,,,,,,,,,,,,,,,
,3959019096.93159,199.992736816406,999.917633056641,,,6,,,,30.7262451900536,,,10,,,,,,,,,,,,,,,,,,,,,,199.98876953125,200.010131835938,999.893371582031,999.978332519531,,,6.41278505325317,,1,0,0,0,0.000152587890625,35.6793746948242,1,1,1,199.991928100586,0,199.998402913411,90.0000076293945,1,0.00073639449287281,2.57722537011569E-5,0.000739549350484929,2.57797688313609E-5,0.904118001461029,0.964389681816101,31.0627536773682,0,30,4,200,-0.000684520113281906,-0.259188950061798,0.109950318932533,2,,,,,,,,,,,,,,,,
,3959019117.60396,199.993324279785,999.94189453125,,,6,,,,30.7262451900536,,,10,,,,,,,,,,,,,,,,,,,,,,199.990447998047,200.00959777832,999.94189453125,999.94189453125,,,6.41286706924439,,1,0,0,0,7.62939453125E-5,35.190616607666,1,1,1,199.993026733398,0,199.999359130859,90.0000076293945,1,0.000742774620361719,2.59921141773354E-5,0.000746055806119039,2.59991184385769E-5,0.905490756034851,0.973631918430328,31.0701923370361,0.0999007746577263,30,4,200,-0.000233467158977874,-0.351204484701157,-0.00160838896408677,2,,,,,,,,,,,,,,,,
,3959019138.37774,199.993156433105,999.94189453125,,,6,,,,30.7262451900536,,,10,,,,,,,,,,,,,,,,,,,,,,199.988372802734,200.011032104492,999.94189453125,999.94189453125,,,6.4131178855896,,1,0,0,0,7.62939453125E-5,35.190616607666,1,1,1,199.992172241211,0,199.998320685493,90.0000076293945,1,0.000742724067360841,2.59903549347188E-5,0.000746013746789214,2.59977076566342E-5,0.905491292476654,0.973568081855774,31.0700435638428,1,30,4,200,-0.000210655285627581,-0.351276755332947,-0.0016172161558643,2,,,,,,,,,,,,,,,,
,3959019158.9803,199.993728637695,999.94189453125,,,6,,,,30.7262451900536,,,10,,,,,,,,,,,,,,,,,,,,,,199.990844726562,200.009429931641,999.94189453125,999.94189453125,,,6.41338300704956,,1,0,0,0,0.000152587890625,35.190616607666,1,1,1,199.993988037109,0,199.999753316243,81.0528030395508,5,0.000742681839152132,2.59877962483932E-5,0.000745910145418697,2.59942387677257E-5,0.905925631523132,0.973352909088135,31.0679569244385,0,30,4,200,-0.000240311434026808,-0.351931095123291,-0.00232469476759434,2,,,,,,,,,,,,,,,,
,3959019179.70467,199.99454498291,999.94189453125,,,6,,,,30.7262451900536,,,10,,,,,,,,,,,,,,,,,,,,,,199.990173339844,200.01237487793,999.94189453125,999.94189453125,,,6.41314077377319,,1,0,0,0,0.00030517578125,35.6793746948242,1,1,1,199.993377685547,0,200.000456915961,41.2896003723145,5,0.000723782848509447,2.53108823303286E-5,0.000726237458223612,2.5314455447609E-5,0.912663221359253,0.965833723545074,31.0305938720703,0,30,4,200,-0.000541904126293957,-0.35044139623642,-0.00306254369206727,2,,,,,,,,,,,,,,,,
,3959019200.27666,199.994812011719,999.94189453125,,,6,,,,30.7262451900536,,,10,,,,,,,,,,,,,,,,,,,,,,199.992218017578,200.011444091797,999.94189453125,999.94189453125,,,6.41345453262329,,1,0,0,0,0.00030517578125,35.190616607666,1,1,1,199.994491577148,0,200.001074049208,1.58400011062622,5,0.000690133127792386,2.40845147535136E-5,0.000691047121976471,2.40869726675267E-5,0.940560817718506,0.966897547245026,30.9138679504395,0,30,4,200,-0.000291232136078179,-0.335533171892166,-0.00980942137539387,2,,,,,,,,,,,,,,,,
,3959019220.93547,199.994972229004,999.94189453125,,,6,,,,30.7262451900536,,,10,,,,,,,,,,,,,,,,,,,,,,199.989364624023,200.011917114258,999.94189453125,999.94189453125,,,6.41404008865356,,1,0,0,0,0.00030517578125,35.190616607666,1,1,1,199.993743896484,0,199.999767727322,-38.1168022155762,5,0.000701654875846271,2.44884594272197E-5,0.000702344903370141,2.44901602044294E-5,0.939294457435608,0.956834673881531,30.8892917633057,0,30,4,200,5.31846308149397E-5,-0.339764535427094,-0.00897884462028742,2,,,,,,,,,,,,,,,,
,3959019241.59675,199.994270324707,999.94189453125,,,6,,,,30.7262451900536,,,10,,,,,,,,,,,,,,,,,,,,,,199.988586425781,200.012390136719,999.94189453125,999.94189453125,,,6.41417121887207,,1,0,0,0,0.012054443359375,35.190616607666,1,1,1,199.993118286133,0,199.999447292752,-77.7648010253906,5,0.000738099424647928,2.57709187368663E-5,0.000739399176704613,2.57720387745837E-5,0.932942986488342,0.967222988605499,30.9487781524658,4.41221163782757E-5,30,4,200,1.05215494841104E-5,-0.352587759494782,-0.00476226955652237,2,,,,,,,,,,,,,,,,
,3959019262.31522,199.994094848633,999.94189453125,,,6,,,,30.7262451900536,,,10,,,,,,,,,,,,,,,,,,,,,,199.990249633789,200.011917114258,999.94189453125,999.94189453125,,,6.41414976119995,,1,0,0,0,0.0005340576171875,35.6793746948242,1,1,1,199.99348449707,0,200.000147501628,-117.513603210449,5,0.000733951558718951,2.56904557065784E-5,0.000737257023178153,2.56940160651703E-5,0.902644276618958,0.971485555171967,31.077974319458,0,30,4,200,-0.000332839001202956,-0.354113012552261,-0.00429573561996222,2,,,,,,,,,,,,,,,,
,3959019282.98868,199.99388885498,999.94189453125,,,6,,,,30.7262451900536,,,10,,,,,,,,,,,,,,,,,,,,,,199.988586425781,200.010467529297,999.94189453125,999.94189453125,,,6.41419696807861,,1,0,0,0,0.0003814697265625,36.1681327819824,1,1,1,199.992645263672,0,199.999059889052,-157.281600952148,5,0.00069191716111143,2.43018594220255E-5,0.000697392387103813,2.4307981714591E-5,0.872676134109497,0.967084169387817,31.193187713623,5.58508634567261,30,4,200,-0.000243373244302347,-0.341341733932495,-0.00923457648605108,2,,,,,,,,,,,,,,,,
,3959019303.68264,199.993713378906,999.94189453125,,,6,,,,30.7262451900536,,,10,,,,,,,,,,,,,,,,,,,,,,199.989349365234,200.009689331055,999.94189453125,999.94189453125,,,6.41465616226196,,1,0,0,0,7.62939453125E-5,35.190616607666,1,1,1,199.993530273438,0,199.999184502496,-197.332809448242,5,0.000686707299221469,2.41479482761073E-5,0.000692875373010425,2.41569711363801E-5,0.863699972629547,0.959821820259094,31.2249450683594,0,30,4,200,-7.84023068263195E-5,-0.337287098169327,-0.0123344166204333,2,,,,,,,,,,,,,,,,
,3959019324.39406,199.994018554687,999.94189453125,,,6,,,,30.7262451900536,,,10,,,,,,,,,,,,,,,,,,,,,,199.98828125,200.012649536133,999.94189453125,999.94189453125,,,6.41477870941162,,1,0,0,0,0.0003814697265625,34.2131004333496,1,1,1,199.992279052734,0,199.999438815647,-236.980804443359,5,0.000723020095288901,2.54091470320024E-5,0.000728950931053217,2.5412494604194E-5,0.868236720561981,0.962083220481873,31.2071380615234,0.0990705862641335,30,4,200,-0.000133089590235613,-0.35173374414444,-0.00732342479750514,2,,,,,,,,,,,,,,,,
,3959019344.89511,199.993942260742,999.94189453125,,,6,,,,30.7262451900536,,,10,,,,,,,,,,,,,,,,,,,,,,199.989181518555,200.011917114258,999.94189453125,999.94189453125,,,6.41499376296997,,1,0,0,0,0.000762939453125,35.190616607666,1,1,1,199.993347167969,0,199.998976763557,-274.747222900391,5,0.000738044708764057,2.5859957691848E-5,0.000742193731614192,2.58676720335119E-5,0.892828941345215,0.969399213790894,31.1140689849854,0,30,4,200,-0.000459773407783359,-0.354283839464188,-0.00510953739285469,2,,,,,,,,,,,,,,,,
,3959020525.65274,199.994178771973,360.934982299805,,,6,,,,30.7262451900536,,,1000,,,,,,,,,,,,,,,,,,,,,,199.989944458008,200.019088745117,-658.000244140625,1000.02685546875,,,6.42613172531128,,1,0,0,0,0.000152587890625,34.2131004333496,1,2,1,199.992141723633,0,200.003497852999,90.0000076293945,1,-0.012502104278596,0.00152717051920908,-0.0135137165164167,0.00153893064282451,0.0415285378694534,0.0479392111301422,32.8056488037109,0,30,4,200,0.0293208826333284,-4.90712404251099,0.743636310100555,2,,,,,,,,,,,,,,,,
,3959020555.72392,199.995864868164,-169.228699192405,,,6,,,,30.7262451900536,,,1000,,,,,,,,,,,,,,,,,,,,,,199.990219116211,200.01416015625,-338.202453613281,215.039840698242,,,6.42587852478027,,1,0,0,0,0.0002288818359375,35.190616607666,1,6,1,199.998794555664,0,200.003644441303,90.0000076293945,1,-0.0113016477403692,0.00355750929402234,-0.0479388724611054,0.00385754593559691,0.00614285562187433,0.0985702946782112,40.2728729248047,0.206347018480301,30,4,200,-0.00451277568936348,-0.547316253185272,0.796649396419525,2,,,,,,,,,,,,,,,,
,3959020581.7782,199.011894226074,-0.254944771528244,,,6,,,,30.7262451900536,,,1,,,,,,,,,,,,,,,,,,,,,,198.086364746094,200.017486572266,-0.254944771528244,-0.254944771528244,,,6.42129850387573,,1,0,0,0,0.00030517578125,35.190616607666,1,1,1,198.023834228516,0,199.400898121021,90.0000076293945,1,-7.98106108741124E-7,2.81164604683944E-8,-8.03588787687694E-7,2.81303759724676E-8,0.851177036762238,0.90177708864212,31.1498107910156,5.58120155334473,30,4,200,-0.00116605160292238,-0.412613153457642,-0.000493015628308058,2,,,,,,,,,,,,,,,,
,3959020607.8156,195.749389648438,-0.254944771528244,,,6,,,,30.7262451900536,,,1,,,,,,,,,,,,,,,,,,,,,,193.784545898438,197.835433959961,-0.254944771528244,-0.254944771528244,,,6.41564464569092,,1,0,0,0,0.000152587890625,35.190616607666,2,1,1,193.663345336914,0,196.066499498155,90.0000076293945,1,-8.15920552569777E-7,2.87725709719074E-8,-8.21855708920262E-7,2.87879175664439E-8,0.844800531864166,0.895631849765778,31.1618099212646,0,30,4,200,-0.000454163528047502,-0.423113912343979,-0.412222683429718,2,,,,,,,,,,,,,,,,
,3959020629.00907,189.546188354492,-0.254944771528244,,,6,,,,30.7262451900536,,,1,,,,,,,,,,,,,,,,,,,,,,185.803024291992,193.289352416992,-0.254944771528244,-0.254944771528244,,,6.409752368927,,1,0,0,0,0.000152587890625,35.6793746948242,2,1,1,185.803024291992,0,189.943295127467,90.0000076293945,1,-8.08022195422423E-7,3.00083487048659E-8,-8.10640018945665E-7,3.00162670815965E-8,0.653450071811676,0.66109973192215,31.011589050293,,30,4,200,-0.00070331257302314,-0.442893624305725,-0.420059561729431,2,,,,,,,,,,,,,,,,
,3959020650.18202,183.185188293457,-0.254944771528244,,,6,,,,30.7262451900536,,,1,,,,,,,,,,,,,,,,,,,,,,180.985610961914,185.477294921875,-0.254944771528244,-0.254944771528244,,,6.40818071365356,,1,0,0,0,0.000152587890625,34.2131004333496,2,1,1,180.893081665039,0,182.9244172838,90.0000076293945,1,-8.92731736170457E-7,3.14629965035172E-8,-8.98810373108701E-7,3.14774083041161E-8,0.848491609096527,0.89747816324234,31.1483325958252,3.98090960516129E-5,30,4,200,-0.000810316356364638,-0.458075284957886,-0.44111379981041,2,,,,,,,,,,,,,,,,
,3959020671.26852,180.247085571289,-0.254944771528244,,,6,,,,30.7262451900536,,,1,,,,,,,,,,,,,,,,,,,,,,179.658721923828,180.83544921875,-0.254944771528244,-0.254944771528244,,,6.40746068954468,,1,0,0,0,0.00030517578125,35.6793746948242,6,1,1,179.658721923828,0,180.156135157535,90.0000076293945,1,-9.33278909410915E-7,3.28848350468844E-8,-9.40142556128627E-7,3.29008566053786E-8,0.84990793466568,0.904798924922943,31.168004989624,7.50331211090088,30,4,200,-0.00058329151943326,-0.469389766454697,-0.455495655536652,2,,,,,,,,,,,,,,,,
,3959020692.42782,179.57022857666,-0.254944771528244,,,6,,,,30.7262451900536,,,1,,,,,,,,,,,,,,,,,,,,,,179.471038818359,179.697418212891,-0.254944771528244,-0.254944771528244,,,6.40810489654541,,1,0,0,0,0.000152587890625,35.190616607666,6,1,1,179.483123779297,0,179.58310819927,90.0000076293945,1,-9.32028203771147E-7,3.29331830647174E-8,-9.38065741195032E-7,3.29476559049512E-8,0.832651257514954,0.872576355934143,31.1398811340332,5.33944039489143E-5,30,4,200,-0.000480604649055749,-0.478348225355148,-0.465984404087067,2,,,,,,,,,,,,,,,,
,3959020713.44587,179.510513305664,-0.254944771528244,,,6,,,,30.7262451900536,,,1,,,,,,,,,,,,,,,,,,,,,,179.487167358398,179.636077880859,-0.254944771528244,-0.254944771528244,,,6.40793704986572,,1,0,0,0,0.00030517578125,35.190616607666,6,1,1,179.501831054687,0,179.557473076714,90.0000076293945,1,-9.27256310987109E-7,3.29192829077003E-8,-9.3165124728143E-7,3.29301344776166E-8,0.807331323623657,0.830847561359406,31.0797328948975,5.57492017745972,30,4,200,-0.000437029986642301,-0.485747486352921,-0.47409588098526,2,,,,,,,,,,,,,,,,
,3959020734.17163,179.531707763672,-0.254944771528244,,,6,,,,30.7262451900536,,,1,,,,,,,,,,,,,,,,,,,,,,179.502548217773,179.642822265625,-0.254944771528244,-0.254944771528244,,,6.40890264511108,,1,0,0,0,0.0002288818359375,35.190616607666,6,1,1,179.535125732422,0,179.571948581272,90.0000076293945,1,-9.35893292798252E-7,3.32365979901084E-8,-9.3986709708589E-7,3.32468975426206E-8,0.805732488632202,0.82635623216629,31.0609741210937,0,30,4,200,-0.000459729053545743,-0.493140488862991,-0.481201231479645,2,,,,,,,,,,,,,,,,
,3959020754.72125,179.572463989258,-0.254944771528244,,,6,,,,30.7262451900536,,,1,,,,,,,,,,,,,,,,,,,,,,179.535003662109,179.668960571289,-0.254944771528244,-0.254944771528244,,,6.4091682434082,,1,0,0,0,0.000152587890625,35.6793746948242,6,1,1,179.578750610352,0,179.604616800944,90.0000076293945,1,-1.15172269070975E-6,4.94556354592686E-8,-1.15284359084959E-6,4.94605802397752E-8,0.41533637046814,0.416320562362671,30.8938999176025,INF,30,4,200,1.71293686435092E-5,-0.492666393518448,-0.480516940355301,2,,,,,,,,,,,,,,,,
,3959020775.33212,179.603164672852,-0.254944771528244,,,6,,,,30.7262451900536,,,1,,,,,,,,,,,,,,,,,,,,,,179.557220458984,179.702301025391,-0.254944771528244,-0.254944771528244,,,6.40995454788208,,1,0,0,0,0.000152587890625,35.6793746948242,6,1,1,179.60905456543,0,179.63414804559,90.0000076293945,1,-1.44067028374271E-6,7.04374248162819E-8,-1.45108081144754E-6,7.04714730113067E-8,0.298349022865295,0.303259074687958,31.1951713562012,0,30,4,200,0.000594732351601124,-0.491091132164001,-0.464699149131775,2,,,,,,,,,,,,,,,,
,3959020796.21895,179.653007507324,-0.254944771528244,,,6,,,,30.7262451900536,,,1,,,,,,,,,,,,,,,,,,,,,,179.601699829102,179.719039916992,-0.254944771528244,-0.254944771528244,,,6.40957403182983,,1,0,0,0,0.000152587890625,36.1681327819824,6,1,1,179.672714233398,0,179.669811473173,90.0000076293945,1,-1.36857633616912E-6,7.64806005567807E-8,-1.36889567666289E-6,7.6479725494821E-8,0.218082249164581,0.21820393204689,30.63307762146,0,30,4,200,0.000203701420105062,-0.473231673240662,-0.45322722196579,2,,,,,,,,,,,,,,,,
,3959020816.52895,179.721778869629,-0.254944771528244,,,6,,,,30.7262451900536,,,1,,,,,,,,,,,,,,,,,,,,,,179.685943603516,179.787887573242,-0.254944771528244,-0.254944771528244,,,6.41020154953003,,1,0,0,0,0.000152587890625,36.6568908691406,6,1,1,179.757614135742,0,179.745006985135,90.0000076293945,1,-9.35858947781373E-7,5.39388203650707E-8,-9.36862062691125E-7,5.39393626993229E-8,0.203340694308281,0.203828021883965,30.5420989990234,0,30,4,200,-0.00132653082255274,-0.468269854784012,-0.44236832857132,2,,,,,,,,,,,,,,,,
,3959020837.1037,179.824951171875,-0.254944771528244,,,6,,,,30.7262451900536,,,1,,,,,,,,,,,,,,,,,,,,,,179.769821166992,179.899978637695,-0.254944771528244,-0.254944771528244,,,6.41093254089356,,1,0,0,0,0.0113677978515625,36.6568908691406,1,1,1,179.880081176758,0,179.840305752224,90.0000076293945,1,-1.76396574955698E-6,1.0580719288475E-7,-1.76476179502504E-6,1.05812484108731E-7,0.185939341783524,0.186105653643608,30.8447399139404,0,30,4,200,0.000143186261993833,-0.465056955814362,-0.44086891412735,2,,,,,,,,,,,,,,,,
