[Header]
; MPMS3 Data File (default extension .dat)
; Copyright (c) 2007, Quantum Design, Inc. All rights reserved.
TITLE,
FILEOPENTIME,3959009016.97201,06/13/2025,8:43 pm
BYAPP,MPMS3 w/ AC,1.0,1.1
INFO,MPMS3 Measurement Release 1.2.2 Build 0, MultiVu Release 2.3.5.2,APPNAME
INFO,Linear Motor Servo Controller,MOTOR_MODULE_NAME
INFO,3101-100 N4,MOTOR_HW_VERSION
INFO,MMC1299,MOTOR_SERIAL_NUMBER
INFO,01.04.28,MOTOR_SOFTWARE_VERSION
INFO,Quantum Design Squid Module,SQUID_MODULE_NAME
INFO,3101-501 B0,SQUID_HW_VERSION
INFO,SQM364,SQUID_SERIAL_NUMBER
INFO,01.03.04,SQUID_SOFTWARE_VERSION
INFO,Quantum Design VSM Oven,OVEN_MODULE_NAME
INFO,3101-201 A3,OVEN_HW_VERSION
INFO,OVB387,OVEN_SERIAL_NUMBER
INFO,01.07.07,OVEN_SOFTWARE_VERSION
INFO,SQUID AC,AC_MODULE_NAME
INFO,3101-401 G0,AC_HW_VERSION
INFO,SAC242,AC_SERIAL_NUMBER
INFO,SQUID AC 00.95.11,AC_SOFTWARE_VERSION
INFO,TCI374,COIL_SERIAL_NUMBER
INFO,0,MOMENT_UNITS
INFO,Fe3O4,SAMPLE_MATERIAL
INFO,powder,SAMPLE_COMMENT
INFO,61.2,SAMPLE_MASS
INFO,,SAMPLE_VOLUME
INFO,,SAMPLE_MOLECULAR_WEIGHT
INFO,,SAMPLE_SIZE
INFO,,SAMPLE_SHAPE
INFO,Rotator,SAMPLE_HOLDER
INFO,Standard,SAMPLE_HOLDER_DETAIL
INFO,67.43,SAMPLE_OFFSET
DATATYPE,COMMENT,1
DATATYPE,TIME,2
STARTUPAXIS,X,2
STARTUPAXIS,Y1,5
FIELDGROUP, VSM,2,3,4,5,6,8,9,10,11,14,15
FIELDGROUP, DC, 2,3,4,14,56,57,58,59,60,61,62,63,64,65,66,67,68,69
FIELDGROUP, AC, 2,3,4,11,16,17,18,19,20,21,22,23,24,25,26,27,28,29,30
STARTUPGROUP, All
[Data]
Comment,Time Stamp (sec),Temperature (K),Magnetic Field (Oe),Moment (emu),M. Std. Err. (emu),Transport Action,Averaging Time (sec),Frequency (Hz),Peak Amplitude (mm),Center Position (mm),Lockin Signal' (V),Lockin Signal (V),Range,M. Quad. Signal (emu),AC Moment (emu),AC M. Std Err. (emu),AC Phase (deg),AC Phase Std. Err. (deg),AC Susceptibility (emu/Oe),AC Suscept. Std Err. (emu/Oe),AC X' (emu/Oe),AC X' Std Err. (emu/Oe),AC X'' (emu/Oe),AC X'' Std Err. (emu/Oe),AC Drive (Oe),AC Frequency (Hz),AC Averaging Time (sec),AC Cycles,AC Range,AC Measure Type,AC Signal' (V),AC Signal'' (V),AC Trim Coil Ratio,AC Trim Coil Phase,Min. Temperature (K),Max. Temperature (K),Min. Field (Oe),Max. Field (Oe),Mass (grams),Motor Lag (deg),Pressure (Torr),Measure Count,Measurement Number,SQUID Status (code),Motor Status (code),Measure Status (code),Motor Current (amps),Motor Temp. (C),Temp. Status (code),Field Status (code),Chamber Status (code),Chamber Temp (K),Redirection State,Average Temp (K),Rotation Angle (deg),Rotator state,DC Moment Fixed Ctr (emu),DC Moment Err Fixed Ctr (emu),DC Moment Free Ctr (emu),DC Moment Err Free Ctr (emu),DC Fixed Fit,DC Free Fit,DC Calculated Center (mm),DC Calculated Center Err (mm),DC Scan Length (mm),DC Scan Time (s),DC Number of Points,DC Squid Drift,DC Min V (V),DC Max V (V),DC Scans per Measure,He3 temp,Map 02,Map 03,Map 04,Map 05,Map 06,Map 07,Map 08,Map 09,Map 10,Map 11,Map 12,Map 13,Map 14,Map 15,Map 16
,3959009027.85251,30.8280382156372,999.626220703125,,,6,,,,30.7262451900536,,,100,,,,,,,,,,,,,,,,,,,,,,30.0004653930664,31.5323657989502,999.626220703125,999.626220703125,,,5.81460666656494,,1,0,0,0,7.62939453125E-5,36.1681327819824,6,1,1,31.6555595397949,0,30.4835524308054,90.0000076293945,1,0.00367627135932105,0.000128110475653187,0.00367734283950145,0.00012811579442253,0.974544942378998,0.987819731235504,30.8106079101562,2.51577148446813E-6,30,4,200,-0.000111145753180608,-0.148408085107803,0.0229681991040707,2,,,,,,,,,,,,,,,,
,3959009048.83743,33.295202255249,999.626220703125,,,6,,,,30.7262451900536,,,100,,,,,,,,,,,,,,,,,,,,,,31.7599754333496,34.7418518066406,999.626220703125,999.626220703125,,,5.84545183181763,,1,0,0,0,0.000152587890625,35.6793746948242,2,1,1,34.8304290771484,0,33.2244267993503,90.0000076293945,1,0.00355025548751213,0.000123722399003355,0.00355131777680043,0.000123727754221017,0.97352659702301,0.986241579055786,30.8116016387939,0,30,4,200,-0.000104288534203079,-0.145024165511131,0.0212239101529121,2,,,,,,,,,,,,,,,,
,3959009069.72109,36.4802169799805,999.626220703125,,,6,,,,30.7262451900536,,,100,,,,,,,,,,,,,,,,,,,,,,34.9753189086914,37.8173522949219,999.626220703125,999.626220703125,,,5.87395095825195,,1,0,0,0,0,36.1681327819824,2,1,1,38.0290985107422,0,36.3661668565538,90.0000076293945,1,0.00341765801311383,0.00011910325331813,0.0034187271393679,0.000119108694510904,0.972979664802551,0.985994219779968,30.8134727478027,0,30,4,200,-9.9509627034422E-5,-0.140855699777603,0.0193187464028597,2,,,,,,,,,,,,,,,,
,3959009089.56135,39.5236206054687,999.626220703125,,,6,,,,30.7262451900536,,,100,,,,,,,,,,,,,,,,,,,,,,38.0290985107422,40.9238891601562,999.626220703125,999.626220703125,,,5.89892673492432,,1,0,0,0,0,35.6793746948242,2,1,1,41.0181427001953,0,39.4720005708582,90.0000076293945,1,0.00329727135168364,0.000114908619690858,0.0032983290326316,0.000114913321399891,0.972743630409241,0.986451745033264,30.8155212402344,0,30,4,200,-9.97684473986737E-5,-0.136890232563019,0.0175137482583523,2,,,,,,,,,,,,,,,,
,3959009109.00179,42.5639457702637,999.626220703125,,,6,,,,30.7262451900536,,,100,,,,,,,,,,,,,,,,,,,,,,41.0181427001953,43.9449272155762,999.626220703125,999.626220703125,,,5.92513418197632,,1,0,0,0,0.01129150390625,35.6793746948242,2,1,1,44.109748840332,0,42.5079184638129,90.0000076293945,1,0.00317803074150281,0.000110755121916901,0.00317909410746828,0.000110759704909115,0.9720818400383,0.986093938350678,30.8176403045654,4.4867674660054E-6,30,4,200,-9.73237256403081E-5,-0.133132487535477,0.0158134829252958,2,,,,,,,,,,,,,,,,
,3959009128.51029,45.6045513153076,999.626220703125,,,6,,,,30.7262451900536,,,100,,,,,,,,,,,,,,,,,,,,,,44.109748840332,47.0394020080566,999.626220703125,999.626220703125,,,5.94858741760254,,1,0,0,0,0,36.1681327819824,2,1,1,47.0993537902832,0,45.5580350090476,90.0000076293945,1,0.00306403657956171,0.000106784136641718,0.00306511630917803,0.000106788788315287,0.971507251262665,0.986049473285675,30.8200225830078,7.58872413635254,30,4,200,-9.21731552807614E-5,-0.129415526986122,0.0141601637005806,2,,,,,,,,,,,,,,,,
,3959009148.42363,48.3976020812988,999.626220703125,,,6,,,,30.7262451900536,,,100,,,,,,,,,,,,,,,,,,,,,,47.2655143737793,49.5296897888184,999.626220703125,999.626220703125,,,5.96157264709473,,1,0,0,0,0,36.1681327819824,2,1,1,49.5296897888184,0,48.559391869439,90.0000076293945,1,0.0029546650966768,0.000102971808626083,0.00295576108324932,0.000102976594809486,0.971717238426209,0.98769336938858,30.822359085083,7.58947086334228,30,4,200,-7.94298612163402E-5,-0.125627756118774,0.012526853941381,2,,,,,,,,,,,,,,,,
,3959009167.84392,49.7346267700195,999.626220703125,,,6,,,,30.7262451900536,,,100,,,,,,,,,,,,,,,,,,,,,,49.5504837036133,49.9116477966309,999.626220703125,999.626220703125,,,5.96636056900024,,1,0,0,0,0,34.7018585205078,6,1,1,49.9187698364258,0,49.7779870874742,90.0000076293945,1,0.00292360388754513,0.000101887280056287,0.00292470753427077,0.000101892092629238,0.972440659999847,0.990029036998749,30.823205947876,0,30,4,200,-4.26221522502601E-5,-0.123627513647079,0.0117959873750806,2,,,,,,,,,,,,,,,,
,3959009187.3526,49.9525032043457,999.626220703125,,,6,,,,30.7262451900536,,,100,,,,,,,,,,,,,,,,,,,,,,49.920841217041,49.9814033508301,999.626220703125,999.626220703125,,,5.97046613693237,,1,0,0,0,0,35.190616607666,5,1,1,49.9841651916504,0,49.9576315038344,90.0000076293945,1,0.00292105661821462,0.000101798785753853,0.00292215880997188,0.000101803277421092,0.972338318824768,0.990040600299835,30.823637008667,0,30,4,200,-4.25637190346606E-5,-0.123550824820995,0.0117007903754711,2,,,,,,,,,,,,,,,,
,3959009206.53265,49.9926166534424,999.626220703125,,,6,,,,30.7262451900536,,,100,,,,,,,,,,,,,,,,,,,,,,49.9847602844238,49.9998207092285,999.626220703125,999.626220703125,,,5.97428464889526,,1,0,0,0,0,36.1681327819824,5,1,1,50.0004730224609,0,49.9939631293802,90.0000076293945,1,0.0029207007731972,0.000101786545714999,0.00292181644655391,0.000101791334119566,0.972285449504852,0.990068197250366,30.8239002227783,0,30,4,200,-4.29886058554985E-5,-0.123608894646168,0.0116236452013254,2,,,,,,,,,,,,,,,,
,3959009225.93818,50.0021495819092,999.626220703125,,,6,,,,30.7262451900536,,,100,,,,,,,,,,,,,,,,,,,,,,50.0004730224609,50.0044784545898,999.626220703125,999.626220703125,,,5.9784083366394,,1,0,0,0,0,36.1681327819824,5,1,1,50.0038261413574,0,50.002384185791,90.0000076293945,1,0.00292073021518054,0.000101787726593697,0.00292183919335832,0.00010179210771935,0.972230195999145,0.990085482597351,30.8241539001465,0,30,4,200,-4.50863190053497E-5,-0.123671054840088,0.0115691497921944,2,,,,,,,,,,,,,,,,
,3959009245.35927,50.0030746459961,999.626220703125,,,6,,,,30.7262451900536,,,100,,,,,,,,,,,,,,,,,,,,,,50.0010871887207,50.0049438476562,999.626220703125,999.626220703125,,,5.98226833343506,,1,0,0,0,0,35.190616607666,1,1,1,50.0023231506348,0,50.0030203426585,90.0000076293945,1,0.00292081814024419,0.000101790860989448,0.00292192816447066,0.000101795185999663,0.972200691699982,0.990093529224396,30.8242855072022,0,30,4,200,-4.2356663470855E-5,-0.123713344335556,0.0115217212587595,2,,,,,,,,,,,,,,,,
,3959009264.79993,50.002254486084,999.626220703125,,,6,,,,30.7262451900536,,,100,,,,,,,,,,,,,,,,,,,,,,49.9996109008789,50.0037231445313,999.626220703125,999.626220703125,,,5.98731851577759,,1,0,0,0,0,36.1681327819824,1,1,1,50.0017776489258,0,50.001565085517,90.0000076293945,1,0.00292090561724457,0.000101793968877632,0.00292202335317284,0.000101798430716974,0.97216808795929,0.990131735801697,30.8244762420654,,30,4,200,-4.25751568400301E-5,-0.123759441077709,0.0114820133894682,2,,,,,,,,,,,,,,,,
,3959009284.1556,50.0013065338135,999.626220703125,,,6,,,,30.7262451900536,,,100,,,,,,,,,,,,,,,,,,,,,,49.9991455078125,50.0028877258301,999.626220703125,999.626220703125,,,5.9913763999939,,1,0,0,0,0,36.1681327819824,1,1,1,50.0008354187012,0,50.0009936164407,90.0000076293945,1,0.00292103998739279,0.000101798735912509,0.00292215595390299,0.000101803070767385,0.972147941589356,0.990138173103332,30.8245639801025,,30,4,200,-4.16210605180822E-5,-0.123809054493904,0.0114370537921786,2,,,,,,,,,,,,,,,,
,3959009303.18036,50.001033782959,999.626220703125,,,6,,,,30.7262451900536,,,100,,,,,,,,,,,,,,,,,,,,,,49.9990005493164,50.0023040771484,999.626220703125,999.626220703125,,,5.99546527862549,,1,0,0,0,0,36.1681327819824,1,1,1,50.0012321472168,0,50.0007057189941,90.0000076293945,1,0.00292106295438739,0.000101799570728192,0.00292217269921193,0.000101803658114252,0.972143828868866,0.990156948566437,30.8246021270752,0,30,4,200,-4.19631141994614E-5,-0.123863779008389,0.0113918399438262,2,,,,,,,,,,,,,,,,
,3959009322.58465,50.0008373260498,999.626220703125,,,6,,,,30.7262451900536,,,100,,,,,,,,,,,,,,,,,,,,,,49.998592376709,50.002571105957,999.626220703125,999.626220703125,,,6.00050067901611,,1,0,0,0,0,35.6793746948242,1,1,1,50.0004425048828,0,50.0006807115343,90.0000076293945,1,0.00292103835590044,0.000101798669240883,0.00292215159307104,0.000101802872878765,0.9721440076828,0.990163207054138,30.8246269226074,0,30,4,200,-3.94642484025098E-5,-0.123905897140503,0.0113419992849231,2,,,,,,,,,,,,,,,,
,3959009342.0094,50.0006351470947,999.626220703125,,,6,,,,30.7262451900536,,,100,,,,,,,,,,,,,,,,,,,,,,49.9987297058105,50.002140045166,999.626220703125,999.626220703125,,,6.00560998916626,,1,0,0,0,0,35.6793746948242,1,1,1,50.000602722168,0,50.0004734463162,90.0000076293945,1,0.00292110916259987,0.000101801229809135,0.00292222862814194,0.00010180558364023,0.972128629684448,0.990185439586639,30.8247013092041,,30,4,200,-4.4720964069711E-5,-0.123941853642464,0.0113009568303823,2,,,,,,,,,,,,,,,,
,3959009361.50711,50.001049041748,999.626220703125,,,6,,,,30.7262451900536,,,100,,,,,,,,,,,,,,,,,,,,,,49.9985771179199,50.0020523071289,999.626220703125,999.626220703125,,,6.00920534133911,,1,0,0,0,0,36.6568908691406,1,1,1,50.0013160705566,0,50.0003208584256,90.0000076293945,1,0.00292115236829527,0.000101802763280152,0.00292227599168845,0.000101807199397676,0.972117304801941,0.990215361118317,30.8248100280762,7.58820867538452,30,4,200,-4.90110505779739E-5,-0.123998314142227,0.0112630082294345,2,,,,,,,,,,,,,,,,
,3959009380.96738,50.0009155273438,999.626220703125,,,6,,,,30.7262451900536,,,100,,,,,,,,,,,,,,,,,,,,,,49.998706817627,50.002384185791,999.626220703125,999.626220703125,,,6.01244592666626,,1,0,0,0,0,35.190616607666,1,1,1,50.0005149841309,0,50.0005524579216,90.0000076293945,1,0.00292116083815934,0.000101803148154004,0.0029222830790599,0.000101807460840033,0.972090303897858,0.990213871002197,30.8249053955078,0,30,4,200,-4.39219984400552E-5,-0.124035574495792,0.0112168295308948,2,,,,,,,,,,,,,,,,
,3959009400.48573,50.0007247924805,999.626220703125,,,6,,,,30.7262451900536,,,100,,,,,,,,,,,,,,,,,,,,,,49.998218536377,50.0019912719727,999.626220703125,999.626220703125,,,6.01506853103638,,1,0,0,0,0,36.1681327819824,1,1,1,50.0007171630859,0,50.0001691182454,90.0000076293945,1,0.00292113736806235,0.000101802378200568,0.00292224624510772,0.000101806170807848,0.97207123041153,0.990214347839356,30.824987411499,0,30,4,200,-4.48789578513242E-5,-0.124079450964928,0.0111705083400011,2,,,,,,,,,,,,,,,,
,3959009419.9378,50.0006446838379,999.626220703125,,,6,,,,30.7262451900536,,,100,,,,,,,,,,,,,,,,,,,,,,49.9978942871094,50.0018920898438,999.626220703125,999.626220703125,,,6.01802730560303,,1,0,0,0,0,36.1681327819824,1,1,1,50.000301361084,0,50.0000327615177,90.0000076293945,1,0.00292126207552587,0.000101806759328439,0.00292237674382286,0.000101810670328314,0.972036898136139,0.9901984333992,30.8250694274902,7.59122037887573,30,4,200,-3.79611483367626E-5,-0.124119281768799,0.0111276488751173,2,,,,,,,,,,,,,,,,
,3959009439.02738,50.0006008148193,999.626220703125,,,6,,,,30.7262451900536,,,100,,,,,,,,,,,,,,,,,,,,,,49.9981575012207,50.0019187927246,999.626220703125,999.626220703125,,,6.02092123031616,,1,0,0,0,0,36.1681327819824,1,1,1,50.0006637573242,0,50.0001754760742,90.0000076293945,1,0.00292120634031133,0.000101804825038303,0.00292231348508737,0.000101808462181013,0.972041606903076,0.990224361419678,30.8251037597656,0,30,4,200,-3.96216419176199E-5,-0.124146416783333,0.0110997194424272,2,,,,,,,,,,,,,,,,
,3959009458.46245,50.0006904602051,999.626220703125,,,6,,,,30.7262451900536,,,100,,,,,,,,,,,,,,,,,,,,,,49.998291015625,50.0022888183594,999.626220703125,999.626220703125,,,6.02343797683716,,1,0,0,0,0,35.6793746948242,1,1,1,50.0002403259277,0,50.0002935072955,90.0000076293945,1,0.00292120506177494,0.000101804771797286,0.00292232732960185,0.000101808972919665,0.972050249576569,0.99021190404892,30.8250503540039,0.0618903562426567,30,4,200,-3.82848884328268E-5,-0.124182745814323,0.011073493398726,2,,,,,,,,,,,,,,,,
,3959009477.76875,50.0004329681396,999.626220703125,,,6,,,,30.7262451900536,,,100,,,,,,,,,,,,,,,,,,,,,,49.9984359741211,50.0019798278809,999.626220703125,999.626220703125,,,6.02632665634155,,1,0,0,0,0,36.1681327819824,1,1,1,50.0006256103516,0,50.0001328412224,90.0000076293945,1,0.00292121685536151,0.000101805414422418,0.00292233329456085,0.000101809236670779,0.971967160701752,0.990150511264801,30.8252964019775,0,30,4,200,-3.82498874387238E-5,-0.124217055737972,0.0110399732366204,2,,,,,,,,,,,,,,,,
,3959009497.22293,50.0007190704346,999.626220703125,,,6,,,,30.7262451900536,,,100,,,,,,,,,,,,,,,,,,,,,,49.9980812072754,50.0022163391113,999.626220703125,999.626220703125,,,6.02915573120117,,1,0,0,0,0.0142669677734375,35.6793746948242,1,1,1,50.0008125305176,0,50.000188615587,90.0000076293945,1,0.00292134172285548,0.000101809463404814,0.00292246666752334,0.000101813806304823,0.972072720527649,0.990225672721863,30.8249912261963,0,30,4,200,-3.3176620490849E-5,-0.124259971082211,0.0110027063637972,2,,,,,,,,,,,,,,,,
,3959009517.60704,50.0011615753174,999.626220703125,,,6,,,,30.7262451900536,,,100,,,,,,,,,,,,,,,,,,,,,,49.9985046386719,50.0024528503418,999.626220703125,999.626220703125,,,6.0307993888855,,1,0,0,0,7.62939453125E-5,36.6568908691406,1,1,1,50.0007705688477,0,50.000516043769,90.0000076293945,1,0.00292148557700285,0.000101814704020131,0.00292262761840928,0.000101819574760116,0.971995115280151,0.990071058273315,30.8251647949219,,30,4,200,-3.22381456498988E-5,-0.124302975833416,0.0109673123806715,2,,,,,,,,,,,,,,,,
,3959009538.26456,50.001049041748,999.626220703125,,,6,,,,30.7262451900536,,,100,,,,,,,,,,,,,,,,,,,,,,49.9984741210937,50.0023384094238,999.626220703125,999.626220703125,,,6.03237581253052,,1,0,0,0,0.000152587890625,36.1681327819824,1,1,1,50.0006561279297,0,50.0004321204291,90.0000076293945,1,0.00292163766126643,0.000101820049287988,0.00292274998589159,0.000101823899451685,0.971982300281525,0.990018784999847,30.8250846862793,0,30,4,200,-3.09470087813679E-5,-0.124339818954468,0.0109387869015336,2,,,,,,,,,,,,,,,,
,3959009559.23451,50.0008926391602,999.626220703125,,,6,,,,30.7262451900536,,,100,,,,,,,,,,,,,,,,,,,,,,49.9981727600098,50.0023422241211,999.626220703125,999.626220703125,,,6.0342583656311,,1,0,0,0,0.000152587890625,35.6793746948242,1,1,1,50.0006561279297,0,50.000296542519,90.0000076293945,1,0.00292164182001817,0.000101820196343158,0.00292275816063991,0.000101824196570525,0.971976637840271,0.989992737770081,30.825080871582,0,30,4,200,-3.29882896039635E-5,-0.124386563897133,0.0108855683356524,2,,,,,,,,,,,,,,,,
,3959009580.29463,50.000804901123,999.626220703125,,,6,,,,30.7262451900536,,,100,,,,,,,,,,,,,,,,,,,,,,49.9976844787598,50.002311706543,999.626220703125,999.626220703125,,,6.03551340103149,,1,0,0,0,7.62939453125E-5,35.6793746948242,1,1,1,49.9999847412109,0,50.0000548111765,90.0000076293945,1,0.00292167212413321,0.000101821452557793,0.00292282015615802,0.000101826379613689,0.971931517124176,0.990039944648743,30.8252983093262,0.0618898272514343,30,4,200,-3.5986664443044E-5,-0.124409377574921,0.0108648492023349,2,,,,,,,,,,,,,,,,
,3959009601.19098,50.0007514953613,999.626220703125,,,6,,,,30.7262451900536,,,100,,,,,,,,,,,,,,,,,,,,,,49.9978103637695,50.0019760131836,999.626220703125,999.626220703125,,,6.0363392829895,,1,0,0,0,0.000152587890625,35.6793746948242,1,1,1,50.0001182556152,0,49.9999063279894,90.0000076293945,1,0.0029217446211437,0.000101823930788605,0.00292287017461922,0.000101828057840094,0.971927344799042,0.990043938159943,30.8253307342529,,30,4,200,-3.21612424158957E-5,-0.124439522624016,0.0108387647196651,2,,,,,,,,,,,,,,,,
,3959009621.88354,50.0009860992432,999.626220703125,,,6,,,,30.7262451900536,,,100,,,,,,,,,,,,,,,,,,,,,,49.9983406066895,50.002254486084,999.626220703125,999.626220703125,,,6.03769207000732,,1,0,0,0,0.000152587890625,36.6568908691406,1,1,1,50.0005416870117,0,50.0003130171034,90.0000076293945,1,0.0029217372171685,0.000101823607748875,0.00292288265324464,0.000101828517187276,0.971941590309143,0.989995956420898,30.8252182006836,0,30,4,200,-3.08561902784277E-5,-0.124476455152035,0.0108034843578935,2,,,,,,,,,,,,,,,,
,3959009642.5521,50.0009689331055,999.626220703125,,,6,,,,30.7262451900536,,,100,,,,,,,,,,,,,,,,,,,,,,49.9982452392578,50.0022468566895,999.626220703125,999.626220703125,,,6.03906345367432,,1,0,0,0,7.62939453125E-5,36.6568908691406,1,1,1,50.0004539489746,0,50.0003089904785,90.0000076293945,1,0.0029217874985223,0.000101826306308693,0.00292286934903236,0.000101828454875806,0.971628189086914,0.989652335643768,30.8259449005127,INF,30,4,200,-1.44752175401663E-5,-0.124512158334255,0.0107648549601436,2,,,,,,,,,,,,,,,,
,3959009663.28022,50.0008754730225,999.626220703125,,,6,,,,30.7262451900536,,,100,,,,,,,,,,,,,,,,,,,,,,49.997932434082,50.002197265625,999.626220703125,999.626220703125,,,6.0396203994751,,1,0,0,0,0.000152587890625,35.6793746948242,1,1,1,50.0002098083496,0,50.0002131991916,90.0000076293945,1,0.00292180123086125,0.000101826597316123,0.00292293071740857,0.000101830567941402,0.971680462360382,0.989641308784485,30.8257617950439,0,30,4,200,-5.98846236243844E-5,-0.124552577733994,0.0107277296483517,2,,,,,,,,,,,,,,,,
,3959009683.82139,50.0010051727295,999.626220703125,,,6,,,,30.7262451900536,,,100,,,,,,,,,,,,,,,,,,,,,,49.9979362487793,50.0019340515137,999.626220703125,999.626220703125,,,6.0404109954834,,1,0,0,0,0.0142669677734375,35.190616607666,1,1,1,50.0006523132324,0,50.0000056098489,90.0000076293945,1,0.00292175680138313,0.000101824714400839,0.00292286258896151,0.00010182797687448,0.971805870532989,0.989875316619873,30.8255920410156,5.55208015441895,30,4,200,-1.93286778085167E-5,-0.124580450356007,0.010693272575736,2,,,,,,,,,,,,,,,,
,3959009704.24357,50.0010852813721,999.626220703125,,,6,,,,30.7262451900536,,,100,,,,,,,,,,,,,,,,,,,,,,49.9985237121582,50.0025367736816,999.626220703125,999.626220703125,,,6.04165840148926,,1,0,0,0,0,36.1681327819824,1,1,1,50.0006523132324,0,50.0005442301432,90.0000076293945,1,0.00292171247076723,0.000101822945622416,0.00292287491516775,0.000101828184266554,0.971879124641418,0.990079581737518,30.8255023956299,0,30,4,200,-3.38622230628971E-5,-0.124635711312294,0.0106489667668939,2,,,,,,,,,,,,,,,,
,3959009724.28865,50.0008678436279,999.626220703125,,,6,,,,30.7262451900536,,,100,,,,,,,,,,,,,,,,,,,,,,49.9984474182129,50.002082824707,999.626220703125,999.626220703125,,,6.04239177703857,,1,0,0,0,7.62939453125E-5,36.1681327819824,1,1,1,50.0010833740234,0,50.0002619425456,90.0000076293945,1,0.00292143301366129,0.000101812986472449,0.00292256607853962,0.000101817388009087,0.971950829029083,0.990101456642151,30.825288772583,0.0618927627801895,30,4,200,-3.83649821742438E-5,-0.124652452766895,0.0106113869696856,2,,,,,,,,,,,,,,,,
,3959009744.85802,50.0010108947754,999.626220703125,,,6,,,,30.7262451900536,,,100,,,,,,,,,,,,,,,,,,,,,,49.9978675842285,50.0023612976074,999.626220703125,999.626220703125,,,6.04292011260986,,1,0,0,0,0,35.6793746948242,1,1,1,50.0002822875977,0,50.0000771416558,90.0000076293945,1,0.00292176596379775,0.000101824810920647,0.00292292679531056,0.000101829992258551,0.971877574920654,0.990075647830963,30.8255271911621,,30,4,200,-3.87027503165882E-5,-0.124711580574512,0.0105719910934567,2,,,,,,,,,,,,,,,,
,3959009765.82315,50.0005283355713,999.626220703125,,,6,,,,30.7262451900536,,,100,,,,,,,,,,,,,,,,,,,,,,49.997631072998,50.0019645690918,999.626220703125,999.626220703125,,,6.04311275482178,,1,0,0,0,0,35.6793746948242,1,1,1,49.9998550415039,0,49.9998122321235,90.0000076293945,1,0.00292174855069151,0.000101824186325644,0.00292290316747042,0.000101829222474254,0.971892416477203,0.990047335624695,30.8254547119141,0,30,4,200,-4.71590174129233E-5,-0.124748535454273,0.0105380732566118,2,,,,,,,,,,,,,,,,
,3959009786.32292,50.0001010894775,999.626220703125,,,6,,,,30.7262451900536,,,100,,,,,,,,,,,,,,,,,,,,,,49.997428894043,50.0017166137695,999.626220703125,999.626220703125,,,6.04460668563843,,1,0,0,0,0.0003814697265625,34.7018585205078,1,1,1,50.0003471374512,0,49.9996496836344,90.0000076293945,1,0.00292176757209448,0.000101825186187682,0.00292290417413636,0.000101829571583838,0.971766591072083,0.989718914031982,30.8255023956299,0,30,4,200,-3.35186268785037E-5,-0.124778248369694,0.0105014592409134,2,,,,,,,,,,,,,,,,
,3959009807.30733,50.0007228851318,999.626220703125,,,6,,,,30.7262451900536,,,100,,,,,,,,,,,,,,,,,,,,,,49.9978103637695,50.0020484924316,999.626220703125,999.626220703125,,,6.04490995407105,,1,0,0,0,0.0003814697265625,35.6793746948242,1,1,1,50.0003547668457,0,49.9998630947537,90.0000076293945,1,0.00292174792659455,0.000101824696009038,0.00292295801168372,0.000101831438074008,0.971696615219116,0.98972088098526,30.8257923126221,0,30,4,200,-3.49769143213052E-5,-0.12481764703989,0.021718742325902,2,,,,,,,,,,,,,,,,
,3959009828.37401,50.0006523132324,999.686950683594,,,6,,,,30.7262451900536,,,100,,,,,,,,,,,,,,,,,,,,,,49.997673034668,50.0019836425781,999.626220703125,999.796264648438,,,6.04575157165527,,1,0,0,0,0.000152587890625,36.1681327819824,1,1,1,50.0002212524414,0,49.9999092949761,90.0000076293945,1,0.00292129997931409,0.00010180973183441,0.00292244833498017,0.000101813816329791,0.971475064754486,0.989598333835602,30.8265228271484,5.24690085512702E-6,30,4,200,-5.62306158826686E-5,-0.124744907021523,0.0216924585402012,2,,,,,,,,,,,,,,,,
,3959009849.46936,50.0008792877197,999.747680664062,,,6,,,,30.7262451900536,,,100,,,,,,,,,,,,,,,,,,,,,,49.9977951049805,50.0020713806152,999.747680664062,999.747680664062,,,6.04687070846558,,1,0,0,0,0.000152587890625,34.2131004333496,1,1,1,50.000617980957,0,50.000072479248,90.0000076293945,1,0.00292218990430817,0.000101840214662908,0.00292337321095379,0.000101845805125235,0.971657276153564,0.989816665649414,30.8260040283203,0,30,4,200,-3.09309652948286E-5,-0.121627546846867,0.0136815952137113,2,,,,,,,,,,,,,,,,
,3959009870.58219,50.0010738372803,999.747680664062,,,6,,,,30.7262451900536,,,100,,,,,,,,,,,,,,,,,,,,,,49.9979553222656,50.0021476745605,999.747680664062,999.747680664062,,,6.0467209815979,,1,0,0,0,7.62939453125E-5,36.1681327819824,1,1,1,50.000545501709,0,50.0001447465685,90.0000076293945,1,0.00292220103042171,0.000101840421049828,0.00292338144624718,0.000101845857964872,0.971708834171295,0.990012884140015,30.8261375427246,,30,4,200,-3.51213966496289E-5,-0.121684484183788,0.0136279789730906,2,,,,,,,,,,,,,,,,
,3959009891.31193,50.0011558532715,999.747680664062,,,6,,,,30.7262451900536,,,100,,,,,,,,,,,,,,,,,,,,,,49.9983940124512,50.0026473999023,999.747680664062,999.747680664062,,,6.04767417907715,,1,0,0,0,0.0005340576171875,35.6793746948242,1,1,1,50.0007171630859,0,50.0005546145969,67.7856063842773,5,0.0029287958214415,0.000102073483908174,0.00292995157326519,0.000102078257397019,0.970618367195129,0.987034976482391,30.8255443572998,5.55207586288452,30,4,200,-5.92564756516367E-5,-0.122392021119595,0.0138311460614204,2,,,,,,,,,,,,,,,,
,3959009911.71362,50.0009918212891,999.747680664062,,,6,,,,30.7262451900536,,,100,,,,,,,,,,,,,,,,,,,,,,49.9980087280273,50.002555847168,999.747680664062,999.747680664062,,,6.04810523986816,,1,0,0,0,0.0142669677734375,36.6568908691406,1,1,1,50.0003700256348,0,50.0002205792595,30.0576019287109,5,0.00293063132848378,0.000102110181727327,0.0029306532995107,0.000102110445228768,0.981858909130096,0.982131898403168,30.7380695343018,0,30,4,200,-7.92710416135378E-5,-0.122536718845367,0.0138450535014272,2,,,,,,,,,,,,,,,,
,3959009932.34403,50.0009632110596,999.747680664062,,,6,,,,30.7262451900536,,,100,,,,,,,,,,,,,,,,,,,,,,49.9981002807617,50.0022888183594,999.747680664062,999.747680664062,,,6.04825592041016,,1,0,0,0,0,35.6793746948242,1,1,1,50.0006256103516,0,50.0002945347836,-12.4176006317139,5,0.00285309856841697,9.94410221578386E-5,0.00285378831440206,9.94395222205739E-5,0.968740344047546,0.978461146354675,30.640115737915,0,30,4,200,-8.72041200636886E-5,-0.12005327641964,0.0127565022557974,2,,,,,,,,,,,,,,,,
,3959009953.33077,50.0009460449219,999.747680664062,,,6,,,,30.7262451900536,,,100,,,,,,,,,,,,,,,,,,,,,,49.9975662231445,50.0021209716797,999.747680664062,999.747680664062,,,6.0494966506958,,1,0,0,0,0.0142669677734375,35.6793746948242,1,1,1,50.000373840332,0,49.9999508327908,-51.5328025817871,5,0.00282380461457975,9.84242089787799E-5,0.00282415462823532,9.8423836178305E-5,0.967407286167145,0.971591174602509,30.6653327941895,8.93735796125839E-6,30,4,200,-1.79673934326274E-5,-0.118056453764439,0.0119316028431058,2,,,,,,,,,,,,,,,,
,3959009973.99716,50.0007400512695,999.747680664062,,,6,,,,30.7262451900536,,,100,,,,,,,,,,,,,,,,,,,,,,49.9977493286133,50.0019989013672,999.747680664062,999.747680664062,,,6.04924583435059,,1,0,0,0,0.0003814697265625,36.1681327819824,1,1,1,50.0001564025879,0,50.000001695421,-91.2864074707031,5,0.00289153672853511,0.000100752873702238,0.00289175355614263,0.00010075439509465,0.979381024837494,0.982523798942566,30.7676601409912,7.59563541412354,30,4,200,2.85559981421102E-5,-0.121998175978661,0.0131217082962394,2,,,,,,,,,,,,,,,,
,3959009994.62389,50.0006885528564,999.747680664062,,,6,,,,30.7262451900536,,,100,,,,,,,,,,,,,,,,,,,,,,49.9976654052734,50.0017013549805,999.747680664062,999.747680664062,,,6.05009508132935,,1,0,0,0,0.0002288818359375,36.1681327819824,1,1,1,50.0003662109375,0,49.9998393339269,-129.081604003906,5,0.00293605063267463,0.000102457243529369,0.00294086277830145,0.0001024691823297,0.941563844680786,0.980549931526184,30.9337959289551,0,30,4,200,-4.53379243481322E-6,-0.123216547071934,0.0136507134884596,2,,,,,,,,,,,,,,,,
,3959010015.09298,50.0007190704346,999.747680664062,,,6,,,,30.7262451900536,,,100,,,,,,,,,,,,,,,,,,,,,,49.9978637695313,50.0019187927246,999.747680664062,999.747680664062,,,6.0507287979126,,1,0,0,0,0.0115966796875,35.6793746948242,1,1,1,50.0001487731934,0,49.9999584398772,-171.120010375977,5,0.00287351926252851,0.00010047247285078,0.00288439618475902,0.000100495879158163,0.914406359195709,0.983785510063171,31.0451164245605,5.57181453704834,30,4,200,-5.96268473600503E-5,-0.12157728523016,0.013215571641922,2,,,,,,,,,,,,,,,,
,3959010035.86591,50.0006656646729,999.747680664062,,,6,,,,30.7262451900536,,,100,,,,,,,,,,,,,,,,,,,,,,49.9977645874023,50.0016975402832,999.747680664062,999.747680664062,,,6.05023860931396,,1,0,0,0,0.0002288818359375,36.1681327819824,1,1,1,50.0002479553223,0,49.9998052496659,-211.108810424805,5,0.00280732267717497,9.82406945743202E-5,0.00281921354289218,9.82537012474392E-5,0.905147254467011,0.970866799354553,31.0707454681396,0,30,4,200,-8.14461091067642E-5,-0.118149191141129,0.0118862465023994,2,,,,,,,,,,,,,,,,
,3959010056.64431,50.0003223419189,999.747680664062,,,6,,,,30.7262451900536,,,100,,,,,,,,,,,,,,,,,,,,,,49.9978942871094,50.002025604248,999.747680664062,999.747680664062,,,6.05123424530029,,1,0,0,0,0.0003814697265625,36.1681327819824,1,1,1,50.0003967285156,0,50.0000296698676,-250.512008666992,5,0.00284745616434685,9.94567107128682E-5,0.00285454459016534,9.94705512888437E-5,0.927620112895966,0.976374328136444,30.9864311218262,5.56654596328735,30,4,200,-4.83112526126206E-5,-0.120373897254467,0.0124379582703114,2,,,,,,,,,,,,,,,,
,3959010076.89274,50.0008525848389,999.747680664062,,,6,,,,30.7262451900536,,,100,,,,,,,,,,,,,,,,,,,,,,49.9977760314941,50.0020980834961,999.747680664062,999.747680664062,,,6.05139493942261,,1,0,0,0,0.00030517578125,35.6793746948242,1,1,1,50.0002479553223,0,50.0000247955322,-288.355224609375,5,0.00292803690806934,0.000102068563446678,0.00292957345793774,0.000102073431050041,0.96415787935257,0.981791794300079,30.8426971435547,0,30,4,200,-8.34934471640736E-5,-0.122949235141277,0.0134998578578234,2,,,,,,,,,,,,,,,,
