[Header]
; MPMS3 Data File (default extension .dat)
; Copyright (c) 2007, Quantum Design, Inc. All rights reserved.
TITLE,
FILEOPENTIME,3959015998.98615,06/13/2025,10:39 pm
BYAPP,MPMS3 w/ AC,1.0,1.1
INFO,MPMS3 Measurement Release 1.2.2 Build 0, MultiVu Release 2.3.5.2,APPNAME
INFO,Linear Motor Servo Controller,MOTOR_MODULE_NAME
INFO,3101-100 N4,MOTOR_HW_VERSION
INFO,MMC1299,MOTOR_SERIAL_NUMBER
INFO,01.04.28,MOTOR_SOFTWARE_VERSION
INFO,Quantum Design Squid Module,SQUID_MODULE_NAME
INFO,3101-501 B0,SQUID_HW_VERSION
INFO,SQM364,SQUID_SERIAL_NUMBER
INFO,01.03.04,SQUID_SOFTWARE_VERSION
INFO,Quantum Design VSM Oven,OVEN_MODULE_NAME
INFO,3101-201 A3,OVEN_HW_VERSION
INFO,OVB387,OVEN_SERIAL_NUMBER
INFO,01.07.07,OVEN_SOFTWARE_VERSION
INFO,SQUID AC,AC_MODULE_NAME
INFO,3101-401 G0,AC_HW_VERSION
INFO,SAC242,AC_SERIAL_NUMBER
INFO,SQUID AC 00.95.11,AC_SOFTWARE_VERSION
INFO,TCI374,COIL_SERIAL_NUMBER
INFO,0,MOMENT_UNITS
INFO,Fe3O4,SAMPLE_MATERIAL
INFO,powder,SAMPLE_COMMENT
INFO,61.2,SAMPLE_MASS
INFO,,SAMPLE_VOLUME
INFO,,SAMPLE_MOLECULAR_WEIGHT
INFO,,SAMPLE_SIZE
INFO,,SAMPLE_SHAPE
INFO,Rotator,SAMPLE_HOLDER
INFO,Standard,SAMPLE_HOLDER_DETAIL
INFO,67.43,SAMPLE_OFFSET
DATATYPE,COMMENT,1
DATATYPE,TIME,2
STARTUPAXIS,X,2
STARTUPAXIS,Y1,5
FIELDGROUP, VSM,2,3,4,5,6,8,9,10,11,14,15
FIELDGROUP, DC, 2,3,4,14,56,57,58,59,60,61,62,63,64,65,66,67,68,69
FIELDGROUP, AC, 2,3,4,11,16,17,18,19,20,21,22,23,24,25,26,27,28,29,30
STARTUPGROUP, All
[Data]
Comment,Time Stamp (sec),Temperature (K),Magnetic Field (Oe),Moment (emu),M. Std. Err. (emu),Transport Action,Averaging Time (sec),Frequency (Hz),Peak Amplitude (mm),Center Position (mm),Lockin Signal' (V),Lockin Signal (V),Range,M. Quad. Signal (emu),AC Moment (emu),AC M. Std Err. (emu),AC Phase (deg),AC Phase Std. Err. (deg),AC Susceptibility (emu/Oe),AC Suscept. Std Err. (emu/Oe),AC X' (emu/Oe),AC X' Std Err. (emu/Oe),AC X'' (emu/Oe),AC X'' Std Err. (emu/Oe),AC Drive (Oe),AC Frequency (Hz),AC Averaging Time (sec),AC Cycles,AC Range,AC Measure Type,AC Signal' (V),AC Signal'' (V),AC Trim Coil Ratio,AC Trim Coil Phase,Min. Temperature (K),Max. Temperature (K),Min. Field (Oe),Max. Field (Oe),Mass (grams),Motor Lag (deg),Pressure (Torr),Measure Count,Measurement Number,SQUID Status (code),Motor Status (code),Measure Status (code),Motor Current (amps),Motor Temp. (C),Temp. Status (code),Field Status (code),Chamber Status (code),Chamber Temp (K),Redirection State,Average Temp (K),Rotation Angle (deg),Rotator state,DC Moment Fixed Ctr (emu),DC Moment Err Fixed Ctr (emu),DC Moment Free Ctr (emu),DC Moment Err Free Ctr (emu),DC Fixed Fit,DC Free Fit,DC Calculated Center (mm),DC Calculated Center Err (mm),DC Scan Length (mm),DC Scan Time (s),DC Number of Points,DC Squid Drift,DC Min V (V),DC Max V (V),DC Scans per Measure,He3 temp,Map 02,Map 03,Map 04,Map 05,Map 06,Map 07,Map 08,Map 09,Map 10,Map 11,Map 12,Map 13,Map 14,Map 15,Map 16
,3959016009.77623,150.356452941895,999.905517578125,,,6,,,,30.7262451900536,,,10,,,,,,,,,,,,,,,,,,,,,,150.00065612793,150.667434692383,999.905517578125,999.905517578125,,,6.35021734237671,,1,0,0,0,0.0005340576171875,35.6793746948242,6,1,1,150.712249755859,0,150.173531783255,90.0000076293945,1,0.00102706083634087,3.58642987698084E-5,0.00102946779852413,3.58708039684624E-5,0.93121463060379,0.979416191577911,30.9744529724121,0,30,4,200,-0.000430791638791561,-0.43280965089798,0.0483116991817951,2,,,,,,,,,,,,,,,,
,3959016030.78212,152.158226013184,999.905517578125,,,6,,,,30.7262451900536,,,10,,,,,,,,,,,,,,,,,,,,,,150.800155639648,153.42073059082,999.905517578125,999.905517578125,,,6.35254573822022,,1,0,0,0,0.0006103515625,35.6793746948242,2,1,1,153.516296386719,0,152.024477640788,90.0000076293945,1,0.00100802454698529,3.52024751011967E-5,0.00101044327649403,3.52089532855048E-5,0.930031359195709,0.978037893772125,30.9774494171143,2.40079884861188E-7,30,4,200,-0.000487102282932028,-0.429809927940369,0.0451584160327911,2,,,,,,,,,,,,,,,,
,3959016051.62215,155.216842651367,999.905517578125,,,6,,,,30.7262451900536,,,10,,,,,,,,,,,,,,,,,,,,,,153.678848266602,156.653259277344,999.905517578125,999.905517578125,,,6.35547018051148,,1,0,0,0,0.01129150390625,35.190616607666,2,1,1,156.754837036133,0,155.09482828776,90.0000076293945,1,0.000983227795373541,3.43390575415596E-5,0.000985677355210716,3.43462189774148E-5,0.928985118865967,0.977721869945526,30.9811611175537,0,30,4,200,-0.000498868525028229,-0.422486990690231,0.0409920178353786,2,,,,,,,,,,,,,,,,
,3959016072.31207,158.505302429199,999.905517578125,,,6,,,,30.7262451900536,,,10,,,,,,,,,,,,,,,,,,,,,,156.897521972656,159.99821472168,999.905517578125,999.905517578125,,,6.35777568817139,,1,0,0,0,0.000457763671875,35.190616607666,2,1,1,160.113082885742,0,158.46881781684,90.0000076293945,1,0.000959271632472186,3.35047143172276E-5,0.00096171300742786,3.35114842542839E-5,0.928025543689728,0.97732537984848,30.9844150543213,2.58824620686937E-5,30,4,200,-0.000487437820993364,-0.415125131607056,0.0371453613042831,2,,,,,,,,,,,,,,,,
,3959016093.12018,161.948173522949,999.905517578125,,,6,,,,30.7262451900536,,,10,,,,,,,,,,,,,,,,,,,,,,160.290802001953,163.390029907227,999.905517578125,999.905517578125,,,6.36056661605835,,1,0,0,0,0.00030517578125,35.6793746948242,2,1,1,163.605545043945,0,161.834949917263,90.0000076293945,1,0.000937691058799537,3.27547687736539E-5,0.000940181102777624,3.27611051813788E-5,0.926434338092804,0.977430939674377,30.9908485412598,7.58081436157227,30,4,200,-0.000500079477205873,-0.407860666513443,0.0335106998682022,2,,,,,,,,,,,,,,,,
,3959016114.28455,165.466888427734,999.905517578125,,,6,,,,30.7262451900536,,,10,,,,,,,,,,,,,,,,,,,,,,163.754089355469,167.06770324707,999.905517578125,999.905517578125,,,6.36330890655518,,1,0,0,0,0.0002288818359375,35.6793746948242,2,1,1,167.1796875,0,165.412131861637,90.0000076293945,1,0.000916458375228754,3.20195239793128E-5,0.000919047546970941,3.20251993975086E-5,0.923760235309601,0.976732850074768,31.0007190704346,0,30,4,200,-0.000505059375427663,-0.401830047369003,0.0305056311190128,2,,,,,,,,,,,,,,,,
,3959016135.56111,168.990455627441,999.905517578125,,,6,,,,30.7262451900536,,,10,,,,,,,,,,,,,,,,,,,,,,167.252105712891,170.657669067383,999.905517578125,999.905517578125,,,6.36699485778809,,1,0,0,0,0.000457763671875,35.190616607666,2,1,1,170.728805541992,0,168.930902581466,90.0000076293945,1,0.000893907776376905,3.12355264676176E-5,0.000896545060305149,3.12414508931069E-5,0.922160863876343,0.976238310337067,31.0065002441406,0,30,4,200,-0.000478262634715065,-0.394674241542816,0.0270798113197088,2,,,,,,,,,,,,,,,,
,3959016156.51869,172.529090881348,999.905517578125,,,6,,,,30.7262451900536,,,10,,,,,,,,,,,,,,,,,,,,,,170.795989990234,174.057754516602,999.905517578125,999.905517578125,,,6.36933279037476,,1,0,0,0,0.0003814697265625,35.190616607666,2,1,1,174.262191772461,0,172.425715128581,90.0000076293945,1,0.000872710456244037,3.04981852613439E-5,0.000875386930962497,3.05044153406506E-5,0.920770823955536,0.975894510746002,31.0116081237793,0,30,4,200,-0.000454005261417478,-0.387810885906219,0.0239743813872337,2,,,,,,,,,,,,,,,,
,3959016177.50569,175.983581542969,999.905517578125,,,6,,,,30.7262451900536,,,10,,,,,,,,,,,,,,,,,,,,,,174.368270874023,177.598892211914,999.905517578125,999.905517578125,,,6.3725438117981,,1,0,0,0,0.0005340576171875,35.6793746948242,2,1,1,177.598892211914,0,176.001595748098,90.0000076293945,1,0.000852616837507756,2.97991132562757E-5,0.000855336374419593,2.98060025195158E-5,0.919465363025665,0.975505590438843,31.0164127349854,0.106446996331215,30,4,200,-0.000366222840966657,-0.381184160709381,0.0212397184222937,2,,,,,,,,,,,,,,,,
,3959016198.65137,178.477493286133,999.905517578125,,,6,,,,30.7262451900536,,,10,,,,,,,,,,,,,,,,,,,,,,177.693542480469,179.226928710938,999.905517578125,999.905517578125,,,6.37270593643188,,1,0,0,0,0.0005340576171875,35.6793746948242,6,1,1,179.261444091797,0,178.594647056178,90.0000076293945,1,0.000839596187198772,2.93459262492727E-5,0.000842346080582618,2.93530907419777E-5,0.918671071529388,0.975821375846863,31.0200462341309,5.56956434249878,30,4,200,-0.000395849434426054,-0.370633542537689,0.0235120486468077,2,,,,,,,,,,,,,,,,
,3959016219.73604,179.510124206543,999.905517578125,,,6,,,,30.7262451900536,,,10,,,,,,,,,,,,,,,,,,,,,,179.298690795898,179.71662902832,999.905517578125,999.905517578125,,,6.37363910675049,,1,0,0,0,0.000457763671875,35.6793746948242,6,1,1,179.721557617187,0,179.545749240451,90.0000076293945,1,0.000836989864716314,2.92556492160115E-5,0.000839734485816562,2.92620604190286E-5,0.918330311775208,0.97585940361023,31.0214557647705,,30,4,200,-0.000391487352317199,-0.37043908238411,0.0222013685852289,2,,,,,,,,,,,,,,,,
,3959016240.32149,179.797782897949,999.905517578125,,,6,,,,30.7262451900536,,,10,,,,,,,,,,,,,,,,,,,,,,179.734115600586,179.860488891602,999.905517578125,999.905517578125,,,6.37336158752441,,1,0,0,0,0.000457763671875,35.6793746948242,5,1,1,179.861450195313,0,179.807977464464,90.0000076293945,1,0.000836473151800254,2.92382280795265E-5,0.000839232726935717,2.92445304689971E-5,0.9180628657341,0.975917458534241,31.0225696563721,0,30,4,200,-0.000358765217242762,-0.371472001075745,0.0209009665995836,2,,,,,,,,,,,,,,,,
,3959016261.10153,179.892608642578,999.905517578125,,,6,,,,30.7262451900536,,,10,,,,,,,,,,,,,,,,,,,,,,179.866638183594,179.917602539062,999.905517578125,999.905517578125,,,6.37395906448364,,1,0,0,0,0.0003814697265625,36.6568908691406,5,1,1,179.918579101562,0,179.895982530382,90.0000076293945,1,0.000836453978248369,2.92382756600272E-5,0.000839225355626262,2.9244322513115E-5,0.917771220207214,0.975866794586182,31.0236759185791,INF,30,4,200,-0.000382476369850338,-0.372455775737762,0.0198440346866846,2,,,,,,,,,,,,,,,,
,3959016281.93678,179.936195373535,999.905517578125,,,6,,,,30.7262451900536,,,10,,,,,,,,,,,,,,,,,,,,,,179.921905517578,179.950057983398,999.905517578125,999.905517578125,,,6.37453651428223,,1,0,0,0,0.0003814697265625,35.6793746948242,5,1,1,179.950485229492,0,179.941076660156,90.0000076293945,1,0.000836632985671672,2.92449013598173E-5,0.00083941001038406,2.9250686230865E-5,0.917616367340088,0.975957810878754,31.0244731903076,0.132102102041245,30,4,200,-0.000356274336809292,-0.373288631439209,0.0189948379993439,2,,,,,,,,,,,,,,,,
,3959016302.5492,179.96223449707,999.905517578125,,,6,,,,30.7262451900536,,,10,,,,,,,,,,,,,,,,,,,,,,179.952514648438,179.973693847656,999.905517578125,999.905517578125,,,6.37506723403931,,1,0,0,0,0.000457763671875,35.6793746948242,1,1,1,179.971954345703,0,179.965073479546,90.0000076293945,1,0.000836781877120933,2.92504811181314E-5,0.000839564353018022,2.92560911543961E-5,0.917464196681976,0.975928068161011,31.0251331329346,0,30,4,200,-0.000344058295013383,-0.374079495668411,0.0183339361101389,2,,,,,,,,,,,,,,,,
,3959016323.08289,179.979331970215,999.905517578125,,,6,,,,30.7262451900536,,,10,,,,,,,,,,,,,,,,,,,,,,179.973358154297,179.989715576172,999.905517578125,999.905517578125,,,6.37583637237549,,1,0,0,0,0.0003814697265625,35.6793746948242,1,1,1,179.985305786133,0,179.982781304253,90.0000076293945,1,0.00083690132504934,2.92550531687339E-5,0.000839695468500836,2.92606309005974E-5,0.917300462722778,0.975966989994049,31.0258674621582,9.51343750443812E-8,30,4,200,-0.000322474603308365,-0.374696791172028,0.0175944119691849,2,,,,,,,,,,,,,,,,
,3959016343.67255,179.990386962891,999.905517578125,,,6,,,,30.7262451900536,,,10,,,,,,,,,,,,,,,,,,,,,,179.986373901367,179.99821472168,999.905517578125,999.905517578125,,,6.37598848342895,,1,0,0,0,0.0003814697265625,35.6793746948242,1,1,1,179.994400024414,0,179.993765089247,90.0000076293945,1,0.000836898091509962,2.92551025135953E-5,0.00083969577854231,2.92607008978413E-5,0.917235672473907,0.975889205932617,31.0260314941406,,30,4,200,-0.000306856207316741,-0.374927759170532,0.0174589958041906,2,,,,,,,,,,,,,,,,
,3959016364.35109,179.998123168945,999.905517578125,,,6,,,,30.7262451900536,,,10,,,,,,,,,,,,,,,,,,,,,,179.995407104492,180.006072998047,999.905517578125,999.905517578125,,,6.37637615203857,,1,0,0,0,0.0003814697265625,35.190616607666,1,1,1,180.000839233398,0,180.001399570041,90.0000076293945,1,0.000836867142879271,2.92543861895495E-5,0.000839672369592521,2.9259879362126E-5,0.917083859443665,0.975890517234802,31.0266456604004,0,30,4,200,-0.000278133084066212,-0.375089645385742,0.0172508060932159,2,,,,,,,,,,,,,,,,
,3959016385.05049,180.00267791748,999.905517578125,,,6,,,,30.7262451900536,,,10,,,,,,,,,,,,,,,,,,,,,,180.000778198242,180.010726928711,999.905517578125,999.905517578125,,,6.37652683258057,,1,0,0,0,0.0003814697265625,36.1681327819824,1,1,1,180.003494262695,0,180.005661858453,90.0000076293945,1,0.000836851539921989,2.92541985149485E-5,0.000839670746839391,2.92598152875807E-5,0.916940748691559,0.97591245174408,31.0272617340088,0,30,4,200,-0.000276612903689966,-0.375367403030396,0.0170235130935907,2,,,,,,,,,,,,,,,,
,3959016405.77259,180.002914428711,999.905517578125,,,6,,,,30.7262451900536,,,10,,,,,,,,,,,,,,,,,,,,,,180.00146484375,180.013244628906,999.905517578125,999.905517578125,,,6.37673234939575,,1,0,0,0,0.000457763671875,34.2131004333496,1,1,1,180.001495361328,0,180.006576538086,90.0000076293945,1,0.000836899962629916,2.92558194456938E-5,0.000839712619986025,2.92612768488532E-5,0.916966795921326,0.97589761018753,31.0271682739258,0.132194757461548,30,4,200,-0.000263486697804183,-0.375620692968369,0.0167335234582424,2,,,,,,,,,,,,,,,,
,3959016426.56148,180.001579284668,999.905517578125,,,6,,,,30.7262451900536,,,10,,,,,,,,,,,,,,,,,,,,,,179.999954223633,180.01106262207,999.905517578125,999.905517578125,,,6.37649250030518,,1,0,0,0,0.0003814697265625,35.6793746948242,1,1,1,180.000823974609,0,180.00516933865,90.0000076293945,1,0.000836955957894281,2.92581379161952E-5,0.000839773565539971,2.92632947169654E-5,0.916817903518677,0.976043045520782,31.0279483795166,,30,4,200,-0.000291218369966373,-0.375918805599213,0.0164477322250605,2,,,,,,,,,,,,,,,,
,3959016447.15733,180.000549316406,999.905517578125,,,6,,,,30.7262451900536,,,10,,,,,,,,,,,,,,,,,,,,,,179.998519897461,180.010177612305,999.905517578125,999.905517578125,,,6.37707233428955,,1,0,0,0,0.0003814697265625,35.190616607666,1,1,1,179.999725341797,0,180.003766377767,90.0000076293945,1,0.000836942100825856,2.92577163053557E-5,0.000839754758424791,2.92626884346574E-5,0.916797041893005,0.975989818572998,31.0279769897461,0,30,4,200,-0.000258587155258283,-0.376053750514984,0.0163460075855255,2,,,,,,,,,,,,,,,,
,3959016467.84811,179.999000549316,999.905517578125,,,6,,,,30.7262451900536,,,10,,,,,,,,,,,,,,,,,,,,,,179.997055053711,180.009536743164,999.905517578125,999.905517578125,,,6.37716293334961,,1,0,0,0,0.0003814697265625,35.6793746948242,1,1,1,179.997482299805,0,180.002875434028,90.0000076293945,1,0.000836940777038878,2.92580254214834E-5,0.000839765570506533,2.92630493479101E-5,0.91664582490921,0.975990056991577,31.028600692749,0,30,4,200,-0.000266356131760404,-0.376320958137512,0.0161208715289831,2,,,,,,,,,,,,,,,,
,3959016488.46093,179.997756958008,999.905517578125,,,6,,,,30.7262451900536,,,10,,,,,,,,,,,,,,,,,,,,,,179.995895385742,180.008102416992,999.905517578125,999.905517578125,,,6.37704658508301,,1,0,0,0,0.000457763671875,35.190616607666,1,1,1,179.996963500977,0,180.001308017307,90.0000076293945,1,0.000836955067233938,2.92587593298868E-5,0.000839791480238161,2.92639537025665E-5,0.916551828384399,0.975992679595947,31.0289497375488,,30,4,200,-0.000275346130365506,-0.376538813114166,0.0159221906214952,2,,,,,,,,,,,,,,,,
,3959016509.19927,179.997406005859,999.905517578125,,,6,,,,30.7262451900536,,,10,,,,,,,,,,,,,,,,,,,,,,179.994552612305,180.008361816406,999.905517578125,999.905517578125,,,6.37712621688843,,1,0,0,0,0.0003814697265625,35.6793746948242,1,1,1,179.996765136719,0,180.001154581706,90.0000076293945,1,0.000837001576254363,2.92602671141828E-5,0.000839845903160705,2.92658044930453E-5,0.916598379611969,0.976052463054657,31.0288238525391,0,30,4,200,-0.000287625036435202,-0.377197444438934,0.0156263802200556,2,,,,,,,,,,,,,,,,
,3959016529.84828,179.997001647949,999.905517578125,,,6,,,,30.7262451900536,,,10,,,,,,,,,,,,,,,,,,,,,,179.994369506836,180.007537841797,999.905517578125,999.905517578125,,,6.37771654129028,,1,0,0,0,0.000457763671875,35.6793746948242,1,1,1,179.996047973633,0,180.000527275933,90.0000076293945,1,0.000837134867956283,2.9265224164578E-5,0.000839980077326479,2.92704533923931E-5,0.916476368904114,0.976086676120758,31.0293674468994,0.132218033075333,30,4,200,-0.00028106095851399,-0.377778649330139,0.0148498741909862,2,,,,,,,,,,,,,,,,
,3959016550.37332,179.99584197998,999.905517578125,,,6,,,,30.7262451900536,,,10,,,,,,,,,,,,,,,,,,,,,,179.993011474609,180.006469726562,999.905517578125,999.905517578125,,,6.37743997573853,,1,0,0,0,0.0003814697265625,35.190616607666,1,1,1,179.9951171875,0,179.999220954047,90.0000076293945,1,0.000836974059035201,2.92598824825114E-5,0.00083983152085158,2.92654375007088E-5,0.916370153427124,0.975884139537811,31.0294914245605,0,30,4,200,-0.000255106628173962,-0.377919673919678,0.0147031331434846,2,,,,,,,,,,,,,,,,
,3959016571.06551,179.995918273926,999.905517578125,,,6,,,,30.7262451900536,,,10,,,,,,,,,,,,,,,,,,,,,,179.993576049805,180.006881713867,999.905517578125,999.905517578125,,,6.37794589996338,,1,0,0,0,0.0003814697265625,35.6793746948242,1,1,1,179.995468139648,0,179.999573601617,90.0000076293945,1,0.000837128976436134,2.92652616547863E-5,0.000839990940248589,2.92709030007774E-5,0.916386306285858,0.976016223430634,31.0296325683594,7.56348705291748,30,4,200,-0.000273737648967654,-0.378427475690842,0.0142341582104564,2,,,,,,,,,,,,,,,,
,3959016591.81749,179.995613098145,999.905517578125,,,6,,,,30.7262451900536,,,10,,,,,,,,,,,,,,,,,,,,,,179.993774414062,180.006622314453,999.905517578125,999.905517578125,,,6.3776969909668,,1,0,0,0,0.0002288818359375,35.6793746948242,1,1,1,179.994583129883,0,179.999598185221,90.0000076293945,1,0.00083726143409172,2.92699374040176E-5,0.00084012621651332,2.92755217920756E-5,0.916362881660461,0.97613400220871,31.0298767089844,,30,4,200,-0.000271474360488355,-0.378804206848145,0.0138949509710073,2,,,,,,,,,,,,,,,,
,3959016612.67245,179.99617767334,999.905517578125,,,6,,,,30.7262451900536,,,10,,,,,,,,,,,,,,,,,,,,,,179.992599487305,180.007263183594,999.905517578125,999.905517578125,,,6.37858152389526,,1,0,0,0,0.0002288818359375,36.1681327819824,1,1,1,179.996505737305,0,179.999956766764,90.0000076293945,1,0.000837227664292295,2.92688762327632E-5,0.000840085644501369,2.92741709988814E-5,0.916312277317047,0.976036369800568,31.0299320220947,,30,4,200,-0.000272643053904176,-0.379104793071747,0.0135991703718901,2,,,,,,,,,,,,,,,,
,3959016633.27911,179.997100830078,999.905517578125,,,6,,,,30.7262451900536,,,10,,,,,,,,,,,,,,,,,,,,,,179.994033813477,180.008316040039,999.905517578125,999.905517578125,,,6.37833833694458,,1,0,0,0,0.0003814697265625,36.1681327819824,1,1,1,179.996688842773,0,180.000614590115,90.0000076293945,1,0.000837301225613144,2.92713935052359E-5,0.000840144310544647,2.92762133477627E-5,0.91633665561676,0.976047396659851,31.0298957824707,,30,4,200,-0.000270663527771831,-0.37943634390831,0.013305745087564,2,,,,,,,,,,,,,,,,
,3959016653.73568,179.997047424316,999.905517578125,,,6,,,,30.7262451900536,,,10,,,,,,,,,,,,,,,,,,,,,,179.994186401367,180.008758544922,999.905517578125,999.905517578125,,,6.37853956222534,,1,0,0,0,0.0002288818359375,35.190616607666,1,1,1,179.996536254883,0,180.000748528375,90.0000076293945,1,0.000837236502432509,2.92694155607146E-5,0.000840099742223923,2.9274603145577E-5,0.916220307350159,0.976125538349152,31.0303630828857,,30,4,200,-0.000255839549936354,-0.37978321313858,0.0129273124039173,2,,,,,,,,,,,,,,,,
,3959016674.5089,179.996688842773,999.905517578125,,,6,,,,30.7262451900536,,,10,,,,,,,,,,,,,,,,,,,,,,179.992721557617,180.009368896484,999.905517578125,999.905517578125,,,6.37849044799805,,1,0,0,0,0.0002288818359375,35.190616607666,1,1,1,179.99577331543,0,180.000324673123,90.0000076293945,1,0.000837345888619754,2.92733302612742E-5,0.000840232687913196,2.92791923519125E-5,0.916186332702637,0.976197361946106,31.030590057373,0,30,4,200,-0.000261432840488851,-0.379970401525497,0.0127177312970161,2,,,,,,,,,,,,,,,,
,3959016695.17693,179.99626159668,999.905517578125,,,6,,,,30.7262451900536,,,10,,,,,,,,,,,,,,,,,,,,,,179.992156982422,180.00813293457,999.905517578125,999.905517578125,,,6.37815427780151,,1,0,0,0,0.000457763671875,35.190616607666,1,1,1,179.995178222656,0,179.999566819933,90.0000076293945,1,0.000837307680103436,2.927211821265E-5,0.00084020065679407,2.92781360579257E-5,0.916134893894196,0.976106703281403,31.0307159423828,0,30,4,200,-0.000257466686889529,-0.380236744880676,0.0124770132824779,2,,,,,,,,,,,,,,,,
,3959016715.79506,179.995445251465,999.905517578125,,,6,,,,30.7262451900536,,,10,,,,,,,,,,,,,,,,,,,,,,179.992889404297,180.007598876953,999.905517578125,999.905517578125,,,6.37886047363281,,1,0,0,0,0.0002288818359375,35.190616607666,1,1,1,179.994705200195,0,179.999635484484,90.0000076293945,1,0.000837323225975424,2.92728172784914E-5,0.000840224296385799,2.92789620137446E-5,0.916072010993958,0.976103544235229,31.0309562683105,5.57054376602173,30,4,200,-0.000243304151808843,-0.38060936331749,0.0121863977983594,2,,,,,,,,,,,,,,,,
,3959016736.38712,179.995574951172,999.905517578125,,,6,,,,30.7262451900536,,,10,,,,,,,,,,,,,,,,,,,,,,179.991729736328,180.0078125,999.905517578125,999.905517578125,,,6.37897777557373,,1,0,0,0,0.0002288818359375,35.6793746948242,1,1,1,179.995040893555,0,179.999173482259,90.0000076293945,1,0.000837334175426865,2.92730037094951E-5,0.00084022167881004,2.92788990254717E-5,0.916151165962219,0.976062536239624,31.0305995941162,0,30,4,200,-0.000239721455727704,-0.380642503499985,0.0121255731210113,2,,,,,,,,,,,,,,,,
,3959016757.14908,179.996185302734,999.905517578125,,,6,,,,30.7262451900536,,,10,,,,,,,,,,,,,,,,,,,,,,179.992752075195,180.008804321289,999.905517578125,999.905517578125,,,6.37878799438477,,1,0,0,0,0.0002288818359375,35.190616607666,1,1,1,179.995529174805,0,180.000140719944,90.0000076293945,1,0.000837337507297183,2.92735389744083E-5,0.000840226511063985,2.92790804986185E-5,0.915979206562042,0.976034224033356,31.0312099456787,1.83865768121905E-6,30,4,200,-0.000234384249779396,-0.380887180566788,0.0119130685925484,2,,,,,,,,,,,,,,,,
,3959016777.81346,179.996131896973,999.905517578125,,,6,,,,30.7262451900536,,,10,,,,,,,,,,,,,,,,,,,,,,179.991851806641,180.009185791016,999.905517578125,999.905517578125,,,6.37900590896606,,1,0,0,0,0.00030517578125,35.190616607666,1,1,1,179.995208740234,0,179.999804178874,90.0000076293945,1,0.00083744526960227,2.92774118848899E-5,0.000840339276606344,2.92829599070267E-5,0.91593998670578,0.976117670536041,31.0314483642578,0,30,4,200,-0.0002495537919458,-0.381069868803024,0.0117865931242704,2,,,,,,,,,,,,,,,,
,3959016798.55441,179.995964050293,999.905517578125,,,6,,,,30.7262451900536,,,10,,,,,,,,,,,,,,,,,,,,,,179.991744995117,180.00830078125,999.905517578125,999.905517578125,,,6.3789210319519,,1,0,0,0,0.0002288818359375,35.190616607666,1,1,1,179.995193481445,0,179.999600728353,90.0000076293945,1,0.000837421021664412,2.92765928427977E-5,0.000840318231564695,2.9282226410165E-5,0.915928900241852,0.976119518280029,31.0315170288086,0.105592012405396,30,4,200,-0.000238023494603112,-0.381316512823105,0.0115139158442616,2,,,,,,,,,,,,,,,,
,3959016819.34773,179.995613098145,999.905517578125,,,6,,,,30.7262451900536,,,10,,,,,,,,,,,,,,,,,,,,,,179.991912841797,180.008712768555,999.905517578125,999.905517578125,,,6.37878131866455,,1,0,0,0,0.00030517578125,37.6344108581543,1,1,1,179.994750976562,0,179.999892340766,90.0000076293945,1,0.000837492145459021,2.92791715355681E-5,0.000840388168197393,2.92846460913693E-5,0.915893316268921,0.976150035858154,31.0316925048828,,30,4,200,-0.000249645148869604,-0.381503909826279,0.0113669475540519,2,,,,,,,,,,,,,,,,
,3959016839.85772,179.995323181152,999.905517578125,,,6,,,,30.7262451900536,,,10,,,,,,,,,,,,,,,,,,,,,,179.99299621582,180.008255004883,999.905517578125,999.905517578125,,,6.37981224060059,,1,0,0,0,0.00030517578125,35.190616607666,1,1,1,179.994964599609,0,180.000027126736,90.0000076293945,1,0.000837400289977844,2.92758548533027E-5,0.000840306302700129,2.92818327410959E-5,0.915931642055511,0.976078927516937,31.03147315979,0,30,4,200,-0.000255311897490174,-0.381808519363403,0.0110663408413529,2,,,,,,,,,,,,,,,,
,3959016860.49204,179.99528503418,999.905517578125,,,6,,,,30.7262451900536,,,10,,,,,,,,,,,,,,,,,,,,,,179.992919921875,180.009017944336,999.905517578125,999.905517578125,,,6.37918996810913,,1,0,0,0,0.0002288818359375,35.6793746948242,1,1,1,179.994522094727,0,179.999992370605,90.0000076293945,1,0.000837445363935901,2.92777602110459E-5,0.000840356793197895,2.928351707367E-5,0.915802299976349,0.976198792457581,31.0321292877197,0,30,4,200,-0.000255201885011047,-0.382271945476532,0.010656856931746,2,,,,,,,,,,,,,,,,
,3959016881.26067,179.995849609375,999.899444580078,,,6,,,,30.7262451900536,,,10,,,,,,,,,,,,,,,,,,,,,,179.992340087891,180.009674072266,999.893371582031,999.917663574219,,,6.37978935241699,,1,0,0,0,0.00030517578125,35.190616607666,1,1,1,179.995468139648,0,180.000249226888,90.0000076293945,1,0.000837902640564972,2.92897770924477E-5,0.00083974338757151,2.92935507816924E-5,0.91741156578064,0.947948813438415,30.9698524475098,0,30,4,200,-0.00199745735153556,-0.385995626449585,0.0141507117077708,2,,,,,,,,,,,,,,,,
,3959016901.93135,179.996276855469,999.893371582031,,,6,,,,30.7262451900536,,,10,,,,,,,,,,,,,,,,,,,,,,179.992904663086,180.009887695313,999.893371582031,999.893371582031,,,6.37995052337646,,1,0,0,0,0.00030517578125,35.6793746948242,1,1,1,179.995620727539,0,180.000721401638,90.0000076293945,1,0.000837541676850568,2.92810900965622E-5,0.000840450455930867,2.92867869525864E-5,0.915809214115143,0.976161360740662,31.0320243835449,5.57063961029053,30,4,200,-0.000249763863394037,-0.378716766834259,0.0142129557207227,2,,,,,,,,,,,,,,,,
,3959016922.6465,179.995574951172,999.893371582031,,,6,,,,30.7262451900536,,,10,,,,,,,,,,,,,,,,,,,,,,179.991363525391,180.009506225586,999.893371582031,999.893371582031,,,6.37991666793823,,1,0,0,0,0.00030517578125,36.1681327819824,1,1,1,179.994186401367,0,179.999738057454,90.0000076293945,1,0.000837542538996454,2.92812093090215E-5,0.000840459480101514,2.92871160297034E-5,0.915781915187836,0.976170778274536,31.0321617126465,7.5641393661499,30,4,200,-0.00025915537844412,-0.379021376371384,0.0139340627938509,2,,,,,,,,,,,,,,,,
,3959016943.12249,179.995712280273,999.893371582031,,,6,,,,30.7262451900536,,,10,,,,,,,,,,,,,,,,,,,,,,179.992004394531,180.008926391602,999.893371582031,999.893371582031,,,6.37973117828369,,1,0,0,0,0.00030517578125,36.6568908691406,1,1,1,179.996002197266,0,179.999617632698,68.0592041015625,5,0.000835220984987662,2.92043114167869E-5,0.000838231066284391,2.92105753678457E-5,0.914074242115021,0.974614202976227,31.0364227294922,0,30,4,200,-0.000344211875926703,-0.379089623689652,0.0136471940204501,2,,,,,,,,,,,,,,,,
,3959016963.60044,179.996368408203,999.893371582031,,,6,,,,30.7262451900536,,,10,,,,,,,,,,,,,,,,,,,,,,179.990356445313,180.009918212891,999.893371582031,999.893371582031,,,6.3801474571228,,1,0,0,0,0,35.6793746948242,1,1,1,179.995574951172,0,180.000253465441,27.984001159668,5,0.000799325493539636,2.79083809917311E-5,0.000800782260781005,2.79108184888611E-5,0.933079540729523,0.968048751354217,30.9486598968506,5.68391396882362E-6,30,4,200,-0.000495693471748382,-0.372865617275238,0.0105079021304846,2,,,,,,,,,,,,,,,,
,3959016984.66956,179.996635437012,999.893371582031,,,6,,,,30.7262451900536,,,10,,,,,,,,,,,,,,,,,,,,,,179.991012573242,180.009323120117,999.893371582031,999.893371582031,,,6.38044738769531,,1,0,0,0,0,35.6793746948242,1,1,1,179.995849609375,0,180.000213623047,-11.4048004150391,5,0.000771359100833593,2.69024974562849E-5,0.000771850772772009,2.69044202525397E-5,0.952061295509338,0.96581506729126,30.854211807251,0,30,4,200,-0.000236861684243195,-0.355378448963165,0.00366611173376441,2,,,,,,,,,,,,,,,,
,3959017005.40059,179.996238708496,999.893371582031,,,6,,,,30.7262451900536,,,10,,,,,,,,,,,,,,,,,,,,,,179.992584228516,180.010375976562,999.893371582031,999.893371582031,,,6.38024139404297,,1,0,0,0,0.00030517578125,35.190616607666,1,1,1,179.994827270508,0,180.000955369737,-51.1968040466309,5,0.000803597510219495,2.80374848733805E-5,0.000804195276408989,2.80386735567093E-5,0.944740235805511,0.959323704242706,30.8688011169434,0,30,4,200,-2.83806693914812E-5,-0.371869027614594,0.00867301598191261,2,,,,,,,,,,,,,,,,
,3959017025.28471,179.995086669922,999.893371582031,,,6,,,,30.7262451900536,,,10,,,,,,,,,,,,,,,,,,,,,,179.994827270508,180.00700378418,999.893371582031,999.893371582031,,,6.38099050521851,,1,0,0,0,0.00030517578125,36.1681327819824,1,1,1,179.995346069336,0,180.001114739312,-88.8288040161133,5,0.000838056799415725,2.9254355197857E-5,0.000839608682215106,2.92592395140015E-5,0.936382472515106,0.973752021789551,30.9457874298096,7.59198379516602,30,4,200,-9.04512853594497E-5,-0.381487518548965,0.0118079371750355,2,,,,,,,,,,,,,,,,
,3959017045.68041,179.995460510254,999.893371582031,,,6,,,,30.7262451900536,,,10,,,,,,,,,,,,,,,,,,,,,,179.9912109375,180.008224487305,999.893371582031,999.893371582031,,,6.38082885742188,,1,0,0,0,7.62939453125E-5,35.190616607666,1,1,1,179.995071411133,0,179.999625311957,-128.649612426758,5,0.000813717920078387,2.84841798764174E-5,0.000817361712433324,2.84875644315987E-5,0.902052044868469,0.96931803226471,31.0784664154053,,30,4,200,-0.000323839107295498,-0.37861630320549,0.0107094515115023,2,,,,,,,,,,,,,,,,
,3959017065.38183,179.995658874512,999.893371582031,,,6,,,,30.7262451900536,,,10,,,,,,,,,,,,,,,,,,,,,,179.995208740234,180.005844116211,999.893371582031,999.893371582031,,,6.38119554519653,,1,0,0,0,0.001068115234375,35.6793746948242,1,1,1,179.996109008789,0,180.000675625271,-165.912002563477,5,0.000769421867229945,2.70002038783572E-5,0.000775018131989194,2.70112415479706E-5,0.879688501358032,0.969939589500427,31.1690692901611,0,30,4,200,-0.000278022489510477,-0.361803889274597,0.00435903016477823,2,,,,,,,,,,,,,,,,
,3959017085.65871,179.995986938477,999.893371582031,,,6,,,,30.7262451900536,,,10,,,,,,,,,,,,,,,,,,,,,,179.990966796875,180.009796142578,999.893371582031,999.893371582031,,,6.38088083267212,,1,0,0,0,0.0005340576171875,35.6793746948242,1,1,1,179.994110107422,0,179.999767727322,-205.756805419922,5,0.000777972083850726,2.73309323225563E-5,0.000784257398302124,2.73425618666956E-5,0.870825111865997,0.960210084915161,31.1959362030029,1.00000047683716,30,4,200,-4.21068652940448E-5,-0.364432036876678,0.00444781268015504,2,,,,,,,,,,,,,,,,
,3959017105.65082,179.995613098145,999.893371582031,,,6,,,,30.7262451900536,,,10,,,,,,,,,,,,,,,,,,,,,,179.992492675781,180.008285522461,999.893371582031,999.893371582031,,,6.38133430480957,,1,0,0,0,0.0118255615234375,36.6568908691406,1,1,1,179.997116088867,0,180.000093248155,-243.393615722656,5,0.000821952603449663,2.88411505735124E-5,0.000827517646851567,2.88442188953429E-5,0.880384266376495,0.966414451599121,31.1634864807129,0.132453054189682,30,4,200,-0.000302549306070432,-0.380254685878754,0.0105090662837029,2,,,,,,,,,,,,,,,,
,3959017126.41778,179.995742797852,999.893371582031,,,6,,,,30.7262451900536,,,10,,,,,,,,,,,,,,,,,,,,,,179.991241455078,180.009475708008,999.893371582031,999.893371582031,,,6.38162136077881,,1,0,0,0,0.0003814697265625,35.6793746948242,1,1,1,179.993545532227,0,180.000230488024,-284.294403076172,5,0.000827493281717136,2.89463861853812E-5,0.000830746576669122,2.89525994334745E-5,0.909307539463043,0.971009731292725,31.0512561798096,6.81890469422797E-7,30,4,200,-0.000516347936354578,-0.381049871444702,0.0113347331061959,2,,,,,,,,,,,,,,,,
