[Header]
; MPMS3 Data File (default extension .dat)
; Copyright (c) 2007, Quantum Design, Inc. All rights reserved.
TITLE,
FILEOPENTIME,3959013609.11218,06/13/2025,9:59 pm
BYAPP,MPMS3 w/ AC,1.0,1.1
INFO,MPMS3 Measurement Release 1.2.2 Build 0, MultiVu Release 2.3.5.2,APPNAME
INFO,Linear Motor Servo Controller,MOTOR_MODULE_NAME
INFO,3101-100 N4,MOTOR_HW_VERSION
INFO,MMC1299,MOTOR_SERIAL_NUMBER
INFO,01.04.28,MOTOR_SOFTWARE_VERSION
INFO,Quantum Design Squid Module,SQUID_MODULE_NAME
INFO,3101-501 B0,SQUID_HW_VERSION
INFO,SQM364,SQUID_SERIAL_NUMBER
INFO,01.03.04,SQUID_SOFTWARE_VERSION
INFO,Quantum Design VSM Oven,OVEN_MODULE_NAME
INFO,3101-201 A3,OVEN_HW_VERSION
INFO,OVB387,OVEN_SERIAL_NUMBER
INFO,01.07.07,OVEN_SOFTWARE_VERSION
INFO,SQUID AC,AC_MODULE_NAME
INFO,3101-401 G0,AC_HW_VERSION
INFO,SAC242,AC_SERIAL_NUMBER
INFO,SQUID AC 00.95.11,AC_SOFTWARE_VERSION
INFO,TCI374,COIL_SERIAL_NUMBER
INFO,0,MOMENT_UNITS
INFO,Fe3O4,SAMPLE_MATERIAL
INFO,powder,SAMPLE_COMMENT
INFO,61.2,SAMPLE_MASS
INFO,,SAMPLE_VOLUME
INFO,,SAMPLE_MOLECULAR_WEIGHT
INFO,,SAMPLE_SIZE
INFO,,SAMPLE_SHAPE
INFO,Rotator,SAMPLE_HOLDER
INFO,Standard,SAMPLE_HOLDER_DETAIL
INFO,67.43,SAMPLE_OFFSET
DATATYPE,COMMENT,1
DATATYPE,TIME,2
STARTUPAXIS,X,2
STARTUPAXIS,Y1,5
FIELDGROUP, VSM,2,3,4,5,6,8,9,10,11,14,15
FIELDGROUP, DC, 2,3,4,14,56,57,58,59,60,61,62,63,64,65,66,67,68,69
FIELDGROUP, AC, 2,3,4,11,16,17,18,19,20,21,22,23,24,25,26,27,28,29,30
STARTUPGROUP, All
[Data]
Comment,Time Stamp (sec),Temperature (K),Magnetic Field (Oe),Moment (emu),M. Std. Err. (emu),Transport Action,Averaging Time (sec),Frequency (Hz),Peak Amplitude (mm),Center Position (mm),Lockin Signal' (V),Lockin Signal (V),Range,M. Quad. Signal (emu),AC Moment (emu),AC M. Std Err. (emu),AC Phase (deg),AC Phase Std. Err. (deg),AC Susceptibility (emu/Oe),AC Suscept. Std Err. (emu/Oe),AC X' (emu/Oe),AC X' Std Err. (emu/Oe),AC X'' (emu/Oe),AC X'' Std Err. (emu/Oe),AC Drive (Oe),AC Frequency (Hz),AC Averaging Time (sec),AC Cycles,AC Range,AC Measure Type,AC Signal' (V),AC Signal'' (V),AC Trim Coil Ratio,AC Trim Coil Phase,Min. Temperature (K),Max. Temperature (K),Min. Field (Oe),Max. Field (Oe),Mass (grams),Motor Lag (deg),Pressure (Torr),Measure Count,Measurement Number,SQUID Status (code),Motor Status (code),Measure Status (code),Motor Current (amps),Motor Temp. (C),Temp. Status (code),Field Status (code),Chamber Status (code),Chamber Temp (K),Redirection State,Average Temp (K),Rotation Angle (deg),Rotator state,DC Moment Fixed Ctr (emu),DC Moment Err Fixed Ctr (emu),DC Moment Free Ctr (emu),DC Moment Err Free Ctr (emu),DC Fixed Fit,DC Free Fit,DC Calculated Center (mm),DC Calculated Center Err (mm),DC Scan Length (mm),DC Scan Time (s),DC Number of Points,DC Squid Drift,DC Min V (V),DC Max V (V),DC Scans per Measure,He3 temp,Map 02,Map 03,Map 04,Map 05,Map 06,Map 07,Map 08,Map 09,Map 10,Map 11,Map 12,Map 13,Map 14,Map 15,Map 16
,3959013619.31771,100.301746368408,999.881225585938,,,6,,,,30.7262451900536,,,10,,,,,,,,,,,,,,,,,,,,,,99.9984893798828,100.55103302002,999.881225585938,999.881225585938,,,6.26649475097656,,1,0,0,0,0,35.6793746948242,6,1,1,100.605003356934,0,100.129284328885,90.0000076293945,1,0.00161242372174478,5.6234495917182E-5,0.00161421589251274,5.62396867104448E-5,0.952660143375397,0.985632002353668,30.8965549468994,0.131802752614021,30,4,200,-0.00040613254532218,-0.601964831352234,0.149591073393822,2,,,,,,,,,,,,,,,,
,3959013639.10479,101.850242614746,999.881225585938,,,6,,,,30.7262451900536,,,10,,,,,,,,,,,,,,,,,,,,,,100.605003356934,102.972984313965,999.881225585938,999.881225585938,,,6.27086210250855,,1,0,0,0,0.000152587890625,35.190616607666,2,1,1,103.095481872559,0,101.677967495388,90.0000076293945,1,0.00157565648553779,5.49557094850487E-5,0.0015774559653183,5.49609684142807E-5,0.951337397098541,0.983284771442413,30.8988361358643,,30,4,200,-0.000535277067683637,-0.59568578004837,0.145086690783501,2,,,,,,,,,,,,,,,,
,3959013659.83735,104.731651306152,999.881225585938,,,6,,,,30.7262451900536,,,10,,,,,,,,,,,,,,,,,,,,,,103.159210205078,106.235656738281,999.881225585938,999.881225585938,,,6.27502250671387,,1,0,0,0,0.000152587890625,35.190616607666,2,1,1,106.304092407227,0,104.631901211209,90.0000076293945,1,0.00152259255967106,5.31071782368642E-5,0.00152439338936268,5.31125494748075E-5,0.950481712818146,0.982876420021057,30.9017505645752,,30,4,200,-0.000535220780875534,-0.578942000865936,0.137420445680618,2,,,,,,,,,,,,,,,,
,3959013680.66112,108.079441070557,999.881225585938,,,6,,,,30.7262451900536,,,10,,,,,,,,,,,,,,,,,,,,,,106.47225189209,109.686630249023,999.881225585938,999.881225585938,,,6.27903842926025,,1,0,0,0,0.000152587890625,35.190616607666,2,1,1,109.686630249023,0,108.030718753212,90.0000076293945,1,0.00147086499895276,5.13052509740899E-5,0.00147266015390712,5.13103146615822E-5,0.949594140052795,0.982625901699066,30.9049968719482,,30,4,200,-0.000506587675772607,-0.561844348907471,0.13011808693409,2,,,,,,,,,,,,,,,,
,3959013701.42718,111.448364257813,999.881225585938,,,6,,,,30.7262451900536,,,10,,,,,,,,,,,,,,,,,,,,,,109.795845031738,113.055953979492,999.881225585938,999.881225585938,,,6.28340816497803,,1,0,0,0,0.000152587890625,36.1681327819824,2,1,1,113.100883483887,0,111.37851835552,90.0000076293945,1,0.00142151476469269,4.95860765655182E-5,0.00142331380732692,4.95911872971336E-5,0.948715031147003,0.982389509677887,30.9082202911377,0,30,4,200,-0.000531454395968467,-0.545458614826202,0.123389229178429,2,,,,,,,,,,,,,,,,
,3959013722.36972,114.944675445557,999.881225585938,,,6,,,,30.7262451900536,,,10,,,,,,,,,,,,,,,,,,,,,,113.323585510254,116.493469238281,999.881225585938,999.881225585938,,,6.28764057159424,,1,0,0,0,0.000152587890625,35.6793746948242,2,1,1,116.565765380859,0,114.92226155599,90.0000076293945,1,0.00137435862773679,4.79433307058937E-5,0.00137616244346943,4.7948485773263E-5,0.94782966375351,0.982189655303955,30.911491394043,0,30,4,200,-0.000478047120850533,-0.529565751552582,0.117051839828491,2,,,,,,,,,,,,,,,,
,3959013743.05087,118.390575408936,999.881225585938,,,6,,,,30.7262451900536,,,10,,,,,,,,,,,,,,,,,,,,,,116.752738952637,119.943428039551,999.881225585938,999.881225585938,,,6.29116678237915,,1,0,0,0,0,35.190616607666,2,1,1,120.028411865234,0,118.29906378852,90.0000076293945,1,0.00133029431642483,4.64083966192672E-5,0.00133211242137278,4.64138909828667E-5,0.946932792663574,0.981963992118835,30.9148044586182,0,30,4,200,-0.000533602898940444,-0.514653921127319,0.111057601869106,2,,,,,,,,,,,,,,,,
,3959013762.96209,121.657855987549,999.881225585938,,,6,,,,30.7262451900536,,,10,,,,,,,,,,,,,,,,,,,,,,120.091133117676,123.046485900879,999.881225585938,999.881225585938,,,6.29517602920532,,1,0,0,0,0.000152587890625,35.190616607666,2,1,1,123.287300109863,0,121.483736823587,90.0000076293945,1,0.00129054266609474,4.50246402434632E-5,0.00129238865367153,4.50301335258897E-5,0.945691168308258,0.981588184833527,30.9191303253174,2.38336070879086E-7,30,4,200,-0.000627759611234069,-0.501323699951172,0.105753093957901,2,,,,,,,,,,,,,,,,
,3959013783.56763,125.075206756592,999.881225585938,,,6,,,,30.7262451900536,,,10,,,,,,,,,,,,,,,,,,,,,,123.403457641602,126.645454406738,999.881225585938,999.881225585938,,,6.29892301559448,,1,0,0,0,0.0002288818359375,35.6793746948242,2,1,1,126.746955871582,0,125.016502804226,90.0000076293945,1,0.00125058245282732,4.36330352471281E-5,0.00125244590034264,4.36386395130342E-5,0.944632589817047,0.981314301490784,30.9230766296387,2.2842236546694E-7,30,4,200,-0.000520770438015461,-0.487934023141861,0.100479647517204,2,,,,,,,,,,,,,,,,
,3959013804.36353,128.476837158203,999.881225585938,,,6,,,,30.7262451900536,,,10,,,,,,,,,,,,,,,,,,,,,,126.818603515625,130.029495239258,999.881225585938,999.881225585938,,,6.30302476882935,,1,0,0,0,0.000152587890625,35.6793746948242,2,1,1,130.135070800781,0,128.454359266493,90.0000076293945,1,0.00121310810886505,4.23280602614752E-5,0.00121496463301264,4.23328944976808E-5,0.943576812744141,0.981064319610596,30.9269866943359,0,30,4,200,-0.000501662609167397,-0.475518316030502,0.0952304676175117,2,,,,,,,,,,,,,,,,
,3959013825.28239,131.924827575684,999.881225585938,,,6,,,,30.7262451900536,,,10,,,,,,,,,,,,,,,,,,,,,,130.208892822266,133.640762329102,999.881225585938,999.881225585938,,,6.306715965271,,1,0,0,0,0.000152587890625,35.6793746948242,2,1,1,133.640762329102,0,131.949834723222,90.0000076293945,1,0.00117721166262176,4.10787297391784E-5,0.00117909783963737,4.10835348228419E-5,0.942221105098724,0.980611085891724,30.9318332672119,0,30,4,200,-0.000564399408176541,-0.463845014572144,0.0902997702360153,2,,,,,,,,,,,,,,,,
,3959013845.75791,135.325950622559,999.881225585938,,,6,,,,30.7262451900536,,,10,,,,,,,,,,,,,,,,,,,,,,133.674468994141,136.917297363281,999.881225585938,999.881225585938,,,6.31009817123413,,1,0,0,0,7.62939453125E-5,35.6793746948242,2,1,1,137.017547607422,0,135.195242987739,90.0000076293945,1,0.00114404149734,3.99244123844305E-5,0.00114596730827651,3.99292648249063E-5,0.940878748893738,0.980491280555725,30.9370594024658,,30,4,200,-0.000537556479685009,-0.452674776315689,0.0856311917304993,2,,,,,,,,,,,,,,,,
,3959013866.57107,138.729644775391,999.881225585938,,,6,,,,30.7262451900536,,,10,,,,,,,,,,,,,,,,,,,,,,137.087188720703,140.192230224609,999.881225585938,999.881225585938,,,6.31417179107666,,1,0,0,0,0.010833740234375,35.6793746948242,2,1,1,140.372100830078,0,138.62803056505,90.0000076293945,1,0.00111204355970994,3.88108561385759E-5,0.00111399727681243,3.88156596802856E-5,0.939539670944214,0.98002678155899,30.9417781829834,0,30,4,200,-0.00057087792083621,-0.442211419343948,0.0812141746282578,2,,,,,,,,,,,,,,,,
,3959013887.56493,142.165580749512,999.881225585938,,,6,,,,30.7262451900536,,,10,,,,,,,,,,,,,,,,,,,,,,140.482528686523,143.660842895508,999.881225585938,999.881225585938,,,6.31775951385498,,1,0,0,0,0.000457763671875,35.6793746948242,2,1,1,143.8486328125,0,142.050321790907,90.0000076293945,1,0.00108152288051399,3.77487213690762E-5,0.00108352481796413,3.77541583181153E-5,0.938231408596039,0.97970324754715,30.9466133117676,0,30,4,200,-0.000487697805510834,-0.432292610406876,0.0767881572246552,2,,,,,,,,,,,,,,,,
,3959013908.41813,145.616203308105,999.881225585938,,,6,,,,30.7262451900536,,,10,,,,,,,,,,,,,,,,,,,,,,143.896759033203,147.261566162109,999.881225585938,999.881225585938,,,6.32511758804321,,1,0,0,0,0.000152587890625,35.6793746948242,2,1,1,147.335647583008,0,145.605386834396,90.0000076293945,1,0.00105263693386467,3.67439907258748E-5,0.00105468840469007,3.67495891810271E-5,0.936715424060822,0.979418218135834,30.9524250030518,7.5819091796875,30,4,200,-0.000550968397874385,-0.423003554344177,0.0725265368819237,2,,,,,,,,,,,,,,,,
,3959013929.32997,148.314994812012,999.881225585938,,,6,,,,30.7262451900536,,,10,,,,,,,,,,,,,,,,,,,,,,147.438827514648,149.181533813477,999.881225585938,999.881225585938,,,6.32729053497314,,1,0,0,0,0,36.1681327819824,6,1,1,149.191162109375,0,148.500889248318,90.0000076293945,1,0.00103151867348662,3.60081739049068E-5,0.00103354066882879,3.60131474620178E-5,0.936130166053772,0.978851974010468,30.9540195465088,0.31208747625351,30,4,200,-0.0002124473976437,-0.41230520606041,0.0722577199339867,2,,,,,,,,,,,,,,,,
,3959013949.27474,149.438438415527,999.881225585938,,,6,,,,30.7262451900536,,,10,,,,,,,,,,,,,,,,,,,,,,149.191162109375,149.680709838867,999.881225585938,999.881225585938,,,6.32814836502075,,1,0,0,0,0,35.6793746948242,6,1,1,149.68571472168,0,149.485271030002,90.0000076293945,1,0.00102744320240894,3.58674679156851E-5,0.00102952167776672,3.5872107376242E-5,0.935457706451416,0.980221569538116,30.9583511352539,0.000282121705822647,30,4,200,-0.000435240421211347,-0.409843891859055,0.0701959729194641,2,,,,,,,,,,,,,,,,
,3959013968.72521,149.764831542969,999.881225585938,,,6,,,,30.7262451900536,,,10,,,,,,,,,,,,,,,,,,,,,,149.68571472168,149.843948364258,999.881225585938,999.881225585938,,,6.32934951782227,,1,0,0,0,7.62939453125E-5,35.190616607666,5,1,1,149.843948364258,0,149.775240580241,90.0000076293945,1,0.00102638898612256,3.58314627131153E-5,0.00102852692489036,3.58374739679321E-5,0.93511426448822,0.980179369449615,30.9596309661865,0,30,4,200,-0.000403573358198628,-0.410427004098892,0.0690390467643738,2,,,,,,,,,,,,,,,,
,3959013988.21992,149.881233215332,999.881225585938,,,6,,,,30.7262451900536,,,10,,,,,,,,,,,,,,,,,,,,,,149.846405029297,149.914779663086,999.881225585938,999.881225585938,,,6.33033752441406,,1,0,0,0,0,35.6793746948242,6,1,1,149.916061401367,0,149.884304470486,90.0000076293945,1,0.00102619703707352,3.58254442116503E-5,0.00102833596267218,3.58308820253655E-5,0.934823930263519,0.980096936225891,30.9607086181641,,30,4,200,-0.000449047976871952,-0.411083728075027,0.0682564377784729,2,,,,,,,,,,,,,,,,
,3959014007.74205,149.935302734375,999.881225585938,,,6,,,,30.7262451900536,,,10,,,,,,,,,,,,,,,,,,,,,,149.916366577148,149.954238891602,999.881225585938,999.881225585938,,,6.33097648620605,,1,0,0,0,0,35.190616607666,5,1,1,149.954238891602,0,149.937882317437,90.0000076293945,1,0.00102624800168197,3.5827908851694E-5,0.00102839589432641,3.58329627164466E-5,0.934528052806854,0.980093538761139,30.9619178771973,,30,4,200,-0.000443690543761477,-0.41177499294281,0.0675597414374351,2,,,,,,,,,,,,,,,,
,3959014027.24,149.967079162598,999.881225585938,,,6,,,,30.7262451900536,,,10,,,,,,,,,,,,,,,,,,,,,,149.954711914062,149.977645874023,999.881225585938,999.881225585938,,,6.331467628479,,1,0,0,0,0,35.190616607666,1,1,1,149.979446411133,0,149.968578563017,90.0000076293945,1,0.00102630723121823,3.58304352677713E-5,0.00102846419559786,3.58353243650413E-5,0.9343381524086,0.980133771896362,30.962703704834,0.131840482354164,30,4,200,-0.000445408921223134,-0.412361294031143,0.0669833645224571,2,,,,,,,,,,,,,,,,
,3959014046.71183,149.986488342285,999.881225585938,,,6,,,,30.7262451900536,,,10,,,,,,,,,,,,,,,,,,,,,,149.979873657227,149.993804931641,999.881225585938,999.881225585938,,,6.33221054077148,,1,0,0,0,0,35.190616607666,1,1,1,149.993103027344,0,149.988409603343,90.0000076293945,1,0.00102636371533798,3.58328683007969E-5,0.00102854476494063,3.58381437913354E-5,0.934145212173462,0.980123102664947,30.9633884429932,0.131749212741852,30,4,200,-0.00032954552443698,-0.41279125213623,0.0665320754051208,2,,,,,,,,,,,,,,,,
,3959014065.83083,149.997375488281,999.881225585938,,,6,,,,30.7262451900536,,,10,,,,,,,,,,,,,,,,,,,,,,149.993255615234,150.003280639648,999.881225585938,999.881225585938,,,6.33292198181152,,1,0,0,0,0.000152587890625,36.1681327819824,1,1,1,150.001495361328,0,149.999406702378,90.0000076293945,1,0.00102642918077672,3.58353961634105E-5,0.00102860922545173,3.58404094177201E-5,0.934041559696198,0.98009067773819,30.9638442993164,7.58416938781738,30,4,200,-0.000294399942504242,-0.412855595350265,0.0664320811629295,2,,,,,,,,,,,,,,,,
,3959014085.37705,150.00422668457,999.881225585938,,,6,,,,30.7262451900536,,,10,,,,,,,,,,,,,,,,,,,,,,150.002029418945,150.008255004883,999.881225585938,999.881225585938,,,6.33334064483643,,1,0,0,0,7.62939453125E-5,35.6793746948242,1,1,1,150.006423950195,0,150.005602668313,90.0000076293945,1,0.0010263152802034,3.58318333042693E-5,0.00102850457108343,3.58368139741153E-5,0.933860123157501,0.979994714260101,30.9644298553467,5.56456899642944,30,4,200,-0.000263644324149936,-0.412768810987473,0.0666198581457138,2,,,,,,,,,,,,,,,,
,3959014104.65181,150.007507324219,999.881225585938,,,6,,,,30.7262451900536,,,10,,,,,,,,,,,,,,,,,,,,,,150.006423950195,150.012313842773,999.881225585938,999.881225585938,,,6.33309555053711,,1,0,0,0,0,35.6793746948242,1,1,1,150.008590698242,0,150.009955911075,90.0000076293945,1,0.00102632515229031,3.58324056589918E-5,0.00102852863341098,3.5837614610067E-5,0.933773338794708,0.980076789855957,30.9649047851562,0,30,4,200,-0.000370214052964002,-0.413080811500549,0.0662346705794334,2,,,,,,,,,,,,,,,,
,3959014124.0094,150.00732421875,999.881225585938,,,6,,,,30.7262451900536,,,10,,,,,,,,,,,,,,,,,,,,,,150.006332397461,150.012680053711,999.881225585938,999.881225585938,,,6.33417749404907,,1,0,0,0,0,34.2131004333496,1,1,1,150.006057739258,0,150.009858025445,90.0000076293945,1,0.00102633666694291,3.58327885510198E-5,0.00102853735018802,3.58379663078156E-5,0.933783531188965,0.980016827583313,30.9648170471191,0,30,4,200,-0.00033817210351117,-0.413227528333664,0.0661149248480797,2,,,,,,,,,,,,,,,,
,3959014143.38581,150.005630493164,999.881225585938,,,6,,,,30.7262451900536,,,10,,,,,,,,,,,,,,,,,,,,,,150.005599975586,150.009963989258,999.881225585938,999.881225585938,,,6.33401250839233,,1,0,0,0,0,35.6793746948242,1,1,1,150.00520324707,0,150.007871740005,90.0000076293945,1,0.00102634323733223,3.58335021027185E-5,0.00102856163583408,3.58387924526718E-5,0.933572828769684,0.980018734931946,30.9656352996826,0,30,4,200,-0.0003882892196998,-0.413296699523926,0.0660090297460556,2,,,,,,,,,,,,,,,,
,3959014162.78915,150.004592895508,999.881225585938,,,6,,,,30.7262451900536,,,10,,,,,,,,,,,,,,,,,,,,,,150.003814697266,150.009262084961,999.881225585938,999.881225585938,,,6.33408880233765,,1,0,0,0,0,35.6793746948242,1,1,1,150.003982543945,0,150.006412929959,90.0000076293945,1,0.00102641646268777,3.58360877623834E-5,0.00102863639715702,3.58414006448627E-5,0.933562397956848,0.980019986629486,30.965705871582,,30,4,200,-0.000333754607709125,-0.413606971502304,0.0657849982380867,2,,,,,,,,,,,,,,,,
,3959014182.23144,150.002639770508,999.881225585938,,,6,,,,30.7262451900536,,,10,,,,,,,,,,,,,,,,,,,,,,150.001434326172,150.008117675781,999.881225585938,999.881225585938,,,6.33518171310425,,1,0,0,0,0.000152587890625,36.1681327819824,1,1,1,150.001129150391,0,150.00447621065,90.0000076293945,1,0.0010264520043269,3.58375510270324E-5,0.00102867396259242,3.5842714457076E-5,0.933471322059631,0.980019211769104,30.9660549163818,0,30,4,200,-0.000256292172707617,-0.413718938827515,0.0657693892717361,2,,,,,,,,,,,,,,,,
,3959014201.35971,150.000869750977,999.881225585938,,,6,,,,30.7262451900536,,,10,,,,,,,,,,,,,,,,,,,,,,150.00016784668,150.005920410156,999.881225585938,999.881225585938,,,6.33522272109985,,1,0,0,0,0.000152587890625,35.6793746948242,1,1,1,150.000305175781,0,150.002927892348,90.0000076293945,1,0.0010265252430852,3.58402816870533E-5,0.00102875202743981,3.58454594608803E-5,0.93339878320694,0.979984104633331,30.9663143157959,,30,4,200,-0.000327516812831163,-0.413976758718491,0.0655129477381706,2,,,,,,,,,,,,,,,,
,3959014220.87091,150.000457763672,999.881225585938,,,6,,,,30.7262451900536,,,10,,,,,,,,,,,,,,,,,,,,,,149.99885559082,150.005462646484,999.881225585938,999.881225585938,,,6.33537721633911,,1,0,0,0,0,35.6793746948242,1,1,1,150.000213623047,0,150.002270866843,90.0000076293945,1,0.0010265574779647,3.5841646017334E-5,0.00102878801936215,3.584673214029E-5,0.933298766613007,0.979956686496735,30.9666900634766,0,30,4,200,-0.000321476662065834,-0.41408634185791,0.0654932782053947,2,,,,,,,,,,,,,,,,
,3959014240.12182,149.999786376953,999.881225585938,,,6,,,,30.7262451900536,,,10,,,,,,,,,,,,,,,,,,,,,,149.999252319336,150.004745483398,999.881225585938,999.881225585938,,,6.33536958694458,,1,0,0,0,0,35.190616607666,1,1,1,149.999359130859,0,150.002018648035,90.0000076293945,1,0.00102657408658917,3.58422434644053E-5,0.00102881033597252,3.58474620305429E-5,0.933289349079132,0.980016052722931,30.9667739868164,0,30,4,200,-0.000374806084437296,-0.414489388465881,0.0650758743286133,2,,,,,,,,,,,,,,,,
,3959014259.59428,149.998977661133,999.881225585938,,,6,,,,30.7262451900536,,,10,,,,,,,,,,,,,,,,,,,,,,149.996765136719,150.004943847656,999.881225585938,999.881225585938,,,6.33571529388428,,1,0,0,0,0.000152587890625,36.1681327819824,1,1,1,149.998596191406,0,150.000768025716,90.0000076293945,1,0.0010266433364051,3.58449689142621E-5,0.00102889263092138,3.58503740821538E-5,0.933164000511169,0.979962825775146,30.9672298431396,0.13189235329628,30,4,200,-0.000301624997518957,-0.41471391916275,0.0649650096893311,2,,,,,,,,,,,,,,,,
,3959014279.05493,149.998558044434,999.881225585938,,,6,,,,30.7262451900536,,,10,,,,,,,,,,,,,,,,,,,,,,149.997817993164,150.004196166992,999.881225585938,999.881225585938,,,6.33612489700317,,1,0,0,0,7.62939453125E-5,35.6793746948242,1,1,1,149.998519897461,0,150.000832950368,90.0000076293945,1,0.00102674317051744,3.58483990447343E-5,0.00102898872220831,3.58536805383757E-5,0.93318909406662,0.980027496814728,30.9671611785889,5.56481456756592,30,4,200,-0.000346469838405028,-0.415024757385254,0.0646256878972054,2,,,,,,,,,,,,,,,,
,3959014298.56677,149.998039245605,999.881225585938,,,6,,,,30.7262451900536,,,10,,,,,,,,,,,,,,,,,,,,,,149.997039794922,150.004180908203,999.881225585938,999.881225585938,,,6.33619594573975,,1,0,0,0,0.000152587890625,36.1681327819824,1,1,1,149.99755859375,0,150.000422159831,90.0000076293945,1,0.00102668896677205,3.58466312989647E-5,0.00102893499757425,3.58518473623445E-5,0.933133900165558,0.979962348937988,30.9673290252686,8.52003704968504E-22,30,4,200,-0.000331365794409066,-0.41531166434288,0.0644083321094513,2,,,,,,,,,,,,,,,,
,3959014318.03791,149.997604370117,999.881225585938,,,6,,,,30.7262451900536,,,10,,,,,,,,,,,,,,,,,,,,,,149.997482299805,150.003524780273,999.881225585938,999.881225585938,,,6.33601188659668,,1,0,0,0,0.000152587890625,35.6793746948242,1,1,1,149.997650146484,0,150.000310262044,90.0000076293945,1,0.0010266942154942,3.58469196058995E-5,0.00102895036295572,3.58523188363269E-5,0.933084845542908,0.980033099651337,30.9675769805908,0,30,4,200,-0.000290058407699689,-0.415638864040375,0.0640464201569557,2,,,,,,,,,,,,,,,,
,3959014337.10248,149.997215270996,999.881225585938,,,6,,,,30.7262451900536,,,10,,,,,,,,,,,,,,,,,,,,,,149.996383666992,150.003463745117,999.881225585938,999.881225585938,,,6.33639717102051,,1,0,0,0,0.000152587890625,35.6793746948242,1,1,1,149.996780395508,0,149.999614042394,90.0000076293945,1,0.00102671005228622,3.58476194444983E-5,0.00102895770317401,3.58526615539623E-5,0.933030128479004,0.979932963848114,30.9676685333252,0,30,4,200,-0.000343036139383912,-0.415843635797501,0.0638844072818756,2,,,,,,,,,,,,,,,,
,3959014356.53022,149.997360229492,999.881225585938,,,6,,,,30.7262451900536,,,10,,,,,,,,,,,,,,,,,,,,,,149.996917724609,150.003707885742,999.881225585938,999.881225585938,,,6.33677291870117,,1,0,0,0,7.62939453125E-5,35.6793746948242,1,1,1,149.997634887695,0,150.000240550322,90.0000076293945,1,0.00102687828221995,3.58536006121715E-5,0.0010291351092678,3.58588205510637E-5,0.932982623577118,0.979954123497009,30.9678974151611,3.96782197640277E-5,30,4,200,-0.00030653114663437,-0.416178524494171,0.0636182874441147,2,,,,,,,,,,,,,,,,
,3959014375.80878,149.997184753418,999.881225585938,,,6,,,,30.7262451900536,,,10,,,,,,,,,,,,,,,,,,,,,,149.995086669922,150.003631591797,999.881225585938,999.881225585938,,,6.33694839477539,,1,0,0,0,0.000152587890625,36.1681327819824,1,1,1,149.996597290039,0,149.999116785386,90.0000076293945,1,0.00102677639116891,3.58501807747018E-5,0.00102903169113533,3.58552481432902E-5,0.932924687862396,0.979907870292664,30.9681053161621,0,30,4,200,-0.000338371639372781,-0.416351765394211,0.0634702667593956,2,,,,,,,,,,,,,,,,
,3959014395.31687,149.996551513672,999.881225585938,,,6,,,,30.7262451900536,,,10,,,,,,,,,,,,,,,,,,,,,,149.99626159668,150.003433227539,999.881225585938,999.881225585938,,,6.33707904815674,,1,0,0,0,0.000152587890625,35.190616607666,1,1,1,149.996505737305,0,149.999816894531,90.0000076293945,1,0.0010268309953946,3.58520890236495E-5,0.00102908565211811,3.58571002342781E-5,0.932923138141632,0.979944288730621,30.9681510925293,0,30,4,200,-0.000357188313500956,-0.41670686006546,0.063036173582077,2,,,,,,,,,,,,,,,,
,3959014414.83996,149.996788024902,999.881225585938,,,6,,,,30.7262451900536,,,10,,,,,,,,,,,,,,,,,,,,,,149.996505737305,150.004013061523,999.881225585938,999.881225585938,,,6.33737087249756,,1,0,0,0,0.000152587890625,35.6793746948242,1,1,1,149.9970703125,0,150.000181310317,90.0000076293945,1,0.00102691120872262,3.58550180832389E-5,0.00102917387384055,3.58601809595638E-5,0.932874977588654,0.979951500892639,30.9683265686035,0,30,4,200,-0.000321893894579262,-0.41719514131546,0.0624958463013172,2,,,,,,,,,,,,,,,,
,3959014434.38493,149.996627807617,999.881225585938,,,6,,,,30.7262451900536,,,10,,,,,,,,,,,,,,,,,,,,,,149.996047973633,150.004806518555,999.881225585938,999.881225585938,,,6.33754348754883,,1,0,0,0,0.000152587890625,35.6793746948242,1,1,1,149.996185302734,0,150.000314500597,90.0000076293945,1,0.00102689674498958,3.58547603738437E-5,0.00102916923786097,3.58600361776751E-5,0.932772517204285,0.979927361011505,30.9687557220459,0,30,4,200,-0.000319871818646789,-0.417383134365082,0.0622405931353569,2,,,,,,,,,,,,,,,,
,3959014453.87827,149.996658325195,999.881225585938,,,6,,,,30.7262451900536,,,10,,,,,,,,,,,,,,,,,,,,,,149.996185302734,150.003051757813,999.881225585938,999.881225585938,,,6.33758926391602,,1,0,0,0,0,36.1681327819824,1,1,1,149.997131347656,0,149.999763039982,90.0000076293945,1,0.00102695137722161,3.5856755250862E-5,0.0010292267357137,3.58620092304004E-5,0.932734072208404,0.979961514472961,30.9688682556152,,30,4,200,-0.000405554310418665,-0.41783219575882,0.061974473297596,2,,,,,,,,,,,,,,,,
,3959014473.35568,149.996444702148,999.881225585938,,,6,,,,30.7262451900536,,,10,,,,,,,,,,,,,,,,,,,,,,149.995407104492,150.00390625,999.881225585938,999.881225585938,,,6.33796977996826,,1,0,0,0,0,35.190616607666,1,1,1,149.995635986328,0,149.999487135145,90.0000076293945,1,0.00102696217725772,3.58570041630268E-5,0.00102922784568425,3.58621015956551E-5,0.932785391807556,0.979881584644318,30.9686717987061,3.95822717109695E-5,30,4,200,-0.000332112249452621,-0.417884200811386,0.0617605522274971,2,,,,,,,,,,,,,,,,
,3959014492.78566,149.996421813965,999.881225585938,,,6,,,,30.7262451900536,,,10,,,,,,,,,,,,,,,,,,,,,,149.995086669922,150.004104614258,999.881225585938,999.881225585938,,,6.33810615539551,,1,0,0,0,0.000152587890625,36.1681327819824,1,1,1,149.996871948242,0,149.999167049632,90.0000076293945,1,0.00102692671946883,3.58559615334945E-5,0.00102919421899918,3.58609202242452E-5,0.932702660560608,0.979888081550598,30.9689979553223,,30,4,200,-0.000357428943971172,-0.418141216039658,0.061749167740345,2,,,,,,,,,,,,,,,,
,3959014511.90991,149.996780395508,999.881225585938,,,6,,,,30.7262451900536,,,10,,,,,,,,,,,,,,,,,,,,,,149.996612548828,150.00390625,999.881225585938,999.881225585938,,,6.33783912658691,,1,0,0,0,0,36.1681327819824,1,1,1,149.996688842773,0,150.000188490924,90.0000076293945,1,0.00102696256316976,3.58572792812827E-5,0.0010292305219276,3.58621744454214E-5,0.932675898075104,0.97990483045578,30.9690761566162,8.52003704968504E-22,30,4,200,-0.00030124161276035,-0.418357789516449,0.0613592676818371,2,,,,,,,,,,,,,,,,
,3959014531.35546,149.996543884277,999.881225585938,,,6,,,,30.7262451900536,,,10,,,,,,,,,,,,,,,,,,,,,,149.996475219727,150.003997802734,999.881225585938,999.881225585938,,,6.3382248878479,,1,0,0,0,0,35.6793746948242,1,1,1,149.996398925781,0,150.000128851997,90.0000076293945,1,0.00102693536751048,3.58564175487618E-5,0.00102920144800295,3.58612539383005E-5,0.932649612426758,0.979810178279877,30.9691410064697,0,30,4,200,-0.000359597004717216,-0.418521344661713,0.061161495745182,2,,,,,,,,,,,,,,,,
,3959014550.83901,149.996238708496,999.881225585938,,,6,,,,30.7262451900536,,,10,,,,,,,,,,,,,,,,,,,,,,149.996002197266,150.003723144531,999.881225585938,999.881225585938,,,6.33839702606201,,1,0,0,0,0.000152587890625,35.6793746948242,1,1,1,149.996078491211,0,149.999860127767,90.0000076293945,1,0.00102709599929094,3.58621851305198E-5,0.00102937622627059,3.58672920638055E-5,0.932582139968872,0.979875028133392,30.9694328308105,0,30,4,200,-0.000330580223817378,-0.418818712234497,0.0609332658350468,2,,,,,,,,,,,,,,,,
,3959014570.32697,149.99609375,999.881225585938,,,6,,,,30.7262451900536,,,10,,,,,,,,,,,,,,,,,,,,,,149.995834350586,150.004745483398,999.881225585938,999.881225585938,,,6.3379225730896,,1,0,0,0,0.000152587890625,36.1681327819824,1,1,1,149.995895385742,0,150.000177171495,90.0000076293945,1,0.00102701173341863,3.58592884484584E-5,0.00102928937844731,3.58642938394568E-5,0.932559370994568,0.979823052883148,30.9694671630859,0,30,4,200,-0.000363516592187807,-0.419030547142029,0.060893502086401,2,,,,,,,,,,,,,,,,
,3959014589.80268,149.99634552002,999.881225585938,,,6,,,,30.7262451900536,,,10,,,,,,,,,,,,,,,,,,,,,,149.995895385742,150.003952026367,999.881225585938,999.881225585938,,,6.33873176574707,,1,0,0,0,0.000152587890625,35.190616607666,1,1,1,149.996795654297,0,149.999720853918,90.0000076293945,1,0.00102711811575488,3.58629715451766E-5,0.00102939425695508,3.58678439303913E-5,0.932571470737457,0.979964733123779,30.9696083068848,1.64725934155285E-5,30,4,200,-0.000357412936864421,-0.419109761714935,0.0606100969016552,2,,,,,,,,,,,,,,,,
,3959014609.32929,149.995765686035,999.893371582031,,,6,,,,30.7262451900536,,,10,,,,,,,,,,,,,,,,,,,,,,149.994338989258,150.003875732422,999.881225585938,999.929748535156,,,6.33877515792847,,1,0,0,0,0.000152587890625,35.6793746948242,1,1,1,149.99462890625,0,149.999894036187,90.0000076293945,1,0.00104083230319656,3.63885336812258E-5,0.00104390823865357,3.63944522085949E-5,0.915733754634857,0.960650444030762,31.0085563659668,0,30,4,200,-0.000802851631306112,-0.444169193506241,0.0680587142705917,2,,,,,,,,,,,,,,,,
,3959014628.80638,149.995529174805,999.905517578125,,,6,,,,30.7262451900536,,,10,,,,,,,,,,,,,,,,,,,,,,149.99462890625,150.002883911133,999.905517578125,999.905517578125,,,6.33890724182129,,1,0,0,0,0.000152587890625,36.1681327819824,1,1,1,149.996429443359,0,149.998884412977,90.0000076293945,1,0.0010272151915939,3.58665510273729E-5,0.00102949137422215,3.58712489130346E-5,0.932493388652802,0.979935765266418,30.9698696136475,0,30,4,200,-0.000356926000677049,-0.411841988563538,0.0681773871183395,2,,,,,,,,,,,,,,,,
,3959014648.246,149.99617767334,999.905517578125,,,6,,,,30.7262451900536,,,10,,,,,,,,,,,,,,,,,,,,,,149.995819091797,150.003921508789,999.905517578125,999.905517578125,,,6.3389048576355,,1,0,0,0,0.000152587890625,35.190616607666,1,1,1,149.995819091797,0,149.999565972222,90.0000076293945,1,0.00102717331587119,3.58652489913714E-5,0.0010294450095864,3.58696592796371E-5,0.932429850101471,0.97990745306015,30.9700965881348,0,30,4,200,-0.000383971724659204,-0.412180721759796,0.0678819194436073,2,,,,,,,,,,,,,,,,
,3959014667.60498,149.996185302734,999.905517578125,,,6,,,,30.7262451900536,,,10,,,,,,,,,,,,,,,,,,,,,,149.996047973633,150.005111694336,999.905517578125,999.905517578125,,,6.33880615234375,,1,0,0,0,0.0116729736328125,35.6793746948242,1,1,1,149.996231079102,0,149.999737010283,85.5168075561523,5,0.00102708293047002,3.58621668192803E-5,0.00102939978976239,3.5868131517898E-5,0.932396352291107,0.979830503463745,30.9701061248779,0,30,4,200,-0.000322725129080936,-0.412410318851471,0.0676897391676903,2,,,,,,,,,,,,,,,,
,3959014687.82189,149.996704101562,999.905517578125,,,6,,,,30.7262451900536,,,10,,,,,,,,,,,,,,,,,,,,,,149.994583129883,150.007705688477,999.905517578125,999.905517578125,,,6.33918333053589,,1,0,0,0,0.0003814697265625,35.6793746948242,1,1,1,149.99641418457,0,150.000728183322,43.8096008300781,5,0.00103379970241454,3.60788593411342E-5,0.0010355352907655,3.60866861755514E-5,0.940121293067932,0.974103450775146,30.9297828674316,0,30,4,200,-0.000639123551081866,-0.415557086467743,0.0686984211206436,2,,,,,,,,,,,,,,,,
,3959014708.52636,149.996894836426,999.905517578125,,,6,,,,30.7262451900536,,,10,,,,,,,,,,,,,,,,,,,,,,149.995040893555,150.005813598633,999.905517578125,999.905517578125,,,6.33941698074341,,1,0,0,0,0.0006866455078125,35.6793746948242,1,1,1,149.996292114258,0,150.000339931912,6.02880048751831,5,0.00101626295850222,3.54232825889524E-5,0.00101654469170609,3.542457671836E-5,0.966331005096436,0.974451601505279,30.8093547821045,0,30,4,200,-0.000608159461989999,-0.411866337060928,0.066049300134182,2,,,,,,,,,,,,,,,,
,3959014729.2833,149.996475219727,999.905517578125,,,6,,,,30.7262451900536,,,10,,,,,,,,,,,,,,,,,,,,,,149.992721557617,150.006301879883,999.905517578125,999.905517578125,,,6.33917427062988,,1,0,0,0,0.000152587890625,35.6793746948242,1,1,1,149.995635986328,0,149.999495656867,-36.1392021179199,5,0.000993970664733221,3.46519477042034E-5,0.000994088067634866,3.46524519331873E-5,0.961762309074402,0.964569926261902,30.7810897827148,0,30,4,200,-0.000170814557350241,-0.399169206619263,0.0610083118081093,2,,,,,,,,,,,,,,,,
,3959014749.58479,149.995056152344,999.905517578125,,,6,,,,30.7262451900536,,,10,,,,,,,,,,,,,,,,,,,,,,149.994323730469,150.005355834961,999.905517578125,999.905517578125,,,6.3393931388855,,1,0,0,0,0.0115203857421875,37.6344108581543,1,1,1,149.994247436523,0,149.999765184191,-73.3199996948242,5,0.00100644160830753,3.50912712175644E-5,0.0010069465729906,3.50926141937177E-5,0.958504259586334,0.971779644489288,30.8416767120361,0,30,4,200,8.61991793499328E-5,-0.407881736755371,0.0625738129019737,2,,,,,,,,,,,,,,,,
,3959014770.15624,149.994590759277,999.905517578125,,,6,,,,30.7262451900536,,,10,,,,,,,,,,,,,,,,,,,,,,149.994064331055,150.004135131836,999.905517578125,999.905517578125,,,6.33966732025146,,1,0,0,0,0.0113677978515625,35.6793746948242,1,1,1,149.994415283203,0,149.998951382107,-113.232002258301,5,0.00103179995751539,3.60337143247476E-5,0.00103440018200744,3.6042402414819E-5,0.929657161235809,0.979785025119782,30.9803791046143,,30,4,200,-0.000178838206920773,-0.418481558561325,0.065681517124176,2,,,,,,,,,,,,,,,,
,3959014791.11747,149.994689941406,999.905517578125,,,6,,,,30.7262451900536,,,10,,,,,,,,,,,,,,,,,,,,,,149.991485595703,150.005462646484,999.905517578125,999.905517578125,,,6.33960676193237,,1,0,0,0,0.0006103515625,35.190616607666,1,1,1,149.99430847168,0,149.998507181803,-155.121612548828,5,0.00101953796559085,3.57282105990459E-5,0.00102567391899511,3.57410387122228E-5,0.891502439975738,0.976362884044647,31.1269454956055,5.57915258407593,30,4,200,-0.000469671416794881,-0.41735377907753,0.0658587068319321,2,,,,,,,,,,,,,,,,
,3959014811.82052,149.996536254883,999.905517578125,,,6,,,,30.7262451900536,,,10,,,,,,,,,,,,,,,,,,,,,,149.993774414062,150.004531860352,999.905517578125,999.905517578125,,,6.33967447280884,,1,0,0,0,0.0142669677734375,36.1681327819824,1,1,1,149.997833251953,0,149.999385409885,-192.931213378906,5,0.000988984689168205,3.4713693769196E-5,0.000996366051825817,3.47284623436397E-5,0.877654790878296,0.967443525791168,31.1764678955078,0,30,4,200,-0.000287982256850228,-0.403933018445969,0.0609132274985313,2,,,,,,,,,,,,,,,,
,3959014831.41841,149.996154785156,999.905517578125,,,6,,,,30.7262451900536,,,10,,,,,,,,,,,,,,,,,,,,,,149.994522094727,150.004898071289,999.905517578125,999.905517578125,,,6.34012699127197,,1,0,0,0,0.01129150390625,35.6793746948242,1,1,1,149.994476318359,0,149.999745986041,-230.044815063477,5,0.000989517851682171,3.46996692156965E-5,0.000995970555518377,3.47154025107638E-5,0.885506093502045,0.966807067394257,31.1444530487061,0,30,4,200,-0.000348611181834713,-0.403410196304321,0.0594665370881558,2,,,,,,,,,,,,,,,,
,3959014851.84526,149.995834350586,999.905517578125,,,6,,,,30.7262451900536,,,10,,,,,,,,,,,,,,,,,,,,,,149.993316650391,150.005172729492,999.905517578125,999.905517578125,,,6.33996438980103,,1,0,0,0,0.0018310546875,35.190616607666,1,1,1,149.995880126953,0,149.999499850803,-269.793609619141,5,0.0010212116683397,3.57080322299706E-5,0.00102485743077607,3.57148409830142E-5,0.913952648639679,0.973819375038147,31.0362796783447,7.57812547683716,30,4,200,-0.000483277341118082,-0.417331367731094,0.0645822659134865,2,,,,,,,,,,,,,,,,
