[Header]
; MPMS3 Data File (default extension .dat)
; Copyright (c) 2007, Quantum Design, Inc. All rights reserved.
TITLE,
FILEOPENTIME,3959011219.94508,06/13/2025,9:19 pm
BYAPP,MPMS3 w/ AC,1.0,1.1
INFO,MPMS3 Measurement Release 1.2.2 Build 0, MultiVu Release 2.3.5.2,APPNAME
INFO,Linear Motor Servo Controller,MOTOR_MODULE_NAME
INFO,3101-100 N4,MOTOR_HW_VERSION
INFO,MMC1299,MOTOR_SERIAL_NUMBER
INFO,01.04.28,MOTOR_SOFTWARE_VERSION
INFO,Quantum Design Squid Module,SQUID_MODULE_NAME
INFO,3101-501 B0,SQUID_HW_VERSION
INFO,SQM364,SQUID_SERIAL_NUMBER
INFO,01.03.04,SQUID_SOFTWARE_VERSION
INFO,Quantum Design VSM Oven,OVEN_MODULE_NAME
INFO,3101-201 A3,OVEN_HW_VERSION
INFO,OVB387,OVEN_SERIAL_NUMBER
INFO,01.07.07,OVEN_SOFTWARE_VERSION
INFO,SQUID AC,AC_MODULE_NAME
INFO,3101-401 G0,AC_HW_VERSION
INFO,SAC242,AC_SERIAL_NUMBER
INFO,SQUID AC 00.95.11,AC_SOFTWARE_VERSION
INFO,TCI374,COIL_SERIAL_NUMBER
INFO,0,MOMENT_UNITS
INFO,Fe3O4,SAMPLE_MATERIAL
INFO,powder,SAMPLE_COMMENT
INFO,61.2,SAMPLE_MASS
INFO,,SAMPLE_VOLUME
INFO,,SAMPLE_MOLECULAR_WEIGHT
INFO,,SAMPLE_SIZE
INFO,,SAMPLE_SHAPE
INFO,Rotator,SAMPLE_HOLDER
INFO,Standard,SAMPLE_HOLDER_DETAIL
INFO,67.43,SAMPLE_OFFSET
DATATYPE,COMMENT,1
DATATYPE,TIME,2
STARTUPAXIS,X,2
STARTUPAXIS,Y1,5
FIELDGROUP, VSM,2,3,4,5,6,8,9,10,11,14,15
FIELDGROUP, DC, 2,3,4,14,56,57,58,59,60,61,62,63,64,65,66,67,68,69
FIELDGROUP, AC, 2,3,4,11,16,17,18,19,20,21,22,23,24,25,26,27,28,29,30
STARTUPGROUP, All
[Data]
Comment,Time Stamp (sec),Temperature (K),Magnetic Field (Oe),Moment (emu),M. Std. Err. (emu),Transport Action,Averaging Time (sec),Frequency (Hz),Peak Amplitude (mm),Center Position (mm),Lockin Signal' (V),Lockin Signal (V),Range,M. Quad. Signal (emu),AC Moment (emu),AC M. Std Err. (emu),AC Phase (deg),AC Phase Std. Err. (deg),AC Susceptibility (emu/Oe),AC Suscept. Std Err. (emu/Oe),AC X' (emu/Oe),AC X' Std Err. (emu/Oe),AC X'' (emu/Oe),AC X'' Std Err. (emu/Oe),AC Drive (Oe),AC Frequency (Hz),AC Averaging Time (sec),AC Cycles,AC Range,AC Measure Type,AC Signal' (V),AC Signal'' (V),AC Trim Coil Ratio,AC Trim Coil Phase,Min. Temperature (K),Max. Temperature (K),Min. Field (Oe),Max. Field (Oe),Mass (grams),Motor Lag (deg),Pressure (Torr),Measure Count,Measurement Number,SQUID Status (code),Motor Status (code),Measure Status (code),Motor Current (amps),Motor Temp. (C),Temp. Status (code),Field Status (code),Chamber Status (code),Chamber Temp (K),Redirection State,Average Temp (K),Rotation Angle (deg),Rotator state,DC Moment Fixed Ctr (emu),DC Moment Err Fixed Ctr (emu),DC Moment Free Ctr (emu),DC Moment Err Free Ctr (emu),DC Fixed Fit,DC Free Fit,DC Calculated Center (mm),DC Calculated Center Err (mm),DC Scan Length (mm),DC Scan Time (s),DC Number of Points,DC Squid Drift,DC Min V (V),DC Max V (V),DC Scans per Measure,He3 temp,Map 02,Map 03,Map 04,Map 05,Map 06,Map 07,Map 08,Map 09,Map 10,Map 11,Map 12,Map 13,Map 14,Map 15,Map 16
,3959011234.47263,50.8655700683594,999.747680664062,,,6,,,,30.7262451900536,,,100,,,,,,,,,,,,,,,,,,,,,,50.0061264038086,51.6604347229004,999.747680664062,999.747680664062,,,6.07398223876953,,1,0,0,0,0.000152587890625,35.6793746948242,6,1,1,51.7250137329102,0,50.6043711768256,90.0000076293945,1,0.00289254393039805,0.000100811486027602,0.00289372140950964,0.000100816137899144,0.970137238502502,0.986943483352661,30.8275947570801,0.131757482886314,30,4,200,-6.77987700328231E-5,-0.124567449092865,0.0212715361267328,2,,,,,,,,,,,,,,,,
,3959011255.07361,53.3121967315674,999.747680664062,,,6,,,,30.7262451900536,,,100,,,,,,,,,,,,,,,,,,,,,,51.8535957336426,54.7301063537598,999.747680664062,999.747680664062,,,6.08706712722778,,1,0,0,0,0.000152587890625,36.1681327819824,2,1,1,54.7707977294922,0,53.2614093356662,90.0000076293945,1,0.00278794976312506,9.71700290847044E-5,0.00278912979520616,9.71746382756363E-5,0.96882152557373,0.985131680965424,30.8296642303467,0,30,4,200,-7.68742829677649E-5,-0.110326617956162,0.0204777456820011,2,,,,,,,,,,,,,,,,
,3959011275.7182,56.512020111084,999.747680664062,,,6,,,,30.7262451900536,,,100,,,,,,,,,,,,,,,,,,,,,,54.9127540588379,57.9987831115723,999.747680664062,999.747680664062,,,6.09933519363403,,1,0,0,0,0.000152587890625,35.6793746948242,2,1,1,58.1112861633301,0,56.4394431644016,90.0000076293945,1,0.00267695268319207,9.3303623358468E-5,0.00267814157731953,9.33082917391986E-5,0.968083322048187,0.984795212745667,30.8321228027344,0,30,4,200,-6.28369889454916E-5,-0.10672203451395,0.0189431514590979,2,,,,,,,,,,,,,,,,
,3959011296.39181,59.8040409088135,999.747680664062,,,6,,,,30.7262451900536,,,100,,,,,,,,,,,,,,,,,,,,,,58.2609748840332,61.265754699707,999.747680664062,999.747680664062,,,6.1114764213562,,1,0,0,0,7.62939453125E-5,35.6793746948242,2,1,1,61.3471069335938,0,59.7554244995117,90.0000076293945,1,0.00256830684308717,8.95188009295765E-5,0.00256952439968803,8.95242633789367E-5,0.967395544052124,0.984582185745239,30.8346843719482,2.60829688158992E-6,30,4,200,-6.24957247055136E-5,-0.103133074939251,0.0174556765705347,2,,,,,,,,,,,,,,,,
,3959011322.38928,63.8564701080322,999.747680664062,,,6,,,,30.7262451900536,,,10,,,,,,,,,,,,,,,,,,,,,,61.5078239440918,66.1703796386719,999.747680664062,999.747680664062,,,6.12829113006592,,1,0,0,0,0.000152587890625,35.6793746948242,2,1,1,66.2051162719727,0,63.8031545568396,90.0000076293945,1,0.00241376230397412,8.41357999638225E-5,0.00241497570106328,8.41404389700292E-5,0.966085433959961,0.984001517295837,30.83913230896,8.52003704968504E-22,30,4,200,-0.000636978365946561,-0.987630963325501,0.160173788666725,2,,,,,,,,,,,,,,,,
,3959011348.26575,67.9293441772461,999.747680664062,,,6,,,,30.7262451900536,,,10,,,,,,,,,,,,,,,,,,,,,,66.3416137695313,69.4146575927734,999.747680664062,999.747680664062,,,6.13813877105713,,1,0,0,0,0.000152587890625,34.7018585205078,2,1,1,69.5170745849609,0,67.868480682373,90.0000076293945,1,0.00231489516675799,8.06913537263392E-5,0.00231611041208368,8.06955551002705E-5,0.965449690818787,0.984224140644073,30.8422451019287,INF,30,4,200,-0.000653758528642356,-0.945951640605927,0.141380280256271,2,,,,,,,,,,,,,,,,
,3959011369.04011,71.2072334289551,999.747680664062,,,6,,,,30.7262451900536,,,10,,,,,,,,,,,,,,,,,,,,,,69.587532043457,72.6522598266602,999.747680664062,999.747680664062,,,6.14817237854004,,1,0,0,0,0.000152587890625,36.1681327819824,2,1,1,72.8269348144531,0,71.1478182474772,90.0000076293945,1,0.00222191208996762,7.745248967337E-5,0.00222314242587508,7.74566904367874E-5,0.964615106582642,0.984057486057282,30.8454666137695,0.131750702857971,30,4,200,-0.000653510738629848,-0.914986670017242,0.128776907920837,2,,,,,,,,,,,,,,,,
,3959011389.93611,74.5475654602051,999.747680664062,,,6,,,,30.7262451900536,,,10,,,,,,,,,,,,,,,,,,,,,,72.9654541015625,76.0252227783203,999.747680664062,999.747680664062,,,6.15780830383301,,1,0,0,0,0.000152587890625,35.190616607666,2,1,1,76.1296768188477,0,74.4712944030762,90.0000076293945,1,0.00213134562640701,7.42980726303954E-5,0.00213259162315168,7.43021593950004E-5,0.96362429857254,0.983715951442718,30.8489818572998,0,30,4,200,-0.000601036881562322,-0.885197162628174,0.116503104567528,2,,,,,,,,,,,,,,,,
,3959011410.6831,77.8205146789551,999.747680664062,,,6,,,,30.7262451900536,,,10,,,,,,,,,,,,,,,,,,,,,,76.2400512695313,79.2570571899414,999.747680664062,999.747680664062,,,6.16634893417358,,1,0,0,0,0.000152587890625,34.7018585205078,2,1,1,79.4009780883789,0,77.7729322645399,90.0000076293945,1,0.00204671722931069,7.13502593521329E-5,0.00204797306184491,7.13540357014321E-5,0.962758839130402,0.983663260936737,30.8525161743164,3.49344845744781E-5,30,4,200,-0.000714364345185459,-0.857087969779968,0.104760281741619,2,,,,,,,,,,,,,,,,
,3959011431.366,81.1033706665039,999.747680664062,,,6,,,,30.7262451900536,,,10,,,,,,,,,,,,,,,,,,,,,,79.4708709716797,82.6669616699219,999.747680664062,999.747680664062,,,6.17442417144775,,1,0,0,0,7.62939453125E-5,35.6793746948242,2,1,1,82.7358703613281,0,81.0373997158474,90.0000076293945,1,0.00196686533884369,6.85691880334285E-5,0.00196816469068992,6.85736688500945E-5,0.961747944355011,0.983442902565002,30.8563499450684,0,30,4,200,-0.000676189956720918,-0.830603361129761,0.0939199328422546,2,,,,,,,,,,,,,,,,
,3959011452.24807,84.5171890258789,999.747680664062,,,6,,,,30.7262451900536,,,10,,,,,,,,,,,,,,,,,,,,,,82.8493118286133,86.0068206787109,999.747680664062,999.747680664062,,,6.1827244758606,,1,0,0,0,0,35.6793746948242,2,1,1,86.1850662231445,0,84.4644605848524,90.0000076293945,1,0.00189009655989172,6.58949732788309E-5,0.00189141944491378,6.58998687018304E-5,0.960922956466675,0.983344495296478,30.8597240447998,4.52267113359994E-6,30,4,200,-0.000695342721883208,-0.80523818731308,0.0834966897964478,2,,,,,,,,,,,,,,,,
,3959011472.7047,87.8462219238281,999.747680664062,,,6,,,,30.7262451900536,,,10,,,,,,,,,,,,,,,,,,,,,,86.1850662231445,89.4359970092773,999.747680664062,999.747680664062,,,6.19078016281128,,1,0,0,0,0.000152587890625,35.6793746948242,2,1,1,89.5073776245117,0,87.8171128167047,90.0000076293945,1,0.00181924383349071,6.34286152221358E-5,0.00182057132713918,6.34315067947531E-5,0.959429025650024,0.983277678489685,30.8657894134521,,30,4,200,-0.000634473748505116,-0.781415224075317,0.0738040059804916,2,,,,,,,,,,,,,,,,
,3959011493.47675,91.2402992248535,999.747680664062,,,6,,,,30.7262451900536,,,10,,,,,,,,,,,,,,,,,,,,,,89.5797882080078,92.8434677124023,999.747680664062,999.747680664062,,,6.19766807556152,,1,0,0,0,0,35.6793746948242,2,1,1,92.9008102416992,0,91.2254117329915,90.0000076293945,1,0.00175097803156162,6.10508059928604E-5,0.00175238079772324,6.10555423363204E-5,0.958500206470489,0.983350455760956,30.8696575164795,0,30,4,200,-0.000541574263479561,-0.758669018745422,0.0643844902515411,2,,,,,,,,,,,,,,,,
,3959011513.32455,94.5143089294434,999.747680664062,,,6,,,,30.7262451900536,,,10,,,,,,,,,,,,,,,,,,,,,,92.9008102416992,96.0896148681641,999.747680664062,999.747680664062,,,6.20525455474854,,1,0,0,0,0.000152587890625,36.1681327819824,2,1,1,96.1278076171875,0,94.5048709445529,90.0000076293945,1,0.00168989715801705,5.89236354693983E-5,0.00169133296627609,5.89285444466023E-5,0.957487285137177,0.983357310295105,30.873836517334,0,30,4,200,-0.000563412730116397,-0.738233864307404,0.0559353604912758,2,,,,,,,,,,,,,,,,
,3959011533.85237,97.5901222229004,999.747680664062,,,6,,,,30.7262451900536,,,10,,,,,,,,,,,,,,,,,,,,,,96.3023300170898,98.8506011962891,999.747680664062,999.747680664062,,,6.20835542678833,,1,0,0,0,0.0142669677734375,35.6793746948242,2,1,1,98.8779144287109,0,97.7533755832248,90.0000076293945,1,0.00163304446124284,5.69425422980326E-5,0.00163449081213142,5.69470370652869E-5,0.956969916820526,0.984489679336548,30.8776950836182,0.131700441241264,30,4,200,-0.000427213701186702,-0.717986404895783,0.0475601144134998,2,,,,,,,,,,,,,,,,
,3959011554.55346,99.2948608398438,999.747680664062,,,6,,,,30.7262451900536,,,10,,,,,,,,,,,,,,,,,,,,,,98.9458847045898,99.6315536499023,999.747680664062,999.747680664062,,,6.20944404602051,,1,0,0,0,7.62939453125E-5,35.6793746948242,6,1,1,99.6438369750977,0,99.3447740342882,90.0000076293945,1,0.00161504190359738,5.63144860835004E-5,0.00161651284497254,5.63195297740685E-5,0.957100212574005,0.985841512680054,30.8791198730469,8.52003704968504E-22,30,4,200,-0.000374884286429733,-0.705480635166168,0.0455994606018066,2,,,,,,,,,,,,,,,,
,3959011575.15388,99.7628135681152,999.747680664062,,,6,,,,30.7262451900536,,,10,,,,,,,,,,,,,,,,,,,,,,99.6593246459961,99.8650665283203,999.747680664062,999.747680664062,,,6.21106815338135,,1,0,0,0,0.00030517578125,35.6793746948242,5,1,1,99.8663024902344,0,99.7804544236925,90.0000076293945,1,0.00161232227927342,5.62202266011305E-5,0.00161379302115068,5.62247253111486E-5,0.956869781017303,0.985913932323456,30.8801879882812,0,30,4,200,-0.000337139063049108,-0.705486714839935,0.0438767410814762,2,,,,,,,,,,,,,,,,
,3959011595.92253,99.9079284667969,999.747680664062,,,6,,,,30.7262451900536,,,10,,,,,,,,,,,,,,,,,,,,,,99.8726272583008,99.9414367675781,999.747680664062,999.747680664062,,,6.21254253387451,,1,0,0,0,0.00030517578125,34.7018585205078,5,1,1,99.943229675293,0,99.9128172132704,90.0000076293945,1,0.00161204645411917,5.62111382678114E-5,0.00161353187050811,5.62156602506563E-5,0.956648886203766,0.985861122608185,30.8810005187988,5.55706739425659,30,4,200,-0.000343717663781717,-0.706356823444366,0.042863804847002,2,,,,,,,,,,,,,,,,
,3959011616.66938,99.9616928100586,999.747680664062,,,6,,,,30.7262451900536,,,10,,,,,,,,,,,,,,,,,,,,,,99.9451065063477,99.9772109985352,999.747680664062,999.747680664062,,,6.21429586410522,,1,0,0,0,7.62939453125E-5,34.7018585205078,5,1,1,99.9782791137695,0,99.9633602566189,90.0000076293945,1,0.001612197871284,5.62171178807228E-5,0.00161371555605063,5.62220717311543E-5,0.956370532512665,0.985868811607361,30.8820457458496,,30,4,200,-0.000323781510815024,-0.707104742527008,0.0421426445245743,2,,,,,,,,,,,,,,,,
,3959011637.23909,99.9875564575195,999.747680664062,,,6,,,,30.7262451900536,,,10,,,,,,,,,,,,,,,,,,,,,,99.9791946411133,99.9956436157227,999.747680664062,999.747680664062,,,6.21542406082153,,1,0,0,0,0.0002288818359375,36.1681327819824,1,1,1,99.9959182739258,0,99.9891086154514,90.0000076293945,1,0.00161228996494856,5.62206920903603E-5,0.00161380090897865,5.62250879635256E-5,0.956221163272858,0.985809326171875,30.8826560974121,0,30,4,200,-0.000296246376819909,-0.707519888877869,0.0416850782930851,2,,,,,,,,,,,,,,,,
,3959011657.96034,100.000576019287,999.747680664062,,,6,,,,30.7262451900536,,,10,,,,,,,,,,,,,,,,,,,,,,99.9967422485352,100.004875183105,999.747680664062,999.747680664062,,,6.21677398681641,,1,0,0,0,0.00030517578125,35.6793746948242,1,1,1,100.004409790039,0,100.001694573296,90.0000076293945,1,0.00161224916165401,5.62196001287478E-5,0.00161379447898496,5.62247992052174E-5,0.956084609031677,0.985882699489593,30.8832664489746,7.58781385421753,30,4,200,-0.000285878835711628,-0.7078498005867,0.0414058156311512,2,,,,,,,,,,,,,,,,
,3959011678.63325,100.005832672119,999.747680664062,,,6,,,,30.7262451900536,,,10,,,,,,,,,,,,,,,,,,,,,,100.005012512207,100.008720397949,999.747680664062,999.747680664062,,,6.21782493591309,,1,0,0,0,0.00030517578125,35.190616607666,1,1,1,100.006652832031,0,100.007056342231,90.0000076293945,1,0.00161216532218484,5.62170470864824E-5,0.00161375343821979,5.62234572079359E-5,0.955933511257172,0.985767602920532,30.8837490081787,0,30,4,200,-0.000276933307759464,-0.708158135414124,0.0410769693553448,2,,,,,,,,,,,,,,,,
,3959011699.28545,100.006496429443,999.747680664062,,,6,,,,30.7262451900536,,,10,,,,,,,,,,,,,,,,,,,,,,100.005508422852,100.009834289551,999.747680664062,999.747680664062,,,6.21897029876709,,1,0,0,0,0.0142669677734375,35.190616607666,1,1,1,100.005706787109,0,100.00742594401,90.0000076293945,1,0.00161224454151139,5.62200058794038E-5,0.00161380117224975,5.62251559323196E-5,0.955856800079346,0.985730230808258,30.8840141296387,0,30,4,200,-0.000248074968112633,-0.708471775054932,0.040781132876873,2,,,,,,,,,,,,,,,,
,3959011719.99763,100.004795074463,999.747680664062,,,6,,,,30.7262451900536,,,10,,,,,,,,,,,,,,,,,,,,,,100.003211975098,100.008422851562,999.747680664062,999.747680664062,,,6.21974468231201,,1,0,0,0,0.0142669677734375,35.6793746948242,1,1,1,100.003364562988,0,100.005786895752,90.0000076293945,1,0.00161235097447037,5.62238598129333E-5,0.00161393739679437,5.62298878443787E-5,0.95580267906189,0.985757768154144,30.884256362915,0.247306376695633,30,4,200,-0.000248009426286444,-0.70883047580719,0.0405039414763451,2,,,,,,,,,,,,,,,,
,3959011740.65457,100.002769470215,999.747680664062,,,6,,,,30.7262451900536,,,10,,,,,,,,,,,,,,,,,,,,,,100.00163269043,100.006370544434,999.747680664062,999.747680664062,,,6.22100067138672,,1,0,0,0,0.0002288818359375,34.7018585205078,1,1,1,100.001731872559,0,100.004026624891,90.0000076293945,1,0.00161248964579554,5.62288705529563E-5,0.00161407417959654,5.62345951985372E-5,0.955724239349365,0.985805034637451,30.8846778869629,5.55739831924438,30,4,200,-0.000212987346458249,-0.709105670452118,0.152497217059135,2,,,,,,,,,,,,,,,,
,3959011761.35899,100.001171112061,999.747680664062,,,6,,,,30.7262451900536,,,10,,,,,,,,,,,,,,,,,,,,,,100.00016784668,100.004806518555,999.747680664062,999.747680664062,,,6.22191143035889,,1,0,0,0,0.00030517578125,35.6793746948242,1,1,1,100.000144958496,0,100.002427045037,90.0000076293945,1,0.00161266167474145,5.62351033680191E-5,0.0016142354232197,5.62401652049969E-5,0.955634474754333,0.985877513885498,30.8851089477539,0.131839171051979,30,4,200,-0.000275618542218581,-0.709598660469055,0.0399368479847908,2,,,,,,,,,,,,,,,,
,3959011782.06614,99.9999847412109,999.747680664062,,,6,,,,30.7262451900536,,,10,,,,,,,,,,,,,,,,,,,,,,99.9989547729492,100.00407409668,999.747680664062,999.747680664062,,,6.22316265106201,,1,0,0,0,0.0003814697265625,35.6793746948242,1,1,1,99.9990921020508,0,100.00135506524,90.0000076293945,1,0.00161275290277217,5.62385119380715E-5,0.00161432969230489,5.62435020065433E-5,0.955543875694275,0.985812425613403,30.8853645324707,0,30,4,200,-0.000231930433074012,-0.709523737430573,0.152041226625442,2,,,,,,,,,,,,,,,,
,3959011802.83588,99.9994621276855,999.747680664062,,,6,,,,30.7262451900536,,,10,,,,,,,,,,,,,,,,,,,,,,99.9980010986328,100.00325012207,999.747680664062,999.747680664062,,,6.22394132614136,,1,0,0,0,0.000457763671875,35.6793746948242,1,1,1,99.9989242553711,0,100.000685797797,90.0000076293945,1,0.00161290319567258,5.62437444822378E-5,0.0016144882216932,5.62490520512992E-5,0.955548286437988,0.985782206058502,30.8853874206543,0,30,4,200,-0.000240601686527953,-0.709971070289612,0.151672750711441,2,,,,,,,,,,,,,,,,
,3959011823.46407,99.9993171691895,999.747680664062,,,6,,,,30.7262451900536,,,10,,,,,,,,,,,,,,,,,,,,,,99.9980621337891,100.003135681152,999.747680664062,999.747680664062,,,6.22477006912231,,1,0,0,0,0.0003814697265625,35.6793746948242,1,1,1,99.9990158081055,0,100.000557793511,90.0000076293945,1,0.00161301113514233,5.62477538820251E-5,0.0016145855126367,5.62524261274109E-5,0.955455005168915,0.985816061496735,30.8857860565186,7.58318424224854,30,4,200,-0.000301974039757624,-0.710398197174072,0.151280492544174,2,,,,,,,,,,,,,,,,
,3959011844.16197,99.9990844726563,999.747680664062,,,6,,,,30.7262451900536,,,10,,,,,,,,,,,,,,,,,,,,,,99.9974746704102,100.003242492676,999.747680664062,999.747680664062,,,6.22559022903442,,1,0,0,0,0.0002288818359375,35.6793746948242,1,1,1,99.9983596801758,0,100.00027762519,90.0000076293945,1,0.00161314878552997,5.62525947365425E-5,0.00161472403987647,5.62572324914728E-5,0.955428898334503,0.985809922218323,30.8858528137207,5.55750417709351,30,4,200,-0.000338720245053992,-0.71086722612381,0.150947615504265,2,,,,,,,,,,,,,,,,
,3959011864.89605,99.9988212585449,999.747680664062,,,6,,,,30.7262451900536,,,10,,,,,,,,,,,,,,,,,,,,,,99.9976043701172,100.003105163574,999.747680664062,999.747680664062,,,6.22632503509522,,1,0,0,0,0.0003814697265625,35.6793746948242,1,1,1,99.998176574707,0,100.000311109755,90.0000076293945,1,0.0016132120688922,5.62551157437995E-5,0.00161480902911918,5.62602385774415E-5,0.955312013626099,0.985778927803039,30.8861904144287,0,30,4,200,-0.000313780910801142,-0.711156070232391,0.150507792830467,2,,,,,,,,,,,,,,,,
,3959011885.56224,99.9984741210937,999.747680664062,,,6,,,,30.7262451900536,,,10,,,,,,,,,,,,,,,,,,,,,,99.9966430664062,100.003112792969,999.747680664062,999.747680664062,,,6.22773694992065,,1,0,0,0,7.62939453125E-5,36.6568908691406,1,1,1,99.9978332519531,0,99.9997935824924,90.0000076293945,1,0.00161327389679085,5.62573466284664E-5,0.00161487890245823,5.62626182525528E-5,0.95528507232666,0.985856235027313,30.8864116668701,0,30,4,200,-0.00032091373577714,-0.711444735527039,0.150221183896065,2,,,,,,,,,,,,,,,,
,3959011906.12893,99.9979515075684,999.747680664062,,,6,,,,30.7262451900536,,,10,,,,,,,,,,,,,,,,,,,,,,99.9965133666992,100.002799987793,999.747680664062,999.747680664062,,,6.22853183746338,,1,0,0,0,0.00030517578125,35.6793746948242,1,1,1,99.997314453125,0,99.999563852946,90.0000076293945,1,0.00161331638182958,5.62589410062824E-5,0.00161493520645566,5.62645569980253E-5,0.955230295658112,0.98585307598114,30.8866176605225,0,30,4,200,-0.000316992634907365,-0.600047051906586,0.149842485785484,2,,,,,,,,,,,,,,,,
,3959011926.79129,99.9980621337891,999.747680664062,,,6,,,,30.7262451900536,,,10,,,,,,,,,,,,,,,,,,,,,,99.9969940185547,100.002639770508,999.747680664062,999.747680664062,,,6.2294020652771,,1,0,0,0,0.0142669677734375,35.6793746948242,1,1,1,99.9976043701172,0,99.9997528923882,90.0000076293945,1,0.00161336114235191,5.62605078058214E-5,0.00161497805150166,5.62660561366129E-5,0.955221951007843,0.985826075077057,30.8866653442383,0,30,4,200,-0.000301041058264673,-0.60045313835144,0.149463593959808,2,,,,,,,,,,,,,,,,
,3959011947.48334,99.9980316162109,999.747680664062,,,6,,,,30.7262451900536,,,10,,,,,,,,,,,,,,,,,,,,,,99.9961166381836,100.002487182617,999.747680664062,999.747680664062,,,6.22991800308228,,1,0,0,0,0.0002288818359375,35.6793746948242,1,1,1,99.9977722167969,0,99.999518500434,90.0000076293945,1,0.00161350980931882,5.62657838720374E-5,0.00161511597208959,5.62708616586003E-5,0.955200552940369,0.98587304353714,30.8868389129639,0,30,4,200,-0.000302530621411279,-0.600833594799042,0.149152919650078,2,,,,,,,,,,,,,,,,
,3959011968.282,99.998722076416,999.747680664062,,,6,,,,30.7262451900536,,,10,,,,,,,,,,,,,,,,,,,,,,99.9963150024414,100.003532409668,999.747680664062,999.747680664062,,,6.23086452484131,,1,0,0,0,0.0002288818359375,35.190616607666,1,1,1,99.9985122680664,0,99.9998834398058,90.0000076293945,1,0.00161357509450914,5.62681665153299E-5,0.00161518537033862,5.62732562324636E-5,0.955157160758972,0.985897958278656,30.8870182037354,0,30,4,200,-0.000267265480943024,-0.601187348365784,0.14890331029892,2,,,,,,,,,,,,,,,,
,3959011988.93659,99.9986534118652,999.747680664062,,,6,,,,30.7262451900536,,,10,,,,,,,,,,,,,,,,,,,,,,99.9964828491211,100.003944396973,999.747680664062,999.747680664062,,,6.23138284683228,,1,0,0,0,0.00030517578125,35.6793746948242,1,1,1,99.9977340698242,0,99.9999987284343,90.0000076293945,1,0.00161361825571666,5.62698032538879E-5,0.00161522877472321,5.62748347547976E-5,0.955100297927856,0.985799252986908,30.8871402740479,7.58491277694702,30,4,200,-0.000270552758593112,-0.601395905017853,0.148581475019455,2,,,,,,,,,,,,,,,,
,3959012009.63841,99.9983444213867,999.747680664062,,,6,,,,30.7262451900536,,,10,,,,,,,,,,,,,,,,,,,,,,99.9960556030273,100.003448486328,999.747680664062,999.747680664062,,,6.2322416305542,,1,0,0,0,0.00030517578125,35.6793746948242,1,1,1,99.9977645874023,0,99.9997130499946,90.0000076293945,1,0.00161366353680675,5.62715835984065E-5,0.00161529067067858,5.62770441544613E-5,0.955020368099213,0.985731661319733,30.8873596191406,0,30,4,200,-0.000278872874332592,-0.601640820503235,0.148461043834686,2,,,,,,,,,,,,,,,,
,3959012030.31186,99.9985771179199,999.747680664062,,,6,,,,30.7262451900536,,,10,,,,,,,,,,,,,,,,,,,,,,99.9960632324219,100.003723144531,999.747680664062,999.747680664062,,,6.2328782081604,,1,0,0,0,0.00030517578125,35.190616607666,1,1,1,99.9983825683594,0,100.000113593207,90.0000076293945,1,0.00161368659995212,5.62725116074202E-5,0.00161530522391127,5.6277515357035E-5,0.954970419406891,0.985772550106049,30.887601852417,0,30,4,200,-0.000266517978161573,-0.601912140846252,0.148197367787361,2,,,,,,,,,,,,,,,,
,3959012050.97717,99.9989395141602,999.747680664062,,,6,,,,30.7262451900536,,,10,,,,,,,,,,,,,,,,,,,,,,99.9968643188477,100.004386901855,999.747680664062,999.747680664062,,,6.23369407653809,,1,0,0,0,0.0002288818359375,35.190616607666,1,1,1,99.9983901977539,0,100.000406053331,90.0000076293945,1,0.00161375030517126,5.62747243280445E-5,0.00161537192156976,5.62797888755145E-5,0.95497465133667,0.985837936401367,30.887659072876,0,30,4,200,-0.00027947046328336,-0.602222800254822,0.147861480712891,2,,,,,,,,,,,,,,,,
,3959012071.68041,99.9997329711914,999.747680664062,,,6,,,,30.7262451900536,,,10,,,,,,,,,,,,,,,,,,,,,,99.996711730957,100.004547119141,999.747680664062,999.747680664062,,,6.2346019744873,,1,0,0,0,0.0002288818359375,34.7018585205078,1,1,1,99.9999237060547,0,100.001149919298,90.0000076293945,1,0.00161381317027077,5.62769605833219E-5,0.00161545043609436,5.62824997959675E-5,0.954963803291321,0.985889434814453,30.8877563476562,0,30,4,200,-0.000255469582043588,-0.602461159229279,0.147678405046463,2,,,,,,,,,,,,,,,,
,3959012092.40837,99.9994163513184,999.747680664062,,,6,,,,30.7262451900536,,,10,,,,,,,,,,,,,,,,,,,,,,99.9968795776367,100.005264282227,999.747680664062,999.747680664062,,,6.23506498336792,,1,0,0,0,0.0003814697265625,35.6793746948242,1,1,1,99.9974060058594,0,100.00070699056,90.0000076293945,1,0.00161383608662718,5.62779758329436E-5,0.0016154866662927,5.62838183841896E-5,0.954870164394379,0.985791206359863,30.8880233764648,0,30,4,200,-0.000266269285930321,-0.602591395378113,0.147518783807755,2,,,,,,,,,,,,,,,,
,3959012113.14844,99.9978294372559,999.747680664062,,,6,,,,30.7262451900536,,,10,,,,,,,,,,,,,,,,,,,,,,99.9962463378906,100.003540039062,999.747680664062,999.747680664062,,,6.23577833175659,,1,0,0,0,0.000457763671875,35.6793746948242,1,1,1,99.9971923828125,0,99.9999215867784,90.0000076293945,1,0.00161384512633861,5.62784264579016E-5,0.00161549288443282,5.6284067526124E-5,0.954823195934296,0.985770285129547,30.8881683349609,0,30,4,200,-0.00029255950357765,-0.602895677089691,0.14726123213768,2,,,,,,,,,,,,,,,,
,3959012133.84247,99.9974479675293,999.747680664062,,,6,,,,30.7262451900536,,,10,,,,,,,,,,,,,,,,,,,,,,99.9962158203125,100.00301361084,999.747680664062,999.747680664062,,,6.23625421524048,,1,0,0,0,0.0003814697265625,35.6793746948242,1,1,1,99.9970855712891,0,99.9996138678657,90.0000076293945,1,0.00161382169485031,5.62777452066043E-5,0.00161550484925897,5.62844475109264E-5,0.954772710800171,0.985825419425964,30.8884506225586,0.131770074367523,30,4,200,-0.000333209318341687,-0.603223323822022,0.146992474794388,2,,,,,,,,,,,,,,,,
,3959012154.46408,99.9977836608887,999.747680664062,,,6,,,,30.7262451900536,,,10,,,,,,,,,,,,,,,,,,,,,,99.9959106445313,100.003311157227,999.747680664062,999.747680664062,,,6.2370982170105,,1,0,0,0,0.0002288818359375,35.190616607666,1,1,1,99.9974517822266,0,99.9997901916504,90.0000076293945,1,0.00161375470956088,5.62754612989723E-5,0.00161543963783676,5.62821736196085E-5,0.954745411872864,0.985805809497833,30.8885555267334,,30,4,200,-0.000323376239975914,-0.603442907333374,0.146667286753654,2,,,,,,,,,,,,,,,,
,3959012175.18361,99.9976119995117,999.747680664062,,,6,,,,30.7262451900536,,,10,,,,,,,,,,,,,,,,,,,,,,99.9961166381836,100.003517150879,999.747680664062,999.747680664062,,,6.23781824111938,,1,0,0,0,0.00030517578125,35.190616607666,1,1,1,99.9966659545898,0,99.9997079637316,90.0000076293945,1,0.00161386291286108,5.62793327599948E-5,0.00161553824709977,5.62855798319538E-5,0.954704105854034,0.985833466053009,30.8887252807617,4.1659423004603E-6,30,4,200,-0.000325716246152297,-0.60393762588501,0.146242499351501,2,,,,,,,,,,,,,,,,
,3959012195.83018,99.9977874755859,999.747680664062,,,6,,,,30.7262451900536,,,10,,,,,,,,,,,,,,,,,,,,,,99.996696472168,100.003662109375,999.747680664062,999.747680664062,,,6.23838472366333,,1,0,0,0,0.00030517578125,35.190616607666,1,1,1,99.9978256225586,0,100.000104268392,90.0000076293945,1,0.00161393733415013,5.62820076640043E-5,0.00161561398465793,5.62882178555916E-5,0.954662561416626,0.985801041126251,30.8888339996338,6.77317905426025,30,4,200,-0.000355799129465595,-0.60438060760498,0.145835548639297,2,,,,,,,,,,,,,,,,
,3959012216.50472,99.9995880126953,999.814453125,,,6,,,,30.7262451900536,,,10,,,,,,,,,,,,,,,,,,,,,,99.9963150024414,100.006103515625,999.747680664062,999.917663574219,,,6.23881101608276,,1,0,0,0,0.00030517578125,35.6793746948242,1,1,1,99.9998550415039,0,100.001585642497,90.0000076293945,1,0.00161247711897663,5.623042992344E-5,0.00161414816442001,5.62366298614738E-5,0.954931020736694,0.98650187253952,30.8885917663574,0,30,4,200,-0.000651659909635782,-0.684764504432678,0.145525202155113,2,,,,,,,,,,,,,,,,
,3959012237.14042,99.9984436035156,999.881225585938,,,6,,,,30.7262451900536,,,10,,,,,,,,,,,,,,,,,,,,,,99.9960632324219,100.003173828125,999.881225585938,999.881225585938,,,6.23920965194702,,1,0,0,0,0.00030517578125,35.6793746948242,1,1,1,99.9966812133789,0,99.999567243788,90.0000076293945,1,0.00161454773963375,5.63034745544377E-5,0.00161623144238572,5.63096874971896E-5,0.954607725143433,0.985904932022095,30.889217376709,0,30,4,200,-0.000337005156325176,-0.686351895332336,0.0642584934830666,2,,,,,,,,,,,,,,,,
,3959012257.87762,99.9968948364258,999.881225585938,,,6,,,,30.7262451900536,,,10,,,,,,,,,,,,,,,,,,,,,,99.9956436157227,100.003463745117,999.881225585938,999.881225585938,,,6.23978185653687,,1,0,0,0,0.0142669677734375,36.1681327819824,1,1,1,99.9956130981445,0,99.9993748135037,90.0000076293945,1,0.00161472002759534,5.63094783316745E-5,0.00161639731392673,5.63154963453181E-5,0.95461094379425,0.985872328281403,30.8891544342041,0,30,4,200,-0.000337561155902222,-0.686926186084747,0.0637691393494606,2,,,,,,,,,,,,,,,,
,3959012278.50841,99.9963722229004,999.881225585938,,,6,,,,30.7262451900536,,,10,,,,,,,,,,,,,,,,,,,,,,99.9951171875,100.00244140625,999.881225585938,999.881225585938,,,6.24066305160522,,1,0,0,0,0.006866455078125,35.190616607666,1,1,1,99.9962768554687,0,99.9984300401476,78.7392044067383,5,0.00161550820749348,5.63359821728798E-5,0.00161717175749712,5.63427445856985E-5,0.954993724822998,0.985534906387329,30.8871936798096,0,30,4,200,-0.000287108472548425,-0.688040792942047,0.0631471276283264,2,,,,,,,,,,,,,,,,
,3959012299.24982,99.9975891113281,999.881225585938,,,6,,,,30.7262451900536,,,10,,,,,,,,,,,,,,,,,,,,,,99.9957046508789,100.003234863281,999.881225585938,999.881225585938,,,6.24096775054932,,1,0,0,0,0.0113677978515625,35.6793746948242,1,1,1,99.9975128173828,0,99.9996681213379,39.3360023498535,5,0.00162450992852473,5.66400651261023E-5,0.00162563323404841,5.66430180270812E-5,0.95902544260025,0.979948937892914,30.8608665466309,0,30,4,200,-0.000629584770649672,-0.691878437995911,0.0644485801458359,2,,,,,,,,,,,,,,,,
,3959012319.9547,99.9987487792969,999.881225585938,,,6,,,,30.7262451900536,,,10,,,,,,,,,,,,,,,,,,,,,,99.9951171875,100.005187988281,999.881225585938,999.881225585938,,,6.24152326583862,,1,0,0,0,0.009307861328125,35.6793746948242,1,1,1,99.9981994628906,0,99.9999389648438,-0.96480005979538,5,0.00160670864539246,5.59850983218257E-5,0.00160675204170431,5.59857402953368E-5,0.978668034076691,0.979409217834473,30.7472896575928,0,30,4,200,-0.000703178462572396,-0.690626382827759,0.0631733536720276,2,,,,,,,,,,,,,,,,
,3959012340.65918,99.9983558654785,999.881225585938,,,6,,,,30.7262451900536,,,10,,,,,,,,,,,,,,,,,,,,,,99.9969787597656,100.004936218262,999.881225585938,999.881225585938,,,6.24240350723267,,1,0,0,0,0.0006866455078125,35.6793746948242,1,1,1,99.9973373413086,0,100.000670115153,-40.7376022338867,5,0.00156654071501432,5.45964685038852E-5,0.00156656889292864,5.45964508158976E-5,0.97070324420929,0.97133457660675,30.7031764984131,,30,4,200,-0.000510180951096118,-0.672817707061768,0.0552041530609131,2,,,,,,,,,,,,,,,,
,3959012361.06036,99.9981346130371,999.881225585938,,,6,,,,30.7262451900536,,,10,,,,,,,,,,,,,,,,,,,,,,99.9964065551758,100.004592895508,999.881225585938,999.881225585938,,,6.24240207672119,,1,0,0,0,0.0008392333984375,35.6793746948242,1,1,1,99.99755859375,0,100.000123416676,-78.0336074829102,5,0.00156487268680839,5.45385280284912E-5,0.00156488360706164,5.45387513384405E-5,0.970579147338867,0.970677256584167,30.7353897094727,0,30,4,200,-0.000261514069279656,-0.671189963817596,0.0540556572377682,2,,,,,,,,,,,,,,,,
,3959012381.6272,99.9979934692383,999.881225585938,,,6,,,,30.7262451900536,,,10,,,,,,,,,,,,,,,,,,,,,,99.9953765869141,100.004302978516,999.881225585938,999.881225585938,,,6.2431492805481,,1,0,0,0,0.0002288818359375,35.6793746948242,1,1,1,99.9975280761719,0,99.9998425935444,-120.27840423584,5,0.00160536369672187,5.59609392453884E-5,0.00160616767693912,5.5963846234048E-5,0.964418172836304,0.980782210826874,30.8395881652832,0,30,4,200,-0.000176348825334571,-0.691266477108002,0.0596868768334389,2,,,,,,,,,,,,,,,,
,3959012402.71368,99.9986686706543,999.881225585938,,,6,,,,30.7262451900536,,,10,,,,,,,,,,,,,,,,,,,,,,99.9962539672852,100.00439453125,999.881225585938,999.881225585938,,,6.24362373352051,,1,0,0,0,0,35.6793746948242,1,1,1,99.9983139038086,0,100.000647650825,-160.056015014648,5,0.00162297489696971,5.66916853530867E-5,0.00162737809688211,5.67027736812998E-5,0.92666107416153,0.980883300304413,30.9929618835449,0,30,4,200,-0.0003469925140962,-0.696958720684051,0.0619812309741974,2,,,,,,,,,,,,,,,,
,3959012423.43884,99.9986877441406,999.881225585938,,,6,,,,30.7262451900536,,,10,,,,,,,,,,,,,,,,,,,,,,99.9966430664062,100.004570007324,999.881225585938,999.881225585938,,,6.24442291259766,,1,0,0,0,0.000152587890625,35.190616607666,1,1,1,99.9974136352539,0,100.000580681695,-199.161605834961,5,0.00158732568635193,5.55683329919492E-5,0.00159541403276504,5.55893341191634E-5,0.901315212249756,0.980589151382446,31.0932464599609,0,30,4,200,-0.000438635208411142,-0.6882004737854,0.0593179240822792,2,,,,,,,,,,,,,,,,
,3959012443.30127,99.9975891113281,999.881225585938,,,6,,,,30.7262451900536,,,10,,,,,,,,,,,,,,,,,,,,,,99.9969253540039,100.003395080566,999.881225585938,999.881225585938,,,6.24430990219116,,1,0,0,0,0.0002288818359375,36.1681327819824,1,1,1,99.9975051879883,0,100.000181410048,-237.033615112305,5,0.00154965985711213,5.42922859121561E-5,0.00155817397374816,5.43076329528642E-5,0.893750250339508,0.969020485877991,31.1138706207275,9.30601254367502E-6,30,4,200,-0.000418459181673825,-0.669929444789886,0.0523503124713898,2,,,,,,,,,,,,,,,,
,3959012463.96436,99.9976348876953,999.881225585938,,,6,,,,30.7262451900536,,,10,,,,,,,,,,,,,,,,,,,,,,99.9955291748047,100.004432678223,999.881225585938,999.881225585938,,,6.24557733535767,,1,0,0,0,0.0002288818359375,35.6793746948242,1,1,1,99.9970474243164,0,100.000422159831,-276.859222412109,5,0.00156575705483188,5.47754950003755E-5,0.00157213619252646,5.4789120414246E-5,0.908504903316498,0.97221565246582,31.0580081939697,0,30,4,200,-0.000466510449768975,-0.679312646389008,0.0537323728203774,2,,,,,,,,,,,,,,,,
