[Header]
; MPMS3 Data File (default extension .dat)
; Copyright (c) 2007, Quantum Design, Inc. All rights reserved.
TITLE,
FILEOPENTIME,3959002237.48256,06/13/2025,6:50 pm
BYAPP,MPMS3 w/ AC,1.0,1.1
INFO,MPMS3 Measurement Release 1.2.2 Build 0, MultiVu Release 2.3.5.2,APPNAME
INFO,Linear Motor Servo Controller,MOTOR_MODULE_NAME
INFO,3101-100 N4,MOTOR_HW_VERSION
INFO,MMC1299,MOTOR_SERIAL_NUMBER
INFO,01.04.28,MOTOR_SOFTWARE_VERSION
INFO,Quantum Design Squid Module,SQUID_MODULE_NAME
INFO,3101-501 B0,SQUID_HW_VERSION
INFO,SQM364,SQUID_SERIAL_NUMBER
INFO,01.03.04,SQUID_SOFTWARE_VERSION
INFO,Quantum Design VSM Oven,OVEN_MODULE_NAME
INFO,3101-201 A3,OVEN_HW_VERSION
INFO,OVB387,OVEN_SERIAL_NUMBER
INFO,01.07.07,OVEN_SOFTWARE_VERSION
INFO,SQUID AC,AC_MODULE_NAME
INFO,3101-401 G0,AC_HW_VERSION
INFO,SAC242,AC_SERIAL_NUMBER
INFO,SQUID AC 00.95.11,AC_SOFTWARE_VERSION
INFO,TCI374,COIL_SERIAL_NUMBER
INFO,0,MOMENT_UNITS
INFO,Fe3O4,SAMPLE_MATERIAL
INFO,powder,SAMPLE_COMMENT
INFO,61.2,SAMPLE_MASS
INFO,,SAMPLE_VOLUME
INFO,,SAMPLE_MOLECULAR_WEIGHT
INFO,,SAMPLE_SIZE
INFO,,SAMPLE_SHAPE
INFO,Rotator,SAMPLE_HOLDER
INFO,Standard,SAMPLE_HOLDER_DETAIL
INFO,67.43,SAMPLE_OFFSET
DATATYPE,COMMENT,1
DATATYPE,TIME,2
STARTUPAXIS,X,2
STARTUPAXIS,Y1,5
FIELDGROUP, VSM,2,3,4,5,6,8,9,10,11,14,15
FIELDGROUP, DC, 2,3,4,14,56,57,58,59,60,61,62,63,64,65,66,67,68,69
FIELDGROUP, AC, 2,3,4,11,16,17,18,19,20,21,22,23,24,25,26,27,28,29,30
STARTUPGROUP, All
[Data]
Comment,Time Stamp (sec),Temperature (K),Magnetic Field (Oe),Moment (emu),M. Std. Err. (emu),Transport Action,Averaging Time (sec),Frequency (Hz),Peak Amplitude (mm),Center Position (mm),Lockin Signal' (V),Lockin Signal (V),Range,M. Quad. Signal (emu),AC Moment (emu),AC M. Std Err. (emu),AC Phase (deg),AC Phase Std. Err. (deg),AC Susceptibility (emu/Oe),AC Suscept. Std Err. (emu/Oe),AC X' (emu/Oe),AC X' Std Err. (emu/Oe),AC X'' (emu/Oe),AC X'' Std Err. (emu/Oe),AC Drive (Oe),AC Frequency (Hz),AC Averaging Time (sec),AC Cycles,AC Range,AC Measure Type,AC Signal' (V),AC Signal'' (V),AC Trim Coil Ratio,AC Trim Coil Phase,Min. Temperature (K),Max. Temperature (K),Min. Field (Oe),Max. Field (Oe),Mass (grams),Motor Lag (deg),Pressure (Torr),Measure Count,Measurement Number,SQUID Status (code),Motor Status (code),Measure Status (code),Motor Current (amps),Motor Temp. (C),Temp. Status (code),Field Status (code),Chamber Status (code),Chamber Temp (K),Redirection State,Average Temp (K),Rotation Angle (deg),Rotator state,DC Moment Fixed Ctr (emu),DC Moment Err Fixed Ctr (emu),DC Moment Free Ctr (emu),DC Moment Err Free Ctr (emu),DC Fixed Fit,DC Free Fit,DC Calculated Center (mm),DC Calculated Center Err (mm),DC Scan Length (mm),DC Scan Time (s),DC Number of Points,DC Squid Drift,DC Min V (V),DC Max V (V),DC Scans per Measure,He3 temp,Map 02,Map 03,Map 04,Map 05,Map 06,Map 07,Map 08,Map 09,Map 10,Map 11,Map 12,Map 13,Map 14,Map 15,Map 16
,3959002251.95972,5.17193102836609,999.796264648438,,,6,,,,30.7262451900536,,,10,,,,,,,,,,,,,,,,,,,,,,5.02687931060791,5.30454015731812,999.796264648438,999.796264648438,,,4.13715553283691,,1,0,0,0,0.0128936767578125,35.190616607666,6,1,1,5.31698274612427,0,5.15667088826497,90.0000076293945,1,0.00382497452744176,0.000133343892451825,0.00382523945564539,0.000133346607457711,0.962338984012604,0.96365875005722,30.7635326385498,0.000465019198600203,30,4,200,-0.00972441211342812,-1.67743051052094,0.185609817504883,2,,,,,,,,,,,,,,,,
,3959002272.65171,5.46220469474793,999.796264648438,,,6,,,,30.7262451900536,,,10,,,,,,,,,,,,,,,,,,,,,,5.31911134719849,5.60170698165894,999.796264648438,999.796264648438,,,4.21024990081787,,1,0,0,0,0.000152587890625,35.6793746948242,2,1,1,5.60529804229736,0,5.44695989290873,90.0000076293945,1,0.00380674421512547,0.000132638160697455,0.00380730700209055,0.000132642769195452,0.980989694595337,0.988369047641754,30.7829647064209,3.98945843471665E-7,30,4,200,-0.000214657426113263,-1.57864379882813,0.186137944459915,2,,,,,,,,,,,,,,,,
,3959002293.34675,5.75887727737427,999.796264648438,,,6,,,,30.7262451900536,,,10,,,,,,,,,,,,,,,,,,,,,,5.61173582077026,5.89847183227539,999.796264648438,999.796264648438,,,4.2770562171936,,1,0,0,0,0.000152587890625,35.6793746948242,2,1,1,5.90601873397827,0,5.74702530437046,90.0000076293945,1,0.00383360425187422,0.000133574581460349,0.0038341872910535,0.00013357936439627,0.980767965316772,0.988278448581696,30.7837505340576,4.00102919684286E-7,30,4,200,-0.000183542360900901,-1.59089148044586,0.187724679708481,2,,,,,,,,,,,,,,,,
,3959002314.3691,6.06540060043335,999.796264648438,,,6,,,,30.7262451900536,,,10,,,,,,,,,,,,,,,,,,,,,,5.91358041763306,6.21722078323364,999.796264648438,999.796264648438,,,4.34113597869873,,1,0,0,0,7.62939453125E-5,34.2131004333496,2,1,1,6.21722078323364,0,6.05811221976029,90.0000076293945,1,0.00387014100345436,0.000134848769398631,0.00387072635948056,0.000134852811540691,0.9803466796875,0.988008677959442,30.7849788665771,0,30,4,200,-0.000109603788587265,-1.60647523403168,0.190952390432358,2,,,,,,,,,,,,,,,,
,3959002335.42015,6.37963509559631,999.796264648438,,,6,,,,30.7262451900536,,,10,,,,,,,,,,,,,,,,,,,,,,6.22790431976318,6.52319860458374,999.796264648438,999.796264648438,,,4.4008469581604,,1,0,0,0,7.62939453125E-5,35.190616607666,2,1,1,6.53136587142944,0,6.36716064653898,90.0000076293945,1,0.0039196257416402,0.000136574303637927,0.0039202586635294,0.000136578838787429,0.979865610599518,0.987795352935791,30.7866458892822,5.67930283068563E-6,30,4,200,-0.000107255975308362,-1.6268550157547,0.196136474609375,2,,,,,,,,,,,,,,,,
,3959002356.30569,6.69824290275574,999.796264648438,,,6,,,,30.7262451900536,,,10,,,,,,,,,,,,,,,,,,,,,,6.54023933410644,6.85181331634521,999.796264648438,999.796264648438,,,4.45991659164429,,1,0,0,0,0.000152587890625,35.6793746948242,2,1,1,6.85624647140503,0,6.68650425804986,90.0000076293945,1,0.00398867307357281,0.000138982738320766,0.00398935922420442,0.00013898770384409,0.978977024555206,0.986981391906738,30.7885112762451,INF,30,4,200,4.81201714137569E-5,-1.65599608421326,0.20437815785408,2,,,,,,,,,,,,,,,,
,3959002377.12449,7.01884579658508,999.796264648438,,,6,,,,30.7262451900536,,,10,,,,,,,,,,,,,,,,,,,,,,6.86735105514526,7.16213274002075,999.796264648438,999.796264648438,,,4.51057767868042,,1,0,0,0,0.000152587890625,37.6344108581543,2,1,1,7.1703405380249,0,7.00978800985548,90.0000076293945,1,0.00409192732441106,0.000142585079872617,0.00409267073758473,0.000142589727305788,0.977519750595093,0.98560094833374,30.7913684844971,0,30,4,200,0.000248676195042208,-1.69858515262604,0.217237308621407,2,,,,,,,,,,,,,,,,
,3959002397.7952,7.33006882667542,999.796264648438,,,6,,,,30.7262451900536,,,10,,,,,,,,,,,,,,,,,,,,,,7.18121194839478,7.47438097000122,999.796264648438,999.796264648438,,,4.56511497497559,,1,0,0,0,7.62939453125E-5,35.6793746948242,2,1,1,7.47892570495606,0,7.32082472907172,90.0000076293945,1,0.00426469170039186,0.000148623770056665,0.00426561292656251,0.00014862909150443,0.972501397132873,0.980100035667419,30.7978496551514,,30,4,200,0.000631923379842192,-1.77582621574402,0.242797762155533,2,,,,,,,,,,,,,,,,
,3959002418.52415,7.64060568809509,999.796264648438,,,6,,,,30.7262451900536,,,10,,,,,,,,,,,,,,,,,,,,,,7.49191427230835,7.78536367416382,999.796264648438,999.796264648438,,,4.61320400238037,,1,0,0,0,7.62939453125E-5,35.6793746948242,2,1,1,7.78929710388184,0,7.63026942147149,90.0000076293945,1,0.00469337525245675,0.000163662738811451,0.00469458118419595,0.000163669823268538,0.955620884895325,0.960718870162964,30.8042011260986,0,30,4,200,0.00192011974286288,-1.96097850799561,0.309193581342697,2,,,,,,,,,,,,,,,,
,3959002439.24289,7.95461869239807,999.796264648438,,,6,,,,30.7262451900536,,,10,,,,,,,,,,,,,,,,,,,,,,7.80332612991333,8.09737873077393,999.796264648438,999.796264648438,,,4.65511894226074,,1,0,0,0,0.00030517578125,36.1681327819824,2,1,1,8.10591125488281,0,7.94406771659851,90.0000076293945,1,0.00498259978859389,0.000173622347558998,0.00498370725006241,0.000173627986227866,0.977163016796112,0.988078415393829,30.7997303009033,3.43106376021751E-6,30,4,200,9.93310823105276E-6,-1.99209702014923,0.320158123970032,2,,,,,,,,,,,,,,,,
,3959002459.97158,8.26626253128052,999.796264648438,,,6,,,,30.7262451900536,,,10,,,,,,,,,,,,,,,,,,,,,,8.11369037628174,8.39976406097412,999.796264648438,999.796264648438,,,4.70248985290527,,1,0,0,0,0.00030517578125,35.6793746948242,2,1,1,8.4188346862793,0,8.25526089138455,90.0000076293945,1,0.00500693437640588,0.000174467905082975,0.00500796965907212,0.000174471237890803,0.977798163890839,0.989149034023285,30.7993068695068,0,30,4,200,-0.000408725609304383,-1.99517095088959,0.319757491350174,2,,,,,,,,,,,,,,,,
,3959002480.74181,8.5820779800415,999.796264648438,,,6,,,,30.7262451900536,,,10,,,,,,,,,,,,,,,,,,,,,,8.43095684051514,8.72446823120117,999.796264648438,999.796264648438,,,4.74374961853027,,1,0,0,0,0.00030517578125,36.1681327819824,2,1,1,8.73319911956787,0,8.57281382878621,90.0000076293945,1,0.00499708731080777,0.000174124718733352,0.00499808138531071,0.000174126885036667,0.977799475193024,0.989043772220612,30.7991046905518,,30,4,200,-0.00043338694376871,-1.99445378780365,0.317052096128464,2,,,,,,,,,,,,,,,,
,3959002501.52769,8.89429616928101,999.796264648438,,,6,,,,30.7262451900536,,,10,,,,,,,,,,,,,,,,,,,,,,8.74635601043701,9.04013156890869,999.796264648438,999.796264648438,,,4.7830810546875,,1,0,0,0,0.000152587890625,35.6793746948242,2,1,1,9.04448699951172,0,8.8864033487108,90.0000076293945,1,0.00497758728610851,0.000173444690937513,0.004978655857044,0.000173449762211192,0.977940261363983,0.989233672618866,30.798864364624,,30,4,200,-0.00085664982907474,-1.99044179916382,0.313248127698898,2,,,,,,,,,,,,,,,,
,3959002522.26157,9.21063804626465,999.796264648438,,,6,,,,30.7262451900536,,,10,,,,,,,,,,,,,,,,,,,,,,9.05959224700928,9.34920597076416,999.796264648438,999.796264648438,,,4.81682729721069,,1,0,0,0,0.0142669677734375,35.6793746948242,2,1,1,9.36168384552002,0,9.20104848013984,90.0000076293945,1,0.00495414194890665,0.000172628158993147,0.00495518320850575,0.000172632148915893,0.977816760540009,0.989131629467011,30.7991695404053,7.59265375137329,30,4,200,-0.00053311133524403,-1.98454213142395,0.308841496706009,2,,,,,,,,,,,,,,,,
,3959002542.85817,9.52425670623779,999.796264648438,,,6,,,,30.7262451900536,,,10,,,,,,,,,,,,,,,,,,,,,,9.37331104278564,9.67057514190674,999.796264648438,999.796264648438,,,4.85485649108887,,1,0,0,0,0.000152587890625,35.6793746948242,2,1,1,9.67520236968994,0,9.51623773574829,90.0000076293945,1,0.00492897081052627,0.000171750601949293,0.00493005747814631,0.000171756586961023,0.977941334247589,0.989252507686615,30.7989101409912,0,30,4,200,-0.000885137240402401,-1.97830176353455,0.30390202999115,2,,,,,,,,,,,,,,,,
,3959002563.66531,9.83137845993042,999.796264648438,,,6,,,,30.7262451900536,,,10,,,,,,,,,,,,,,,,,,,,,,9.68669700622559,9.97202396392822,999.796264648438,999.796264648438,,,4.88774728775024,,1,0,0,0,0.000152587890625,34.7018585205078,2,1,1,9.97605991363525,0,9.82880984412299,90.0000076293945,1,0.00490260350949513,0.000170831943387478,0.0049036813903359,0.000170837754276114,0.977920472621918,0.989230751991272,30.798942565918,7.59148025512695,30,4,200,-0.000783699040766805,-1.97145640850067,0.298664301633835,2,,,,,,,,,,,,,,,,
,3959002584.40522,9.99257469177246,999.796264648438,,,6,,,,30.7262451900536,,,10,,,,,,,,,,,,,,,,,,,,,,9.98040676116943,10.0036516189575,999.796264648438,999.796264648438,,,4.89702701568604,,1,0,0,0,0.014190673828125,35.6793746948242,6,1,1,10.0047426223755,0,9.99509938557943,90.0000076293945,1,0.00489087345521687,0.000170422999000578,0.0048919578663206,0.000170429176274823,0.977956533432007,0.989270448684692,30.7988681793213,6.0717261476384E-6,30,4,200,-0.000413686822867021,-1.9668562412262,0.294506877660751,2,,,,,,,,,,,,,,,,
,3959002605.0262,10.0045475959778,999.796264648438,,,6,,,,30.7262451900536,,,10,,,,,,,,,,,,,,,,,,,,,,9.99610328674316,10.0047445297241,999.796264648438,999.796264648438,,,4.90290880203247,,1,0,0,0,0.000152587890625,36.1681327819824,5,1,1,10.0043506622314,0,10.0001254081726,90.0000076293945,1,0.00489069413948873,0.000170417125022429,0.00489172975984122,0.000170421393244163,0.977876484394073,0.98922073841095,30.7991008758545,6.09760218139854E-6,30,4,200,-0.000518426415510476,-1.96865665912628,0.292746007442474,2,,,,,,,,,,,,,,,,
,3959002625.72247,10.004702091217,999.796264648438,,,6,,,,30.7262451900536,,,10,,,,,,,,,,,,,,,,,,,,,,9.99615001678467,10.0053386688232,999.796264648438,999.796264648438,,,4.90295886993408,,1,0,0,0,0.000152587890625,35.6793746948242,5,1,1,10.0050611495972,0,10.0001889334785,90.0000076293945,1,0.00489067773841384,0.000170416790052731,0.00489172827733542,0.000170421728083494,0.977811396121979,0.989007413387299,30.7989196777344,0,30,4,200,-0.00068958179326728,-1.9701521396637,0.290913641452789,2,,,,,,,,,,,,,,,,
,3959002646.42059,10.0046014785767,999.796264648438,,,6,,,,30.7262451900536,,,10,,,,,,,,,,,,,,,,,,,,,,9.9957275390625,10.0054616928101,999.796264648438,999.796264648438,,,4.90583515167236,,1,0,0,0,0.000152587890625,36.1681327819824,1,1,1,10.0047483444214,0,10.0002734396193,90.0000076293945,1,0.00489084550992434,0.000170422387805123,0.00489189929439438,0.000170427673624381,0.977881252765656,0.989022314548492,30.7986660003662,,30,4,200,-0.000206282245926559,-1.97212564945221,0.289195746183395,2,,,,,,,,,,,,,,,,
,3959002667.1438,10.00448179245,999.796264648438,,,6,,,,30.7262451900536,,,10,,,,,,,,,,,,,,,,,,,,,,9.9960412979126,10.0054769515991,999.796264648438,999.796264648438,,,4.90527391433716,,1,0,0,0,0.000152587890625,35.6793746948242,1,1,1,10.0044727325439,0,10.0001756350199,90.0000076293945,1,0.00489073895536215,0.000170418552563787,0.00489182642585341,0.000170425012163415,0.9779252409935,0.989111602306366,30.7986335754395,5.54965162277222,30,4,200,-0.000638717494439334,-1.97374510765076,0.287531048059463,2,,,,,,,,,,,,,,,,
,3959002687.77305,10.0055513381958,999.796264648438,,,6,,,,30.7262451900536,,,10,,,,,,,,,,,,,,,,,,,,,,9.9959659576416,10.0063314437866,999.796264648438,999.796264648438,,,4.9046196937561,,1,0,0,0,0.000152587890625,35.6793746948242,1,1,1,10.0069427490234,0,10.0009094874064,90.0000076293945,1,0.00489073653417904,0.000170418600672822,0.00489182506949825,0.00017042488410942,0.977878868579864,0.989132344722748,30.7988891601562,,30,4,200,-0.000716568145435303,-1.97510743141174,0.286071300506592,2,,,,,,,,,,,,,,,,
,3959002708.43571,10.0105991363525,999.796264648438,,,6,,,,30.7262451900536,,,10,,,,,,,,,,,,,,,,,,,,,,9.99721622467041,10.0115356445312,999.796264648438,999.796264648438,,,4.906409740448,,1,0,0,0,0.000152587890625,35.6793746948242,1,1,1,10.0148963928223,0,10.0020046234131,90.0000076293945,1,0.00489067480579342,0.000170416379659077,0.00489177931379842,0.000170423205513152,0.977889537811279,0.989161968231201,30.7989025115967,,30,4,200,-0.000640422862488776,-1.97655248641968,0.284725248813629,2,,,,,,,,,,,,,,,,
,3959002729.06951,10.0116691589355,999.796264648438,,,6,,,,30.7262451900536,,,10,,,,,,,,,,,,,,,,,,,,,,9.99905490875244,10.0191555023193,999.796264648438,999.796264648438,,,4.90548944473267,,1,0,0,0,0.000152587890625,36.1681327819824,1,1,1,10.0054349899292,0,10.0092534489102,90.0000076293945,1,0.00489072352136298,0.000170418114101884,0.00489183539434705,0.000170425146511852,0.977892220020294,0.989194393157959,30.7989540100098,0,30,4,200,-0.000692428613547236,-1.97810709476471,0.283147245645523,2,,,,,,,,,,,,,,,,
,3959002749.78564,10.0046653747559,999.796264648438,,,6,,,,30.7262451900536,,,10,,,,,,,,,,,,,,,,,,,,,,9.99671745300293,10.0049114227295,999.796264648438,999.796264648438,,,4.90827465057373,,1,0,0,0,0.000152587890625,36.1681327819824,1,1,1,10.0044193267822,0,10.0004162258572,90.0000076293945,1,0.00489145802573887,0.000170443763714382,0.00489256808815177,0.000170450680195001,0.977856755256653,0.989147961139679,30.7990188598633,4.42174354020608E-7,30,4,200,-0.000757993839215487,-1.97984218597412,0.281856149435043,2,,,,,,,,,,,,,,,,
,3959002770.61484,10.0043344497681,999.796264648438,,,6,,,,30.7262451900536,,,10,,,,,,,,,,,,,,,,,,,,,,9.99584674835205,10.0045518875122,999.796264648438,999.796264648438,,,4.90973424911499,,1,0,0,0,7.62939453125E-5,35.6793746948242,1,1,1,10.0043821334839,0,9.99984751807319,90.0000076293945,1,0.00489146893946516,0.000170444053876727,0.00489259473201278,0.000170451604712193,0.977905333042145,0.989200413227081,30.798900604248,,30,4,200,-0.00104600598569959,-1.98186731338501,0.279965341091156,2,,,,,,,,,,,,,,,,
,3959002791.25544,10.0041518211365,999.796264648438,,,6,,,,30.7262451900536,,,10,,,,,,,,,,,,,,,,,,,,,,9.99632453918457,10.0046453475952,999.796264648438,999.796264648438,,,4.90776968002319,,1,0,0,0,0.000152587890625,35.6793746948242,1,1,1,10.0040807723999,0,10.0001060697767,90.0000076293945,1,0.00489148180974974,0.000170444616196439,0.0048926011970174,0.000170451950526686,0.977868020534515,0.989120662212372,30.798885345459,5.54967451095581,30,4,200,-0.000853689620271325,-1.98361206054687,0.278087705373764,2,,,,,,,,,,,,,,,,
,3959002811.98716,10.0042552947998,999.796264648438,,,6,,,,30.7262451900536,,,10,,,,,,,,,,,,,,,,,,,,,,9.99630832672119,10.0043640136719,999.796264648438,999.796264648438,,,4.91094303131103,,1,0,0,0,0.0142669677734375,35.6793746948242,1,1,1,10.004322052002,0,9.99989732106527,90.0000076293945,1,0.00489138131533859,0.000170441067900629,0.00489253251556532,0.000170449691207403,0.97785896062851,0.989005744457245,30.798656463623,0,30,4,200,-0.0011384361423552,-1.98519790172577,0.276447474956512,2,,,,,,,,,,,,,,,,
,3959002832.57188,10.0044450759888,999.796264648438,,,6,,,,30.7262451900536,,,10,,,,,,,,,,,,,,,,,,,,,,9.99620532989502,10.004656791687,999.796264648438,999.796264648438,,,4.91254711151123,,1,0,0,0,0.000152587890625,35.190616607666,1,1,1,10.0042333602905,0,10.0000226232741,90.0000076293945,1,0.00489146268472411,0.00017044420514672,0.00489263487329342,0.000170453280634503,0.977802157402039,0.989039778709412,30.7989826202393,0,30,4,200,-0.00125020940322429,-1.98664915561676,0.274951487779617,2,,,,,,,,,,,,,,,,
,3959002853.29819,10.0041427612305,999.796264648438,,,6,,,,30.7262451900536,,,10,,,,,,,,,,,,,,,,,,,,,,9.99592971801758,10.0047998428345,999.796264648438,999.796264648438,,,4.91108465194702,,1,0,0,0,7.62939453125E-5,35.6793746948242,1,1,1,10.0041561126709,0,10.0000416437785,90.0000076293945,1,0.00489142432634231,0.000170442727505741,0.00489257383020093,0.000170451075061876,0.977828800678253,0.989060461521149,30.7989330291748,,30,4,200,-0.00113609945401549,-1.98818337917328,0.273490965366364,2,,,,,,,,,,,,,,,,
,3959002873.99315,10.004397392273,999.796264648438,,,6,,,,30.7262451900536,,,10,,,,,,,,,,,,,,,,,,,,,,9.99615669250488,10.0045747756958,999.796264648438,999.796264648438,,,4.91390085220337,,1,0,0,0,0.000152587890625,34.7018585205078,1,1,1,10.0042381286621,0,10.0000481075711,90.0000076293945,1,0.00489137087594427,0.000170440817182111,0.0048925289744644,0.000170449486595537,0.977843463420868,0.989078462123871,30.7989025115967,7.59661388397217,30,4,200,-0.00108433677814901,-1.98973953723907,0.271905273199081,2,,,,,,,,,,,,,,,,
,3959002894.7949,10.0046191215515,999.796264648438,,,6,,,,30.7262451900536,,,10,,,,,,,,,,,,,,,,,,,,,,9.99633407592773,10.0050258636475,999.796264648438,999.796264648438,,,4.91387414932251,,1,0,0,0,0.000152587890625,35.6793746948242,1,1,1,10.0048685073853,0,10.0001978874207,90.0000076293945,1,0.00489153372315567,0.000170446813585201,0.0048926380801206,0.000170453784029331,0.977756142616272,0.988810539245606,30.798734664917,7.59337949752808,30,4,200,-0.000972273235674947,-1.99144577980042,0.270249545574188,2,,,,,,,,,,,,,,,,
,3959002915.48493,10.0045523643494,999.796264648438,,,6,,,,30.7262451900536,,,10,,,,,,,,,,,,,,,,,,,,,,9.99606800079346,10.0050706863403,999.796264648438,999.796264648438,,,4.91147232055664,,1,0,0,0,0.000152587890625,35.6793746948242,1,1,1,10.0040340423584,0,10.0001249843174,90.0000076293945,1,0.00489171547381357,0.000170453808023018,0.00489277097311981,0.00017045858849427,0.977597534656525,0.988749206066132,30.7993698120117,0.678682684898376,30,4,200,-0.00117148365825415,-1.99282896518707,0.268742620944977,2,,,,,,,,,,,,,,,,
,3959002936.21345,10.0042462348938,999.796264648438,,,6,,,,30.7262451900536,,,10,,,,,,,,,,,,,,,,,,,,,,9.99584197998047,10.0045127868652,999.796264648438,999.796264648438,,,4.91475677490234,,1,0,0,0,0.000152587890625,35.6793746948242,1,1,1,10.0042533874512,0,9.99990134769016,90.0000076293945,1,0.00489153860975032,0.00017044659687803,0.00489260810601518,0.000170452188087785,0.977863430976868,0.989113807678223,30.798921585083,5.54967737197876,30,4,200,-0.000114207956357859,-1.99429869651794,0.267239898443222,2,,,,,,,,,,,,,,,,
,3959002956.92297,10.0043606758118,999.796264648438,,,6,,,,30.7262451900536,,,10,,,,,,,,,,,,,,,,,,,,,,9.99607944488525,10.0045146942139,999.796264648438,999.796264648438,,,4.91534471511841,,1,0,0,0,0.000152587890625,35.6793746948242,1,1,1,10.0042066574097,0,9.99996953540378,90.0000076293945,1,0.00489155798560251,0.00017044713875331,0.00489265729378356,0.000170453750198049,0.977896928787231,0.989191949367523,30.7989635467529,0.25222036242485,30,4,200,-0.000664929510094225,-1.99622416496277,0.265583395957947,2,,,,,,,,,,,,,,,,
,3959002977.63944,10.0041675567627,999.796264648438,,,6,,,,30.7262451900536,,,10,,,,,,,,,,,,,,,,,,,,,,9.99611377716065,10.0045900344849,999.796264648438,999.796264648438,,,4.9134578704834,,1,0,0,0,0.000152587890625,35.6793746948242,1,1,1,10.0042247772217,0,9.99993016984728,90.0000076293945,1,0.00489154815410462,0.000170446868522961,0.00489266052542471,0.000170453939350891,0.977883219718933,0.989161610603332,30.7989501953125,4.38926775814252E-7,30,4,200,-0.000466182682430372,-1.99810552597046,0.263685166835785,2,,,,,,,,,,,,,,,,
,3959002998.31014,10.003963470459,999.796264648438,,,6,,,,30.7262451900536,,,10,,,,,,,,,,,,,,,,,,,,,,9.99615669250488,10.0044841766357,999.796264648438,999.796264648438,,,4.91619968414307,,1,0,0,0,0.000152587890625,36.1681327819824,1,1,1,10.003885269165,0,9.99999819861518,90.0000076293945,1,0.00489156689691677,0.000170447507828599,0.00489267417399348,0.000170454365767028,0.977888226509094,0.989191055297852,30.7989921569824,6.11241057413281E-6,30,4,200,-0.000524737115483731,-2.00021123886108,0.261712968349457,2,,,,,,,,,,,,,,,,
,3959003018.95046,10.0040321350098,999.796264648438,,,6,,,,30.7262451900536,,,10,,,,,,,,,,,,,,,,,,,,,,9.99605369567871,10.004599571228,999.796264648438,999.796264648438,,,4.913330078125,,1,0,0,0,0.000152587890625,35.6793746948242,1,1,1,10.0042371749878,0,9.99987951914469,90.0000076293945,1,0.00489155382000691,0.000170447069876031,0.00489267783699005,0.000170454401980121,0.977870941162109,0.989214837551117,30.799108505249,0,30,4,200,-0.000656291202176362,-2.00211906433105,0.259682953357697,2,,,,,,,,,,,,,,,,
,3959003039.67241,10.0042533874512,999.796264648438,,,6,,,,30.7262451900536,,,10,,,,,,,,,,,,,,,,,,,,,,9.99627590179443,10.0044603347778,999.796264648438,999.796264648438,,,4.91607570648193,,1,0,0,0,0.000152587890625,36.1681327819824,1,1,1,10.0040464401245,0,10.0000204789011,90.0000076293945,1,0.00489149740688602,0.00017044515782738,0.00489261242702195,0.000170452141837641,0.977847576141357,0.989185988903046,30.7991523742676,0,30,4,200,-0.000475794891826808,-2.00382518768311,0.257903248071671,2,,,,,,,,,,,,,,,,
,3959003060.41383,10.0043683052063,999.796264648438,,,6,,,,30.7262451900536,,,10,,,,,,,,,,,,,,,,,,,,,,9.99637889862061,10.0045938491821,999.796264648438,999.796264648438,,,4.9172887802124,,1,0,0,0,7.62939453125E-5,36.6568908691406,1,1,1,10.0043792724609,0,10.0000769827101,90.0000076293945,1,0.00489151752799536,0.000170445859102201,0.00489264584127283,0.000170453370847243,0.977860927581787,0.98917818069458,30.7990646362305,0,30,4,200,-0.000323093496263027,-2.00555443763733,0.25617328286171,2,,,,,,,,,,,,,,,,
,3959003081.1226,10.0040879249573,999.796264648438,,,6,,,,30.7262451900536,,,10,,,,,,,,,,,,,,,,,,,,,,9.9963493347168,10.0050096511841,999.796264648438,999.796264648438,,,4.91809797286987,,1,0,0,0,0.0023651123046875,35.6793746948242,1,1,1,10.0037260055542,0,10.0001080301073,90.0000076293945,1,0.00489154241257066,0.000170446991711237,0.00489267673073675,0.000170454675985466,0.977790594100952,0.989054501056671,30.7991104125977,7.59367036819458,30,4,200,-0.000379309523850679,-2.00733828544617,0.254513680934906,2,,,,,,,,,,,,,,,,
,3959003101.87429,10.0044298171997,999.796264648438,,,6,,,,30.7262451900536,,,10,,,,,,,,,,,,,,,,,,,,,,9.9963493347168,10.0045642852783,999.796264648438,999.796264648438,,,4.9163064956665,,1,0,0,0,0.000152587890625,35.6793746948242,1,1,1,10.0045976638794,0,10.0000636842516,90.0000076293945,1,0.00489154938805091,0.000170447142597396,0.00489268352000856,0.000170454839801345,0.977823615074158,0.989111185073853,30.7990798950195,0,30,4,200,-0.000746886769775301,-2.00888800621033,0.25271812081337,2,,,,,,,,,,,,,,,,
,3959003122.54497,10.004322052002,999.796264648438,,,6,,,,30.7262451900536,,,10,,,,,,,,,,,,,,,,,,,,,,9.99620056152344,10.0046873092651,999.796264648438,999.796264648438,,,4.91780471801758,,1,0,0,0,0.000152587890625,35.6793746948242,1,1,1,10.0044898986816,0,10.0001193152534,90.0000076293945,1,0.00489146963784487,0.00017044425211846,0.00489260617976414,0.000170452093848415,0.97784411907196,0.989120721817017,30.7990188598633,6.12077883488382E-6,30,4,200,-0.000354699470335618,-2.01055359840393,0.251134902238846,2,,,,,,,,,,,,,,,,
,3959003143.22626,10.0042085647583,999.796264648438,,,6,,,,30.7262451900536,,,10,,,,,,,,,,,,,,,,,,,,,,9.99630546569824,10.004280090332,999.796264648438,999.796264648438,,,4.9187593460083,,1,0,0,0,0.000152587890625,36.1681327819824,1,1,1,10.0041608810425,0,10.0000093777974,90.0000076293945,1,0.00489150975874944,0.000170445781758357,0.0048926274205407,0.000170452839214891,0.977805078029633,0.98910915851593,30.7991714477539,7.59277296066284,30,4,200,-0.000242883412283845,-2.01233172416687,0.249392852187157,2,,,,,,,,,,,,,,,,
,3959003163.88702,10.0040984153748,999.796264648438,,,6,,,,30.7262451900536,,,10,,,,,,,,,,,,,,,,,,,,,,9.99615383148193,10.0047273635864,999.796264648438,999.796264648438,,,4.91845273971558,,1,0,0,0,0.000152587890625,35.6793746948242,1,1,1,10.0040807723999,0,10.0001396603054,90.0000076293945,1,0.00489151263519839,0.000170445753263515,0.00489262981032959,0.000170452864154518,0.977838158607483,0.989138603210449,30.7990875244141,0,30,4,200,-0.00030976056586951,-2.0142138004303,0.24760402739048,2,,,,,,,,,,,,,,,,
,3959003184.61817,10.0041847229004,999.796264648438,,,6,,,,30.7262451900536,,,10,,,,,,,,,,,,,,,,,,,,,,9.99618339538574,10.0048389434814,999.796264648438,999.796264648438,,,4.91852045059204,,1,0,0,0,0.000152587890625,34.7018585205078,1,1,1,10.004467010498,0,9.99981835309197,90.0000076293945,1,0.00489148292362876,0.000170444907450056,0.00489261374318318,0.000170452403558859,0.977793693542481,0.989096581935883,30.7991943359375,0,30,4,200,-0.000382369587896392,-2.01587867736816,0.245754763484001,2,,,,,,,,,,,,,,,,
,3959003205.39418,10.0041351318359,999.796264648438,,,6,,,,30.7262451900536,,,10,,,,,,,,,,,,,,,,,,,,,,9.99626445770264,10.00475025177,999.796264648438,999.796264648438,,,4.91932535171509,,1,0,0,0,0.000152587890625,36.1681327819824,1,1,1,10.0042533874512,0,10.00016201867,90.0000076293945,1,0.00489150561739059,0.000170445467730913,0.00489264107835402,0.000170453250609063,0.97785097360611,0.989145994186401,30.7990550994873,0,30,4,200,-0.000635214848443866,-2.01759910583496,0.244131967425346,2,,,,,,,,,,,,,,,,
,3959003226.17758,10.0044474601746,999.778045654297,,,6,,,,30.7262451900536,,,10,,,,,,,,,,,,,,,,,,,,,,9.99619483947754,10.0045299530029,999.747680664062,999.796264648438,,,4.91729164123535,,1,0,0,0,7.62939453125E-5,36.1681327819824,1,1,1,10.0043649673462,0,9.99999438391791,90.0000076293945,1,0.00491045929894154,0.000171110693938261,0.0049116664110402,0.000171119036451267,0.976628482341766,0.987659692764282,30.8011016845703,0,30,4,200,0.000522173126228154,-2.04398512840271,0.2459477186203,2,,,,,,,,,,,,,,,,
,3959003246.90156,10.0042099952698,999.759826660156,,,6,,,,30.7262451900536,,,10,,,,,,,,,,,,,,,,,,,,,,9.99614143371582,10.0044078826904,999.759826660156,999.759826660156,,,4.92008352279663,,1,0,0,0,0.000152587890625,35.190616607666,1,1,1,10.0040121078491,0,9.9999000761244,90.0000076293945,1,0.00489179948800253,0.000170456017193551,0.0048929582106863,0.000170464445319194,0.977781534194946,0.989092350006104,30.7992153167725,0,30,4,200,-0.000858510145917535,-2.00818514823914,0.253680109977722,2,,,,,,,,,,,,,,,,
,3959003267.61567,10.0043091773987,999.759826660156,,,6,,,,30.7262451900536,,,10,,,,,,,,,,,,,,,,,,,,,,9.99634742736816,10.0048151016235,999.759826660156,999.759826660156,,,4.92065620422363,,1,0,0,0,7.62939453125E-5,35.6793746948242,1,1,1,10.0043535232544,0,10.0000683996412,90.0000076293945,1,0.00489192932702072,0.000170460621295244,0.00489307476694214,0.000170468608892324,0.977756261825561,0.989028513431549,30.7991886138916,6.08800564805279E-6,30,4,200,-0.000820135930553079,-2.01003551483154,0.251854479312897,2,,,,,,,,,,,,,,,,
,3959003288.2059,10.0050086975098,999.759826660156,,,6,,,,30.7262451900536,,,10,,,,,,,,,,,,,,,,,,,,,,9.99614143371582,10.0048694610596,999.759826660156,999.759826660156,,,4.92104005813599,,1,0,0,0,0.0005340576171875,35.6793746948242,1,1,1,10.005651473999,0,9.99997986687554,85.8144073486328,5,0.00489218428637929,0.000170469217744606,0.00489332518057912,0.000170477569898739,0.977827548980713,0.988893270492554,30.7985763549805,4.10983432175271E-7,30,4,200,-0.000703478814102709,-2.01154923439026,0.250224530696869,2,,,,,,,,,,,,,,,,
,3959003308.87124,10.0078253746033,999.759826660156,,,6,,,,30.7262451900536,,,10,,,,,,,,,,,,,,,,,,,,,,9.99583721160889,10.0109491348267,999.759826660156,999.759826660156,,,4.92210721969604,,1,0,0,0,0.00030517578125,35.190616607666,1,1,1,10.0056972503662,0,10.0033772256639,45.6144027709961,5,0.00490424446524158,0.000170901763321369,0.00490507607240123,0.000170899362102225,0.974790692329407,0.983615040779114,30.7982692718506,1.36451444632257E-6,30,4,200,-0.0016571186715737,-2.02079129219055,0.251386225223541,2,,,,,,,,,,,,,,,,
,3959003329.52925,10.005597114563,999.759826660156,,,6,,,,30.7262451900536,,,10,,,,,,,,,,,,,,,,,,,,,,9.99068737030029,10.0089054107666,999.759826660156,999.759826660156,,,4.92041397094727,,1,0,0,0,0.0002288818359375,35.6793746948242,1,1,1,10.0053300857544,0,10.0003145535787,6.13920021057129,5,0.00486231722320266,0.000169421008819698,0.00486242061487666,0.000169420617392152,0.979910433292389,0.981119871139526,30.7004089355469,5.54079484939575,30,4,200,-0.00229698186740279,-2.01557230949402,0.354003518819809,2,,,,,,,,,,,,,,,,
,3959003350.29324,10.0026502609253,999.759826660156,,,6,,,,30.7262451900536,,,10,,,,,,,,,,,,,,,,,,,,,,9.99154186248779,10.0100793838501,999.759826660156,999.759826660156,,,4.92209482192993,,1,0,0,0,0.0003814697265625,35.6793746948242,1,1,1,10.0004692077637,0,9.9999590449863,-33.715202331543,5,0.0047355979879713,0.000165069525124931,0.00473770230543692,0.000165073277987319,0.965707242488861,0.981736063957214,30.6161575317383,1.16616308787343E-6,30,4,200,-0.00183163490146399,-1.97212505340576,0.22684808075428,2,,,,,,,,,,,,,,,,
,3959003370.97905,10.0033288002014,999.759826660156,,,6,,,,30.7262451900536,,,10,,,,,,,,,,,,,,,,,,,,,,9.98931884765625,10.0077209472656,999.759826660156,999.759826660156,,,4.92276573181152,,1,0,0,0,0,35.6793746948242,1,1,1,10.0037508010864,0,9.99971554014418,-74.0064010620117,5,0.00468543036044783,0.000163353834103679,0.00468734300149032,0.000163358669987464,0.960238993167877,0.971280694007874,30.621395111084,0,30,4,200,-0.00171559932641685,-1.93186283111572,0.212301328778267,2,,,,,,,,,,,,,,,,
,3959003391.68754,10.0074491500854,999.759826660156,,,6,,,,30.7262451900536,,,10,,,,,,,,,,,,,,,,,,,,,,9.99058151245117,10.007472038269,999.759826660156,999.759826660156,,,4.9209566116333,,1,0,0,0,0.0002288818359375,35.6793746948242,1,1,1,10.0094404220581,0,9.99966939290365,-113.275207519531,5,0.0047901545064518,0.000166906777673022,0.00479028512343701,0.000166907529193715,0.979860901832581,0.981024444103241,30.7006549835205,0.0995290130376816,30,4,200,-6.69647997710854E-5,-1.99099671840668,0.232161790132523,2,,,,,,,,,,,,,,,,
,3959003412.40475,10.0091762542725,999.759826660156,,,6,,,,30.7262451900536,,,10,,,,,,,,,,,,,,,,,,,,,,9.99288940429688,10.0092000961304,999.759826660156,999.759826660156,,,4.92323303222656,,1,0,0,0,0.0003814697265625,36.1681327819824,1,1,1,10.0091524124146,0,9.99986060460409,-153.172805786133,5,0.00489792918783769,0.000170727468788948,0.00490048061453494,0.000170738356984754,0.965769708156586,0.983926892280579,30.839937210083,0,30,4,200,-0.000384607759770006,-2.0312831401825,0.240699648857117,2,,,,,,,,,,,,,,,,
,3959003433.08662,10.0089783668518,999.759826660156,,,6,,,,30.7262451900536,,,10,,,,,,,,,,,,,,,,,,,,,,9.99254894256592,10.0085878372192,999.759826660156,999.759826660156,,,4.92381191253662,,1,0,0,0,0.0008392333984375,36.6568908691406,1,1,1,10.0093688964844,0,9.99989133410984,-193.012802124023,5,0.00483871279649781,0.000168997673709879,0.00485103517562478,0.000169017149433714,0.928449511528015,0.983378350734711,30.9884204864502,3.5565487905842E-6,30,4,200,-0.0010021401103586,-2.01136898994446,0.352775394916534,2,,,,,,,,,,,,,,,,
,3959003453.58507,10.0100708007813,999.759826660156,,,6,,,,30.7262451900536,,,10,,,,,,,,,,,,,,,,,,,,,,9.99062824249268,10.0102281570435,999.759826660156,999.759826660156,,,4.9243540763855,,1,0,0,0,0.0003814697265625,36.6568908691406,1,1,1,10.009913444519,0,10.0001305411844,-230.976013183594,5,0.00470185040421983,0.000164453717894352,0.0047202090017936,0.000164468860856878,0.910700976848602,0.980088591575623,31.057336807251,0.346298217773438,30,4,200,-0.00204236898571253,-1.9530622959137,0.332620322704315,2,,,,,,,,,,,,,,,,
,3959003474.13297,10.0064616203308,999.759826660156,,,6,,,,30.7262451900536,,,10,,,,,,,,,,,,,,,,,,,,,,9.98802661895752,10.011287689209,999.759826660156,999.759826660156,,,4.92271709442139,,1,0,0,0,0.000457763671875,35.6793746948242,1,1,1,10.002438545227,0,10.0001891788683,-273.076812744141,5,0.00467616894376377,0.000163503948688671,0.00469232670570292,0.000163539487539926,0.914277672767639,0.969818413257599,31.0318183898926,1.56091937242309E-6,30,4,200,-0.00127017789054662,-1.94987428188324,0.314951926469803,2,,,,,,,,,,,,,,,,
