[Header]
; MPMS3 Data File (default extension .dat)
; Copyright (c) 2007, Quantum Design, Inc. All rights reserved.
TITLE,
FILEOPENTIME,3959004624.05897,06/13/2025,7:30 pm
BYAPP,MPMS3 w/ AC,1.0,1.1
INFO,MPMS3 Measurement Release 1.2.2 Build 0, MultiVu Release 2.3.5.2,APPNAME
INFO,Linear Motor Servo Controller,MOTOR_MODULE_NAME
INFO,3101-100 N4,MOTOR_HW_VERSION
INFO,MMC1299,MOTOR_SERIAL_NUMBER
INFO,01.04.28,MOTOR_SOFTWARE_VERSION
INFO,Quantum Design Squid Module,SQUID_MODULE_NAME
INFO,3101-501 B0,SQUID_HW_VERSION
INFO,SQM364,SQUID_SERIAL_NUMBER
INFO,01.03.04,SQUID_SOFTWARE_VERSION
INFO,Quantum Design VSM Oven,OVEN_MODULE_NAME
INFO,3101-201 A3,OVEN_HW_VERSION
INFO,OVB387,OVEN_SERIAL_NUMBER
INFO,01.07.07,OVEN_SOFTWARE_VERSION
INFO,SQUID AC,AC_MODULE_NAME
INFO,3101-401 G0,AC_HW_VERSION
INFO,SAC242,AC_SERIAL_NUMBER
INFO,SQUID AC 00.95.11,AC_SOFTWARE_VERSION
INFO,TCI374,COIL_SERIAL_NUMBER
INFO,0,MOMENT_UNITS
INFO,Fe3O4,SAMPLE_MATERIAL
INFO,powder,SAMPLE_COMMENT
INFO,61.2,SAMPLE_MASS
INFO,,SAMPLE_VOLUME
INFO,,SAMPLE_MOLECULAR_WEIGHT
INFO,,SAMPLE_SIZE
INFO,,SAMPLE_SHAPE
INFO,Rotator,SAMPLE_HOLDER
INFO,Standard,SAMPLE_HOLDER_DETAIL
INFO,67.43,SAMPLE_OFFSET
DATATYPE,COMMENT,1
DATATYPE,TIME,2
STARTUPAXIS,X,2
STARTUPAXIS,Y1,5
FIELDGROUP, VSM,2,3,4,5,6,8,9,10,11,14,15
FIELDGROUP, DC, 2,3,4,14,56,57,58,59,60,61,62,63,64,65,66,67,68,69
FIELDGROUP, AC, 2,3,4,11,16,17,18,19,20,21,22,23,24,25,26,27,28,29,30
STARTUPGROUP, All
[Data]
Comment,Time Stamp (sec),Temperature (K),Magnetic Field (Oe),Moment (emu),M. Std. Err. (emu),Transport Action,Averaging Time (sec),Frequency (Hz),Peak Amplitude (mm),Center Position (mm),Lockin Signal' (V),Lockin Signal (V),Range,M. Quad. Signal (emu),AC Moment (emu),AC M. Std Err. (emu),AC Phase (deg),AC Phase Std. Err. (deg),AC Susceptibility (emu/Oe),AC Suscept. Std Err. (emu/Oe),AC X' (emu/Oe),AC X' Std Err. (emu/Oe),AC X'' (emu/Oe),AC X'' Std Err. (emu/Oe),AC Drive (Oe),AC Frequency (Hz),AC Averaging Time (sec),AC Cycles,AC Range,AC Measure Type,AC Signal' (V),AC Signal'' (V),AC Trim Coil Ratio,AC Trim Coil Phase,Min. Temperature (K),Max. Temperature (K),Min. Field (Oe),Max. Field (Oe),Mass (grams),Motor Lag (deg),Pressure (Torr),Measure Count,Measurement Number,SQUID Status (code),Motor Status (code),Measure Status (code),Motor Current (amps),Motor Temp. (C),Temp. Status (code),Field Status (code),Chamber Status (code),Chamber Temp (K),Redirection State,Average Temp (K),Rotation Angle (deg),Rotator state,DC Moment Fixed Ctr (emu),DC Moment Err Fixed Ctr (emu),DC Moment Free Ctr (emu),DC Moment Err Free Ctr (emu),DC Fixed Fit,DC Free Fit,DC Calculated Center (mm),DC Calculated Center Err (mm),DC Scan Length (mm),DC Scan Time (s),DC Number of Points,DC Squid Drift,DC Min V (V),DC Max V (V),DC Scans per Measure,He3 temp,Map 02,Map 03,Map 04,Map 05,Map 06,Map 07,Map 08,Map 09,Map 10,Map 11,Map 12,Map 13,Map 14,Map 15,Map 16
,3959004639.65726,11.0308389663696,999.759826660156,,,6,,,,30.7262451900536,,,100,,,,,,,,,,,,,,,,,,,,,,10.0021228790283,11.9909896850586,999.759826660156,999.759826660156,,,5.0629243850708,,1,0,0,0,0.0142669677734375,36.1681327819824,6,1,1,12.0582971572876,0,10.8740402151037,90.0000076293945,1,0.0267199534702741,0.00120558869722378,0.0267252480200664,0.00120562715709449,0.364497572183609,0.364653557538986,30.7949714660645,5.54932165145874,30,4,200,-0.000813130987808108,-2.17063570022583,0.279852330684662,2,,,,,,,,,,,,,,,,
,3959004665.55579,12.876051902771,999.759826660156,,,6,,,,30.7262451900536,,,100,,,,,,,,,,,,,,,,,,,,,,12.0933094024658,13.6587944030762,999.759826660156,999.759826660156,,,5.16378116607666,,1,0,0,0,0.000152587890625,35.6793746948242,6,1,1,13.6800336837769,0,12.8641804644936,90.0000076293945,1,0.0046455244382264,0.000161875128733006,0.00464644878040265,0.000161880315953113,0.977596580982208,0.987030684947967,30.7951164245605,0,30,4,200,-8.37454645079561E-5,-0.19162455201149,0.0250943247228861,2,,,,,,,,,,,,,,,,
,3959004686.52723,14.5099935531616,999.759826660156,,,6,,,,30.7262451900536,,,100,,,,,,,,,,,,,,,,,,,,,,13.7104368209839,15.2812404632568,999.759826660156,999.759826660156,,,5.25529623031616,,1,0,0,0,0.000152587890625,36.1681327819824,6,1,1,15.3095502853394,0,14.4675911351254,90.0000076293945,1,0.00452630109648245,0.000157720736143229,0.0045271754910418,0.00015772458573487,0.977607548236847,0.987192749977112,30.7954864501953,0,30,4,200,-0.000112546549644321,-0.187680572271347,0.0233873035758734,2,,,,,,,,,,,,,,,,
,3959004707.23168,16.169873714447,999.759826660156,,,6,,,,30.7262451900536,,,100,,,,,,,,,,,,,,,,,,,,,,15.3793687820435,16.8854351043701,999.759826660156,999.759826660156,,,5.34000873565674,,1,0,0,0,0.0142669677734375,36.6568908691406,2,1,1,16.9603786468506,0,16.1502425405714,90.0000076293945,1,0.00440711910075382,0.00015357818211956,0.00440802566119182,0.000153582908868161,0.974759101867676,0.983045518398285,30.7967224121094,0,30,4,200,-6.67504864395596E-5,-0.182973340153694,0.0328923985362053,2,,,,,,,,,,,,,,,,
,3959004727.7566,17.8100137710571,999.759826660156,,,6,,,,30.7262451900536,,,100,,,,,,,,,,,,,,,,,,,,,,16.9921951293945,18.5310401916504,999.759826660156,999.759826660156,,,5.41004467010498,,1,0,0,0,0,35.6793746948242,2,1,1,18.6278324127197,0,17.7393276426527,90.0000076293945,1,0.00430448692451619,0.00014999160419022,0.00430532643143582,0.000149995289171891,0.977588891983032,0.987292468547821,30.7958564758301,0,30,4,200,-8.47579503897577E-5,-0.180522933602333,0.020155368372798,2,,,,,,,,,,,,,,,,
,3959004748.88868,19.3250722885132,999.759826660156,,,6,,,,30.7262451900536,,,100,,,,,,,,,,,,,,,,,,,,,,18.7336082458496,19.9165363311768,999.759826660156,999.759826660156,,,5.45479726791382,,1,0,0,0,0,37.1456527709961,2,1,1,19.9370346069336,0,19.3949446678162,90.0000076293945,1,0.00420851648400517,0.000146646128242354,0.0042093639727742,0.000146650364310902,0.977988719940186,0.988181889057159,30.7962551116943,4.33041132055223E-5,30,4,200,-5.60850530746393E-5,-0.177104577422142,0.0186801254749298,2,,,,,,,,,,,,,,,,
,3959004769.65848,19.9767570495605,999.759826660156,,,6,,,,30.7262451900536,,,100,,,,,,,,,,,,,,,,,,,,,,19.9499492645264,20.0033378601074,999.759826660156,999.759826660156,,,5.4685492515564,,1,0,0,0,7.62939453125E-5,36.1681327819824,6,1,1,20.0035648345947,0,19.9877147674561,90.0000076293945,1,0.00418733578255416,0.000145906791751102,0.00418817264022274,0.000145910698314546,0.97840142250061,0.989023625850678,30.7963943481445,0,30,4,200,-3.48447974829469E-5,-0.175670266151428,0.0291815288364887,2,,,,,,,,,,,,,,,,
,3959004790.45069,20.0025358200073,999.759826660156,,,6,,,,30.7262451900536,,,100,,,,,,,,,,,,,,,,,,,,,,19.9999103546143,20.0035953521729,999.759826660156,999.759826660156,,,5.48011684417725,,1,0,0,0,0.0142669677734375,34.7018585205078,5,1,1,20.0014762878418,0,20.0013605753581,90.0000076293945,1,0.00418715768031905,0.000145900477506525,0.00418799270035686,0.000145904433950333,0.978427827358246,0.989005208015442,30.7962455749512,0,30,4,200,-3.49256115441676E-5,-0.17577488720417,0.0291214417666197,2,,,,,,,,,,,,,,,,
,3959004811.39394,20.0016422271729,999.759826660156,,,6,,,,30.7262451900536,,,100,,,,,,,,,,,,,,,,,,,,,,19.999641418457,20.0016841888428,999.759826660156,999.759826660156,,,5.48775672912598,,1,0,0,0,0.0142669677734375,36.1681327819824,5,1,1,20.0016002655029,0,20.000596470303,90.0000076293945,1,0.00418719346788115,0.000145901666717449,0.00418803217662048,0.00014590574470478,0.978450417518616,0.989053785800934,30.7962341308594,0,30,4,200,-3.54237090505194E-5,-0.175885319709778,0.029014578089118,2,,,,,,,,,,,,,,,,
,3959004831.94098,20.0018215179443,999.759826660156,,,6,,,,30.7262451900536,,,100,,,,,,,,,,,,,,,,,,,,,,19.9989452362061,20.0017700195313,999.759826660156,999.759826660156,,,5.4902868270874,,1,0,0,0,0.000152587890625,37.1456527709961,1,1,1,20.0018730163574,0,20.0007086859809,90.0000076293945,1,0.00418716942812926,0.000145900735814982,0.0041880049863144,0.000145904803181446,0.978471338748932,0.989033102989197,30.7960796356201,0,30,4,200,-4.31415901402943E-5,-0.164732858538628,0.0289485603570938,2,,,,,,,,,,,,,,,,
,3959004852.68535,20.0014600753784,999.759826660156,,,6,,,,30.7262451900536,,,100,,,,,,,,,,,,,,,,,,,,,,19.9991474151611,20.0019054412842,999.759826660156,999.759826660156,,,5.49465370178223,,1,0,0,0,0.000152587890625,36.1681327819824,1,1,1,20.0010147094727,0,20.0004716449314,90.0000076293945,1,0.00418722694760843,0.000145902840970346,0.00418807136253313,0.00014590713157387,0.978458285331726,0.989060580730438,30.7962226867676,3.95299366573454E-7,30,4,200,-3.58046163455583E-5,-0.164860531687737,0.0288202967494726,2,,,,,,,,,,,,,,,,
,3959004873.48504,20.0009260177612,999.759826660156,,,6,,,,30.7262451900536,,,100,,,,,,,,,,,,,,,,,,,,,,19.9988956451416,20.0010452270508,999.759826660156,999.759826660156,,,5.4966835975647,,1,0,0,0,0.000152587890625,35.6793746948242,1,1,1,20.0008068084717,0,20.0000024371677,90.0000076293945,1,0.00418726663280879,0.000145904233967482,0.00418810018723784,0.000145908131379849,0.97846120595932,0.989075481891632,30.7962646484375,0,30,4,200,-3.0762665119255E-5,-0.164977952837944,0.0286876615136862,2,,,,,,,,,,,,,,,,
,3959004894.13747,20.001091003418,999.759826660156,,,6,,,,30.7262451900536,,,100,,,,,,,,,,,,,,,,,,,,,,19.9987335205078,20.0011253356934,999.759826660156,999.759826660156,,,5.49802923202515,,1,0,0,0,0.000152587890625,36.1681327819824,1,1,1,20.0010948181152,0,20.0000547832913,90.0000076293945,1,0.00418724143659909,0.000145903227407137,0.00418809239708789,0.000145907850968396,0.978486835956573,0.989050924777985,30.7960662841797,7.59473609924316,30,4,200,-3.02200678561348E-5,-0.165082484483719,0.0285858232527971,2,,,,,,,,,,,,,,,,
,3959004914.7235,20.001428604126,999.759826660156,,,6,,,,30.7262451900536,,,100,,,,,,,,,,,,,,,,,,,,,,19.9996223449707,20.0017929077148,999.759826660156,999.759826660156,,,5.49781799316406,,1,0,0,0,0.000152587890625,36.1681327819824,1,1,1,20.0014266967773,0,20.0006589889526,90.0000076293945,1,0.00418720657978313,0.000145902027772596,0.00418805133354616,0.000145906405285879,0.978478014469147,0.989052414894104,30.7961235046387,0.0737578347325325,30,4,200,-2.77759681921452E-5,-0.165177002549171,0.0284838993102312,2,,,,,,,,,,,,,,,,
,3959004935.24354,20.0017585754395,999.759826660156,,,6,,,,30.7262451900536,,,100,,,,,,,,,,,,,,,,,,,,,,19.9993686676025,20.0020942687988,999.759826660156,999.759826660156,,,5.49692726135254,,1,0,0,0,0.000152587890625,36.6568908691406,1,1,1,20.0019474029541,0,20.000927819146,90.0000076293945,1,0.00418721372585354,0.000145902189531387,0.00418803852364482,0.000145905978041163,0.978524386882782,0.989077031612396,30.795970916748,4.24006648245268E-5,30,4,200,-3.44096915796399E-5,-0.16526760160923,0.0283989757299423,2,,,,,,,,,,,,,,,,
,3959004956.00374,20.0015773773193,999.759826660156,,,6,,,,30.7262451900536,,,100,,,,,,,,,,,,,,,,,,,,,,19.9992923736572,20.002010345459,999.759826660156,999.759826660156,,,5.49840307235718,,1,0,0,0,0.0008392333984375,35.6793746948242,1,1,1,20.0011444091797,0,20.0005747477214,90.0000076293945,1,0.00418730950010728,0.000145905634611026,0.00418813527213475,0.000145909407890651,0.978492796421051,0.98904538154602,30.7960472106934,0,30,4,200,-3.30968177877367E-5,-0.165372639894485,0.028294526040554,2,,,,,,,,,,,,,,,,
,3959004976.56204,20.0015325546265,999.759826660156,,,6,,,,30.7262451900536,,,100,,,,,,,,,,,,,,,,,,,,,,19.9993648529053,20.0017185211182,999.759826660156,999.759826660156,,,5.49750995635986,,1,0,0,0,0.0142669677734375,36.1681327819824,1,1,1,20.0017719268799,0,20.000584602356,90.0000076293945,1,0.00418730092732088,0.000145905370068961,0.0041881286609478,0.000145909158523554,0.978500962257385,0.989094853401184,30.7961158752441,0.103628322482109,30,4,200,-3.75157287635375E-5,-0.165509194135666,0.0281563848257065,2,,,,,,,,,,,,,,,,
,3959004997.18181,20.0013484954834,999.759826660156,,,6,,,,30.7262451900536,,,100,,,,,,,,,,,,,,,,,,,,,,19.9993858337402,20.0018711090088,999.759826660156,999.759826660156,,,5.49892330169678,,1,0,0,0,0.000152587890625,37.1456527709961,1,1,1,20.000825881958,0,20.0005665885078,90.0000076293945,1,0.00418732703799123,0.000145906125145531,0.00418816553159053,0.00014591033005405,0.97850888967514,0.989084184169769,30.7960643768311,,30,4,200,-2.79602318187244E-5,-0.165602073073387,0.0280571021139622,2,,,,,,,,,,,,,,,,
,3959005017.86389,20.0010356903076,999.759826660156,,,6,,,,30.7262451900536,,,100,,,,,,,,,,,,,,,,,,,,,,19.9989624023438,20.0012855529785,999.759826660156,999.759826660156,,,5.49801921844482,,1,0,0,0,0.000152587890625,35.6793746948242,1,1,1,20.0011329650879,0,20.0001577489516,90.0000076293945,1,0.00418728624693927,0.000145904812158919,0.00418814589217958,0.000145909793262981,0.978480458259582,0.989004015922546,30.7959899902344,0,30,4,200,-4.17299524997361E-5,-0.165686815977097,0.0279761515557766,2,,,,,,,,,,,,,,,,
,3959005038.55811,20.0011758804321,999.759826660156,,,6,,,,30.7262451900536,,,100,,,,,,,,,,,,,,,,,,,,,,19.9991798400879,20.0013446807861,999.759826660156,999.759826660156,,,5.50033950805664,,1,0,0,0,0.000152587890625,36.1681327819824,1,1,1,20.0010852813721,0,20.0002352396647,90.0000076293945,1,0.00418737114561375,0.00014590785777715,0.00418820332313649,0.000145911730321593,0.978442907333374,0.989024579524994,30.7962379455566,0.0526482984423637,30,4,200,-3.54832664015703E-5,-0.165765047073364,0.027888335287571,2,,,,,,,,,,,,,,,,
,3959005059.34204,20.0012187957764,999.759826660156,,,6,,,,30.7262451900536,,,100,,,,,,,,,,,,,,,,,,,,,,19.998649597168,20.0014114379883,999.759826660156,999.759826660156,,,5.50021982192993,,1,0,0,0,0.0142669677734375,36.1681327819824,1,1,1,20.0010261535645,0,20.0000157886081,90.0000076293945,1,0.0041873303245146,0.000145906625556183,0.00418815581444436,0.000145910180421187,0.97840279340744,0.988998770713806,30.7963256835937,1,30,4,200,-3.39021462423261E-5,-0.165862247347832,0.0278073586523533,2,,,,,,,,,,,,,,,,
,3959005080.06452,20.0010757446289,999.759826660156,,,6,,,,30.7262451900536,,,100,,,,,,,,,,,,,,,,,,,,,,19.9992160797119,20.0012016296387,999.759826660156,999.759826660156,,,5.50107097625732,,1,0,0,0,0.000152587890625,36.1681327819824,1,1,1,20.0009498596191,0,20.0001836352878,90.0000076293945,1,0.00418726446810006,0.000145904243893494,0.00418810081014201,0.000145908245721054,0.978434860706329,0.98901903629303,30.7962379455566,0,30,4,200,-6.7356952058617E-5,-0.165922909975052,0.0277288779616356,2,,,,,,,,,,,,,,,,
,3959005100.76258,20.0012168884277,999.759826660156,,,6,,,,30.7262451900536,,,100,,,,,,,,,,,,,,,,,,,,,,19.9984512329102,20.0012836456299,999.759826660156,999.759826660156,,,5.50016975402832,,1,0,0,0,0.0142669677734375,37.1456527709961,1,1,1,20.0011501312256,0,19.9999186197917,90.0000076293945,1,0.00418734564469127,0.000145907053452275,0.00418822684476366,0.000145912379180051,0.978419542312622,0.98913836479187,30.7965412139893,,30,4,200,-5.82634602324106E-5,-0.166000574827194,0.0276561323553324,2,,,,,,,,,,,,,,,,
,3959005121.50226,20.0012063980103,999.759826660156,,,6,,,,30.7262451900536,,,100,,,,,,,,,,,,,,,,,,,,,,19.9990463256836,20.0013217926025,999.759826660156,999.759826660156,,,5.5004243850708,,1,0,0,0,0.008697509765625,36.1681327819824,1,1,1,20.001091003418,0,20.0001141230265,90.0000076293945,1,0.00418731928667608,0.00014590582499577,0.00418819280689941,0.000145911115587867,0.978529691696167,0.989210367202759,30.7962379455566,0,30,4,200,-4.97055152663961E-5,-0.166059225797653,0.0275966133922338,2,,,,,,,,,,,,,,,,
,3959005142.15763,20.000955581665,999.759826660156,,,6,,,,30.7262451900536,,,100,,,,,,,,,,,,,,,,,,,,,,19.9988842010498,20.0011558532715,999.759826660156,999.759826660156,,,5.50129318237305,,1,0,0,0,0.000152587890625,36.6568908691406,1,1,1,20.0007553100586,0,19.9999947018094,90.0000076293945,1,0.00418730325625079,0.000145905178280904,0.0041881710763011,0.000145910333418202,0.978539764881134,0.989190518856049,30.7961521148682,0,30,4,200,-6.09887683822308E-5,-0.16611248254776,0.0275338012725115,2,,,,,,,,,,,,,,,,
,3959005162.80621,20.001091003418,999.759826660156,,,6,,,,30.7262451900536,,,100,,,,,,,,,,,,,,,,,,,,,,19.9988040924072,20.0012912750244,999.759826660156,999.759826660156,,,5.50177907943726,,1,0,0,0,0.000152587890625,36.1681327819824,1,1,1,20.0008907318115,0,20.0000445048014,90.0000076293945,1,0.00418725347223709,0.000145903513121652,0.00418812076014511,0.000145908646460881,0.978530406951904,0.989174127578735,30.7961521148682,,30,4,200,-5.79241532250307E-5,-0.166168451309204,0.0274760983884335,2,,,,,,,,,,,,,,,,
,3959005183.61042,20.0009164810181,999.759826660156,,,6,,,,30.7262451900536,,,100,,,,,,,,,,,,,,,,,,,,,,19.9989166259766,20.0011520385742,999.759826660156,999.759826660156,,,5.50121259689331,,1,0,0,0,0.000152587890625,35.6793746948242,1,1,1,20.0006809234619,0,19.9999899334378,90.0000076293945,1,0.00418731331198496,0.000145905646712618,0.00418816297536692,0.00014591012324976,0.978518724441528,0.989177823066711,30.7962265014648,0,30,4,200,-4.19922107539605E-5,-0.166217893362045,0.0274327285587788,2,,,,,,,,,,,,,,,,
,3959005204.38988,20.0009660720825,999.759826660156,,,6,,,,30.7262451900536,,,100,,,,,,,,,,,,,,,,,,,,,,19.9992084503174,20.001012802124,999.759826660156,999.759826660156,,,5.50141954421997,,1,0,0,0,0.000152587890625,36.1681327819824,1,1,1,20.0009536743164,0,20.0001685884264,90.0000076293945,1,0.00418728945594722,0.000145904766708431,0.00418814813258342,0.00014590957336996,0.978536486625671,0.989202976226807,30.7962036132812,0,30,4,200,-5.58860156161245E-5,-0.166264370083809,0.0273821502923965,2,,,,,,,,,,,,,,,,
,3959005225.06322,20.0009269714355,999.759826660156,,,6,,,,30.7262451900536,,,100,,,,,,,,,,,,,,,,,,,,,,19.9991340637207,20.0012454986572,999.759826660156,999.759826660156,,,5.50061559677124,,1,0,0,0,7.62939453125E-5,36.1681327819824,1,1,1,20.0006084442139,0,20.0000450346205,90.0000076293945,1,0.00418726377712461,0.000145903778433475,0.00418812843469581,0.000145909076675657,0.978576898574829,0.989104032516479,30.7957916259766,,30,4,200,-5.20241956110112E-5,-0.166310712695122,0.0273411925882101,2,,,,,,,,,,,,,,,,
,3959005245.70163,20.0010385513306,999.759826660156,,,6,,,,30.7262451900536,,,100,,,,,,,,,,,,,,,,,,,,,,19.9988632202148,20.0011425018311,999.759826660156,999.759826660156,,,5.5017261505127,,1,0,0,0,0.000152587890625,36.1681327819824,1,1,1,20.0012664794922,0,20.0000735388862,90.0000076293945,1,0.00418727601689085,0.000145904342955558,0.00418814415397122,0.000145909502954166,0.978504300117493,0.989124178886414,30.7961463928223,5.54942750930786,30,4,200,-6.59248544252478E-5,-0.1663658618927,0.0272859875112772,2,,,,,,,,,,,,,,,,
,3959005266.3476,20.0010166168213,999.759826660156,,,6,,,,30.7262451900536,,,100,,,,,,,,,,,,,,,,,,,,,,19.999137878418,20.0013542175293,999.759826660156,999.759826660156,,,5.50073289871216,,1,0,0,0,0.000152587890625,36.1681327819824,1,1,1,20.0006790161133,0,20.0001534356011,90.0000076293945,1,0.00418727855269173,0.000145904545750235,0.00418814944429453,0.000145909735749443,0.978483080863953,0.9891237616539,30.7962512969971,0,30,4,200,-6.58091303193942E-5,-0.166415333747864,0.0272333659231663,2,,,,,,,,,,,,,,,,
,3959005287.05454,20.0009775161743,999.759826660156,,,6,,,,30.7262451900536,,,100,,,,,,,,,,,,,,,,,,,,,,19.9988708496094,20.0010681152344,999.759826660156,999.759826660156,,,5.5019097328186,,1,0,0,0,0.000152587890625,35.6793746948242,1,1,1,20.0008869171143,0,19.999880472819,90.0000076293945,1,0.00418723955088161,0.000145903089633304,0.00418810430372832,0.000145908151955917,0.97850489616394,0.989112734794617,30.7961387634277,3.93841332879674E-7,30,4,200,-6.34407842881046E-5,-0.166478827595711,0.0271789263933897,2,,,,,,,,,,,,,,,,
,3959005307.81903,20.0011339187622,999.759826660156,,,6,,,,30.7262451900536,,,100,,,,,,,,,,,,,,,,,,,,,,19.9989452362061,20.0012702941895,999.759826660156,999.759826660156,,,5.50193786621094,,1,0,0,0,0.000152587890625,36.1681327819824,1,1,1,20.0010814666748,0,20.0001370112101,90.0000076293945,1,0.00418729849758524,0.000145905312179772,0.00418814962181726,0.000145909908142112,0.978460252285004,0.989019393920898,30.7961254119873,7.96293497085571,30,4,200,-4.18745912611485E-5,-0.166531249880791,0.0271154046058655,2,,,,,,,,,,,,,,,,
,3959005328.53929,20.0011529922485,999.759826660156,,,6,,,,30.7262451900536,,,100,,,,,,,,,,,,,,,,,,,,,,19.9989910125732,20.0012512207031,999.759826660156,999.759826660156,,,5.50118446350098,,1,0,0,0,7.62939453125E-5,36.1681327819824,1,1,1,20.0010547637939,0,20.0000924004449,90.0000076293945,1,0.00418722317919794,0.000145902672692554,0.00418808589947739,0.000145907589084517,0.978456377983093,0.989064276218414,30.7962341308594,5.59547834200202E-6,30,4,200,-7.15943097020499E-5,-0.166590288281441,0.027058893814683,2,,,,,,,,,,,,,,,,
,3959005349.17955,20.000955581665,999.759826660156,,,6,,,,30.7262451900536,,,100,,,,,,,,,,,,,,,,,,,,,,19.9987373352051,20.0012493133545,999.759826660156,999.759826660156,,,5.50180101394653,,1,0,0,0,0.000152587890625,36.1681327819824,1,1,1,20.0006618499756,0,20.0000376171536,90.0000076293945,1,0.00418726287882516,0.000145903898524496,0.00418812289926108,0.000145908852700128,0.978498339653015,0.989064157009125,30.7960681915283,0.103660054504871,30,4,200,-5.10259560542181E-5,-0.166632547974586,0.0270123742520809,2,,,,,,,,,,,,,,,,
,3959005369.9552,20.0008583068848,999.759826660156,,,6,,,,30.7262451900536,,,100,,,,,,,,,,,,,,,,,,,,,,19.9986457824707,20.0009441375732,999.759826660156,999.759826660156,,,5.50255012512207,,1,0,0,0,0.000152587890625,35.6793746948242,1,1,1,20.0009288787842,0,19.9998449749417,90.0000076293945,1,0.00418722018515115,0.00014590248636963,0.0041880787351449,0.000145907304312858,0.978481233119965,0.989084005355835,30.7961807250977,0,30,4,200,-7.00507371220738E-5,-0.166671738028526,0.0269654840230942,2,,,,,,,,,,,,,,,,
,3959005390.64623,20.0008382797241,999.759826660156,,,6,,,,30.7262451900536,,,100,,,,,,,,,,,,,,,,,,,,,,19.9990997314453,20.0011386871338,999.759826660156,999.759826660156,,,5.50165462493897,,1,0,0,0,0.000152587890625,36.1681327819824,1,1,1,20.0005378723145,0,20.0000734329224,90.0000076293945,1,0.00418717344389794,0.000145900852010718,0.00418804271171042,0.000145906139405836,0.978498756885529,0.989058375358582,30.7960395812988,5.59690533918911E-6,30,4,200,-8.03627408458851E-5,-0.166721895337105,0.0269203558564186,2,,,,,,,,,,,,,,,,
,3959005411.40242,20.0007009506226,999.711242675781,,,6,,,,30.7262451900536,,,100,,,,,,,,,,,,,,,,,,,,,,19.9988975524902,20.0012111663818,999.638366699219,999.759826660156,,,5.50262308120728,,1,0,0,0,0.000152587890625,36.1681327819824,1,1,1,20.0004558563232,0,19.9999629126655,90.0000076293945,1,0.00419285064006633,0.000146097273880333,0.00419333186207274,0.000146100589271831,0.978934288024902,0.983885288238525,30.7774448394775,0,30,4,200,-0.000328455120325089,-0.169356659054756,0.0268578846007586,2,,,,,,,,,,,,,,,,
,3959005432.23345,20.0009689331055,999.662658691406,,,6,,,,30.7262451900536,,,100,,,,,,,,,,,,,,,,,,,,,,19.9988956451416,20.0014400482178,999.662658691406,999.662658691406,,,5.50287866592407,,1,0,0,0,0.000152587890625,37.1456527709961,1,1,1,20.0015201568604,0,20.0001148647732,90.0000076293945,1,0.00418705602875689,0.000145896758187587,0.0041879208282256,0.000145901837650712,0.978484272956848,0.989063024520874,30.796106338501,,30,4,200,-6.50804504402913E-5,-0.167512729763985,0.0261173099279404,2,,,,,,,,,,,,,,,,
,3959005452.91592,20.001467704773,999.662658691406,,,6,,,,30.7262451900536,,,100,,,,,,,,,,,,,,,,,,,,,,19.999641418457,20.0017509460449,999.662658691406,999.662658691406,,,5.50110340118408,,1,0,0,0,0.000152587890625,36.1681327819824,1,1,1,20.001184463501,0,20.0006793340047,90.0000076293945,1,0.00418704054752586,0.000145896184153818,0.0041879170325501,0.000145901742316798,0.978514850139618,0.989078402519226,30.7960109710693,0,30,4,200,-6.0982634749962E-5,-0.167580604553223,0.0260648019611835,2,,,,,,,,,,,,,,,,
,3959005473.47968,20.0012168884277,999.662658691406,,,6,,,,30.7262451900536,,,100,,,,,,,,,,,,,,,,,,,,,,19.9991683959961,20.0014038085938,999.662658691406,999.662658691406,,,5.50322771072388,,1,0,0,0,0.00030517578125,36.6568908691406,1,1,1,20.0010299682617,0,20.0003134783577,87.5280075073242,5,0.00418701638192965,0.00014589538950609,0.00418788835724938,0.000145900799202468,0.978509545326233,0.989062607288361,30.7960147857666,0,30,4,200,-4.90149141114671E-5,-0.167622745037079,0.0260093975812197,2,,,,,,,,,,,,,,,,
,3959005494.27792,20.0012226104736,999.662658691406,,,6,,,,30.7262451900536,,,100,,,,,,,,,,,,,,,,,,,,,,19.9988327026367,20.001485824585,999.662658691406,999.662658691406,,,5.50439834594727,,1,0,0,0,0.0003814697265625,36.1681327819824,1,1,1,20.001256942749,0,20.000396516588,48.1152038574219,5,0.0042018191169821,0.000146422134284995,0.00420251315767797,0.000146421743810054,0.975259959697723,0.983369886875153,30.7951698303223,0,30,4,200,-0.00019297658582218,-0.168437033891678,0.0262544583529234,2,,,,,,,,,,,,,,,,
,3959005514.97745,20.0012531280518,999.662658691406,,,6,,,,30.7262451900536,,,100,,,,,,,,,,,,,,,,,,,,,,19.9988174438477,20.0016193389893,999.662658691406,999.662658691406,,,5.50406694412231,,1,0,0,0,0.0005340576171875,35.6793746948242,1,1,1,20.0008869171143,0,20.0002534654405,7.80000019073486,5,0.00419212765039115,0.000146069207328974,0.00419216615365921,0.00014606844186119,0.979887664318085,0.980617880821228,30.7059917449951,0,30,4,200,-0.000209138757782057,-0.168511033058166,0.0262562185525894,2,,,,,,,,,,,,,,,,
,3959005535.67519,20.001166343689,999.662658691406,,,6,,,,30.7262451900536,,,100,,,,,,,,,,,,,,,,,,,,,,19.9985466003418,20.0014705657959,999.662658691406,999.662658691406,,,5.5049934387207,,1,0,0,0,0.0003814697265625,36.1681327819824,1,1,1,20.0010986328125,0,20.0000199211968,-31.488000869751,5,0.00409984739505466,0.000142902526393112,0.00410120637321042,0.000142894430135877,0.967059791088104,0.982408761978149,30.6205978393555,0,30,4,200,-0.000155705332872458,-0.165678277611732,0.0248919520527124,2,,,,,,,,,,,,,,,,
,3959005556.33855,20.0010175704956,999.662658691406,,,6,,,,30.7262451900536,,,100,,,,,,,,,,,,,,,,,,,,,,19.9988574981689,20.0013771057129,999.662658691406,999.662658691406,,,5.50545120239258,,1,0,0,0,0.000152587890625,36.1681327819824,1,1,1,20.0008125305176,0,20.0001343621148,-71.7264022827148,5,0.00403060075581254,0.000140525880788669,0.00403202883694915,0.000140520547884943,0.959855496883392,0.971222519874573,30.6195793151855,0,30,4,200,-8.96324709174223E-5,-0.161417320370674,0.0233684573322535,2,,,,,,,,,,,,,,,,
,3959005577.05178,20.0008296966553,999.662658691406,,,6,,,,30.7262451900536,,,100,,,,,,,,,,,,,,,,,,,,,,19.9989128112793,20.001932144165,999.662658691406,999.662658691406,,,5.50515985488892,,1,0,0,0,0.000457763671875,36.1681327819824,1,1,1,20.0006103515625,0,20.0002200868395,-110.928009033203,5,0.00408280010156127,0.000142273391403167,0.00408300340856826,0.000142271872080622,0.975603461265564,0.978221356868744,30.6844482421875,0,30,4,200,-1.84423679456813E-5,-0.164192676544189,0.0241106487810612,2,,,,,,,,,,,,,,,,
,3959005597.82604,20.0006122589111,999.662658691406,,,6,,,,30.7262451900536,,,100,,,,,,,,,,,,,,,,,,,,,,19.9975814819336,20.0016555786133,999.662658691406,999.662658691406,,,5.50627899169922,,1,0,0,0,7.62939453125E-5,37.1456527709961,1,1,1,20.0000858306885,0,19.9998668034871,-150.777603149414,5,0.00418745434395606,0.000145922735105088,0.00418846587634089,0.000145925181814784,0.974941074848175,0.98663592338562,30.8061561584473,,30,4,200,-5.39537904842291E-5,-0.168657600879669,0.025533951818943,2,,,,,,,,,,,,,,,,
,3959005618.05854,20.001238822937,999.662658691406,,,6,,,,30.7262451900536,,,100,,,,,,,,,,,,,,,,,,,,,,19.9983882904053,20.0018424987793,999.662658691406,999.662658691406,,,5.50709056854248,,1,0,0,0,7.62939453125E-5,35.6793746948242,1,1,1,20.0019989013672,0,20.0000075290078,-190.843215942383,5,0.00418833669041601,0.00014618946180532,0.00419657719892826,0.000146214924944997,0.937934339046478,0.983363807201385,30.9511394500732,0,30,4,200,-7.44318822398782E-5,-0.169603705406189,0.0260877646505833,2,,,,,,,,,,,,,,,,
,3959005638.88692,20.0023860931396,999.662658691406,,,6,,,,30.7262451900536,,,100,,,,,,,,,,,,,,,,,,,,,,19.9998455047607,20.0023365020752,999.662658691406,999.662658691406,,,5.50735712051392,,1,0,0,0,0.00030517578125,36.1681327819824,1,1,1,20.002477645874,0,20.0011838611804,-230.755218505859,5,0.00408062571163552,0.000142677664954308,0.00409594975958639,0.000142713234121506,0.914512038230896,0.981644153594971,31.0429649353027,0,30,4,200,-0.000130524436826818,-0.165817439556122,0.0252705551683903,2,,,,,,,,,,,,,,,,
,3959005659.91775,20.0021286010742,999.662658691406,,,6,,,,30.7262451900536,,,100,,,,,,,,,,,,,,,,,,,,,,19.9992847442627,20.0027103424072,999.662658691406,999.662658691406,,,5.5080623626709,,1,0,0,0,0.0006866455078125,36.1681327819824,1,1,1,20.0015468597412,0,20.0007478925917,-270.235198974609,5,0.00401537975829498,0.00014041272259427,0.00402943968323448,0.000140434142271144,0.913162648677826,0.970281720161438,31.0373287200928,0,30,4,200,-0.000158133785589598,-0.161276951432228,0.0234169084578753,2,,,,,,,,,,,,,,,,
