[Header]
; MPMS3 Data File (default extension .dat)
; Copyright (c) 2007, Quantum Design, Inc. All rights reserved.
TITLE,
FILEOPENTIME,3952592605.29028,03/31/2025,3:22 pm
BYAPP,MPMS3 w/ AC,1.0,1.1
INFO,MPMS3 Measurement Release 1.2.2 Build 0, MultiVu Release 2.3.5.2,APPNAME
INFO,Linear Motor Servo Controller,MOTOR_MODULE_NAME
INFO,3101-100 N4,MOTOR_HW_VERSION
INFO,MMC1299,MOTOR_SERIAL_NUMBER
INFO,01.04.28,MOTOR_SOFTWARE_VERSION
INFO,Quantum Design Squid Module,SQUID_MODULE_NAME
INFO,3101-501 B0,SQUID_HW_VERSION
INFO,SQM364,SQUID_SERIAL_NUMBER
INFO,01.03.04,SQUID_SOFTWARE_VERSION
INFO,Quantum Design VSM Oven,OVEN_MODULE_NAME
INFO,3101-201 A3,OVEN_HW_VERSION
INFO,OVB387,OVEN_SERIAL_NUMBER
INFO,01.07.07,OVEN_SOFTWARE_VERSION
INFO,SQUID AC,AC_MODULE_NAME
INFO,3101-401 G0,AC_HW_VERSION
INFO,SAC242,AC_SERIAL_NUMBER
INFO,SQUID AC 00.95.11,AC_SOFTWARE_VERSION
INFO,TCI374,COIL_SERIAL_NUMBER
INFO,0,MOMENT_UNITS
INFO,RuCl3,SAMPLE_MATERIAL
INFO,TB002a warmer side polycrystalline powder,SAMPLE_COMMENT
INFO,2.1,SAMPLE_MASS
INFO,,SAMPLE_VOLUME
INFO,,SAMPLE_MOLECULAR_WEIGHT
INFO,,SAMPLE_SIZE
INFO,,SAMPLE_SHAPE
INFO,Straw,SAMPLE_HOLDER
INFO,Standard,SAMPLE_HOLDER_DETAIL
INFO,68.91,SAMPLE_OFFSET
DATATYPE,COMMENT,1
DATATYPE,TIME,2
STARTUPAXIS,X,2
STARTUPAXIS,Y1,5
FIELDGROUP, VSM,2,3,4,5,6,8,9,10,11,14,15
FIELDGROUP, DC, 2,3,4,14,56,57,58,59,60,61,62,63,64,65,66,67,68,69
FIELDGROUP, AC, 2,3,4,11,16,17,18,19,20,21,22,23,24,25,26,27,28,29,30
STARTUPGROUP, All
[Data]
Comment,Time Stamp (sec),Temperature (K),Magnetic Field (Oe),Moment (emu),M. Std. Err. (emu),Transport Action,Averaging Time (sec),Frequency (Hz),Peak Amplitude (mm),Center Position (mm),Lockin Signal' (V),Lockin Signal (V),Range,M. Quad. Signal (emu),AC Moment (emu),AC M. Std Err. (emu),AC Phase (deg),AC Phase Std. Err. (deg),AC Susceptibility (emu/Oe),AC Suscept. Std Err. (emu/Oe),AC X' (emu/Oe),AC X' Std Err. (emu/Oe),AC X'' (emu/Oe),AC X'' Std Err. (emu/Oe),AC Drive (Oe),AC Frequency (Hz),AC Averaging Time (sec),AC Cycles,AC Range,AC Measure Type,AC Signal' (V),AC Signal'' (V),AC Trim Coil Ratio,AC Trim Coil Phase,Min. Temperature (K),Max. Temperature (K),Min. Field (Oe),Max. Field (Oe),Mass (grams),Motor Lag (deg),Pressure (Torr),Measure Count,Measurement Number,SQUID Status (code),Motor Status (code),Measure Status (code),Motor Current (amps),Motor Temp. (C),Temp. Status (code),Field Status (code),Chamber Status (code),Chamber Temp (K),Redirection State,Average Temp (K),Rotation Angle (deg),Rotator state,DC Moment Fixed Ctr (emu),DC Moment Err Fixed Ctr (emu),DC Moment Free Ctr (emu),DC Moment Err Free Ctr (emu),DC Fixed Fit,DC Free Fit,DC Calculated Center (mm),DC Calculated Center Err (mm),DC Scan Length (mm),DC Scan Time (s),DC Number of Points,DC Squid Drift,DC Min V (V),DC Max V (V),DC Scans per Measure,Map 01,Map 02,Map 03,Map 04,Map 05,Map 06,Map 07,Map 08,Map 09,Map 10,Map 11,Map 12,Map 13,Map 14,Map 15,Map 16
,3952592619.46833,299.999359130859,999.893371582031,,,6,,,,25.7620677947998,,,1,,,,,,,,,,,,,,,,,,,,,,299.995391845703,300.007293701172,999.893371582031,999.893371582031,,,6.94122123718262,,1,0,0,0,0,31.7693061828613,1,1,1,299.995452880859,0,300.002445220947,,,2.76328299373599E-5,1.41296750633769E-6,2.77100334697741E-5,1.41314721132836E-6,0.732234716415405,0.74165678024292,26.0441818237305,0,30,4,200,-0.0444406382739544,-0.372843325138092,0.0772122293710709,1,,,,,,,,,,,,,,,,
,3952592636.154,299.906387329102,999.893371582031,,,6,,,,25.7620677947998,,,1,,,,,,,,,,,,,,,,,,,,,,299.834564208984,300.007568359375,999.893371582031,999.893371582031,,,6.97358846664429,,1,0,0,0,0,32.7468223571777,6,1,1,299.805206298828,0,299.942153930664,,,2.45480787987737E-5,1.21922442088122E-6,2.45620438468832E-5,1.21925341159674E-6,0.873291015625,0.877598226070404,25.8860950469971,0,30,4,200,-0.0282830614596605,-0.704912483692169,0.443327128887177,1,,,,,,,,,,,,,,,,
,3952592645.85873,299.582290649414,999.893371582031,,,6,,,,25.7620677947998,,,1,,,,,,,,,,,,,,,,,,,,,,299.404907226562,299.789611816406,999.893371582031,999.893371582031,,,6.99106025695801,,1,0,0,0,0.014495849609375,32.7468223571777,2,1,1,299.374969482422,0,299.598320855035,,,2.51935079285426E-5,1.25638360944381E-6,2.52217754585358E-5,1.25644791530554E-6,0.844976782798767,0.851875126361847,25.9372673034668,6.37862777709961,30,4,200,-0.0288165677338839,-0.00430413708090782,0.303160041570663,1,,,,,,,,,,,,,,,,
,3952592664.1006,298.495834350586,999.893371582031,,,6,,,,25.7539192775213,,,1,,,,,,,,,,,,,,,,,,,,,,298.179534912109,298.844970703125,999.893371582031,999.893371582031,,,7.02208709716797,,1,0,0,0,0,32.7468223571777,2,1,1,298.146697998047,0,298.531270345052,,,2.45822535118599E-5,1.22777081050421E-6,2.46172656367418E-5,1.22784749516025E-6,0.835676074028015,0.843953192234039,25.9502105712891,0,30,4,200,-0.0193111337721348,-0.3880615234375,-0.1468845307827,1,,,,,,,,,,,,,,,,
,3952592683.0588,296.75862121582,999.893371582031,,,6,,,,25.7441169079541,,,1,,,,,,,,,,,,,,,,,,,,,,296.216033935547,297.342987060547,999.893371582031,999.893371582031,,,7.0524001121521,,1,0,0,0,0,33.2355842590332,2,1,1,296.174255371094,0,296.812503051758,,,2.50189683540301E-5,1.24826538935185E-6,2.50455608387722E-5,1.24832382578604E-6,0.842050850391388,0.848456025123596,25.9139709472656,3.02692897093948E-5,30,4,200,-0.0154801458120346,-0.657900333404541,0.525162398815155,1,,,,,,,,,,,,,,,,
,3952592702.15196,294.526611328125,999.893371582031,,,6,,,,25.7309188174978,,,1,,,,,,,,,,,,,,,,,,,,,,293.919677734375,295.201354980469,999.893371582031,999.893371582031,,,7.08150625228882,,1,0,0,0,0,31.7693061828613,2,1,1,293.851867675781,0,294.597507052951,,,2.50865613044532E-5,1.25908038993099E-6,2.51303824193552E-5,1.25917520564856E-6,0.809102475643158,0.817741215229034,25.9491310119629,0,30,4,200,-0.014267835766077,0.109617456793785,0.328423708677292,1,,,,,,,,,,,,,,,,
,3952592720.51151,291.829299926758,999.893371582031,,,6,,,,25.7147378072427,,,1,,,,,,,,,,,,,,,,,,,,,,291.1328125,292.622192382812,999.893371582031,999.893371582031,,,7.11843681335449,,1,0,0,0,0,32.7468223571777,2,1,1,291.036407470703,0,291.94632297092,,,2.55215270549398E-5,1.26212522879162E-6,2.55296778267547E-5,1.26214371417401E-6,0.913141906261444,0.916696965694428,25.8076419830322,0,30,4,200,-0.0146729685366154,-0.147044390439987,0.0641510114073753,1,,,,,,,,,,,,,,,,
,3952592738.88482,288.558685302734,999.893371582031,,,6,,,,25.6967323627545,,,1,,,,,,,,,,,,,,,,,,,,,,287.825714111328,289.387023925781,999.893371582031,999.893371582031,,,7.16234016418457,,1,0,0,0,0,32.7468223571777,2,1,1,287.730346679687,0,288.697825113932,,,2.59553499092371E-5,1.29317801775188E-6,2.59870873276373E-5,1.29325169837728E-6,0.850923776626587,0.858781158924103,25.8788509368896,,30,4,200,-0.0125662749633193,-0.401456117630005,-0.192663460969925,1,,,,,,,,,,,,,,,,
,3952592757.32618,285.266174316406,999.893371582031,,,6,,,,25.6790533345795,,,1,,,,,,,,,,,,,,,,,,,,,,284.432403564453,286.163970947266,999.893371582031,999.893371582031,,,7.21182012557983,,1,0,0,0,0,31.7693061828613,2,1,1,284.368377685547,0,285.38330078125,,,2.65718422321089E-5,1.31738661934847E-6,2.65874507402074E-5,1.31742459953446E-6,0.888017117977142,0.893057286739349,25.8051910400391,INF,30,4,200,-0.00929128006100655,-0.587601065635681,-0.399962157011032,1,,,,,,,,,,,,,,,,
,3952592775.69607,281.987655639648,999.893371582031,,,6,,,,25.6618043304536,,,1,,,,,,,,,,,,,,,,,,,,,,281.218994140625,282.756317138672,999.893371582031,999.893371582031,,,7.2576699256897,,1,0,0,0,0,32.7468223571777,2,1,1,281.218994140625,0,282.014275444878,,,2.68891160620571E-5,1.33664407701034E-6,2.6908556488461E-5,1.33668685758991E-6,0.866791188716888,0.871989369392395,25.8020439147949,5.07957124710083,30,4,200,-0.00866443756967783,0.361693233251572,0.546456813812256,1,,,,,,,,,,,,,,,,
,3952592794.15083,278.685409545898,999.893371582031,,,6,,,,25.6451380501278,,,1,,,,,,,,,,,,,,,,,,,,,,278.001373291016,279.473815917969,999.893371582031,999.893371582031,,,7.29299879074097,,1,0,0,0,0,33.2355842590332,2,1,1,277.897003173828,0,278.804378933377,,,2.70934640831612E-5,1.3424308733146E-6,2.71072957684416E-5,1.34246299035445E-6,0.893522024154663,0.898141264915466,25.7627429962158,0.171065598726273,30,4,200,-0.00752183608710766,0.215905666351318,0.390032231807709,1,,,,,,,,,,,,,,,,
,3952592812.57325,275.495498657227,999.893371582031,,,6,,,,25.6283049069229,,,1,,,,,,,,,,,,,,,,,,,,,,274.783233642578,276.311553955078,999.893371582031,999.893371582031,,,7.2976279258728,,1,0,0,0,0,32.7468223571777,2,1,1,274.679443359375,0,275.600172254774,,,2.76527347858496E-5,1.37177752133762E-6,2.76724021971543E-5,1.37182473466284E-6,0.882976710796356,0.888829112052918,25.7672004699707,0.0729716867208481,30,4,200,-0.00668423110619187,0.0711856633424759,0.248276054859161,1,,,,,,,,,,,,,,,,
,3952592830.88051,272.109527587891,999.893371582031,,,6,,,,25.6117684472607,,,1,,,,,,,,,,,,,,,,,,,,,,271.305450439453,273.009155273438,999.893371582031,999.893371582031,,,7.27129459381103,,1,0,0,0,0,31.7693061828613,2,1,1,271.209899902344,0,272.272901746962,,,2.79808249135174E-5,1.38741951449155E-6,2.79971930099065E-5,1.38745397556546E-6,0.886895298957825,0.891896069049835,25.7380790710449,0,30,4,200,-0.00567290419712663,-0.0306291840970516,0.141074270009995,1,,,,,,,,,,,,,,,,
,3952592849.21699,268.628463745117,999.893371582031,,,6,,,,25.5958815711902,,,1,,,,,,,,,,,,,,,,,,,,,,267.820648193359,269.519866943359,999.893371582031,999.893371582031,,,7.24649143218994,,1,0,0,0,0,32.2580642700195,2,1,1,267.737060546875,0,268.742455376519,,,2.84350633848204E-5,1.40832471921093E-6,2.8447798955131E-5,1.40835441500318E-6,0.897418439388275,0.901622176170349,25.7061176300049,5.33225727081299,30,4,200,-0.006265829782933,-0.125586912035942,0.0513022057712078,1,,,,,,,,,,,,,,,,
,3952592867.61831,265.366683959961,999.893371582031,,,6,,,,25.580411062016,,,1,,,,,,,,,,,,,,,,,,,,,,264.590270996094,266.229919433594,999.893371582031,999.893371582031,,,7.22648859024048,,1,0,0,0,0,32.7468223571777,2,1,1,264.503448486328,0,265.443138970269,,,2.87860717224394E-5,1.42409279369825E-6,2.87922581208864E-5,1.42410901266276E-6,0.909027338027954,0.911273896694183,25.6565608978271,,30,4,200,-0.00506122829392552,-0.222137659788132,-0.0533232018351555,1,,,,,,,,,,,,,,,,
,3952592886.12817,262.325241088867,999.893371582031,,,6,,,,25.5654203875365,,,1,,,,,,,,,,,,,,,,,,,,,,261.669647216797,263.086029052734,999.893371582031,999.893371582031,,,7.20924282073975,,1,0,0,0,0,32.7468223571777,2,1,1,261.564453125,0,262.450096978082,,,2.88368672523235E-5,1.427139513424E-6,2.88497697375817E-5,1.42717101845746E-6,0.905039727687836,0.909588396549225,25.6753463745117,0.000133666122565046,30,4,200,-0.00447683501988649,-0.307829141616821,-0.139379665255547,1,,,,,,,,,,,,,,,,
,3952592904.45976,259.216766357422,999.893371582031,,,6,,,,25.5503756909871,,,1,,,,,,,,,,,,,,,,,,,,,,258.51806640625,260.012145996094,999.893371582031,999.893371582031,,,7.1945686340332,,1,0,0,0,0,32.7468223571777,2,1,1,258.42138671875,0,259.369940863715,,,2.91579328216345E-5,1.44413391156895E-6,2.91700026842792E-5,1.44416421235692E-6,0.897373795509338,0.90123587846756,25.6560859680176,0,30,4,200,-0.00375356734730303,-0.395969122648239,-0.227308496832848,1,,,,,,,,,,,,,,,,
,3952592922.84117,256.16724395752,999.893371582031,,,6,,,,25.5361390395581,,,1,,,,,,,,,,,,,,,,,,,,,,255.48095703125,256.965759277344,999.893371582031,999.893371582031,,,7.1804027557373,,1,0,0,0,0,32.2580642700195,2,1,1,255.368728637695,0,256.259521484375,,,2.9538378957606E-5,1.45967878894726E-6,2.95444139239988E-5,1.45969225557458E-6,0.922176599502563,0.924709618091583,25.6105899810791,0.187028095126152,30,4,200,-0.00281842658296227,-0.443730503320694,-0.282157748937607,1,,,,,,,,,,,,,,,,
,3952592941.09076,253.086334228516,999.893371582031,,,6,,,,25.5220346935935,,,1,,,,,,,,,,,,,,,,,,,,,,252.394760131836,253.866012573242,999.893371582031,999.893371582031,,,7.16845321655273,,1,0,0,0,0,32.2580642700195,2,1,1,252.306655883789,0,253.188084920247,,,2.96463127116982E-5,1.46723945978138E-6,2.96595503179288E-5,1.46726491532147E-6,0.904751658439636,0.909327328205109,25.6318550109863,0,30,4,200,-0.00330705707892776,-0.510273039340973,-0.338786631822586,1,,,,,,,,,,,,,,,,
,3952592959.46347,250.027641296387,999.893371582031,,,6,,,,25.5091390732003,,,1,,,,,,,,,,,,,,,,,,,,,,249.369384765625,250.782913208008,999.893371582031,999.893371582031,,,7.15669727325439,,1,0,0,0,0,31.2805480957031,2,1,1,249.272369384766,0,250.14687093099,,,3.02817241429556E-5,1.496889776229E-6,3.02868600077098E-5,1.49690268647076E-6,0.91820228099823,0.920181214809418,25.5768013000488,0,30,4,200,-0.00298575940541923,-0.587156474590302,-0.419532835483551,1,,,,,,,,,,,,,,,,
,3952592977.8486,247.043960571289,999.893371582031,,,6,,,,25.4960369412664,,,1,,,,,,,,,,,,,,,,,,,,,,246.249496459961,247.921798706055,999.893371582031,999.893371582031,,,7.14556407928467,,1,0,0,0,0,32.7468223571777,2,1,1,246.166122436523,0,247.157964070638,,,3.05447057295423E-5,1.50952614892534E-6,3.05488758230992E-5,1.50953639987622E-6,0.9211785197258,0.922831654548645,25.5566444396973,0,30,4,200,-0.00209890538826585,-0.644746422767639,-0.482540667057037,1,,,,,,,,,,,,,,,,
,3952592996.40349,243.878196716309,999.893371582031,,,6,,,,25.4833746228206,,,1,,,,,,,,,,,,,,,,,,,,,,243.169631958008,244.66975402832,999.893371582031,999.893371582031,,,7.13489675521851,,1,0,0,0,0,32.2580642700195,2,1,1,243.086639404297,0,244.034374660916,,,3.0638423950114E-5,1.51451620178283E-6,3.06445100343132E-5,1.51453111171755E-6,0.91824620962143,0.92057341337204,25.556131362915,0,30,4,200,-0.00106373254675418,-0.690204501152039,-0.526180744171143,1,,,,,,,,,,,,,,,,
,3952593014.991,240.791320800781,999.893371582031,,,6,,,,25.4705905959508,,,1,,,,,,,,,,,,,,,,,,,,,,240.16438293457,241.559753417969,999.893371582031,999.893371582031,,,7.12527847290039,,1,0,0,0,0.0128173828125,32.2580642700195,2,1,1,240.022888183594,0,240.882125854492,,,3.14808800438959E-5,1.55517575627337E-6,3.14840203451753E-5,1.55518364825327E-6,0.926344573497772,0.927634358406067,25.5224132537842,0,30,4,200,-0.00203078635968268,0.380567580461502,0.547055065631866,1,,,,,,,,,,,,,,,,
,3952593033.63148,237.738822937012,999.893371582031,,,6,,,,25.4579077753628,,,1,,,,,,,,,,,,,,,,,,,,,,236.947555541992,238.530090332031,999.893371582031,999.893371582031,,,7.115807056427,,1,0,0,0,0,32.2580642700195,2,1,1,236.919708251953,0,237.74695163303,,,3.16404806146823E-5,1.56251608674425E-6,3.16419696700507E-5,1.56252087828045E-6,0.931212186813354,0.931851744651794,25.4931106567383,0,30,4,200,-0.00155363813973963,0.327845275402069,0.49750429391861,1,,,,,,,,,,,,,,,,
,3952593052.00489,234.544631958008,999.893371582031,,,6,,,,25.4452906766721,,,1,,,,,,,,,,,,,,,,,,,,,,233.737243652344,235.41325378418,999.893371582031,999.893371582031,,,7.10668230056763,,1,0,0,0,0,32.2580642700195,2,1,1,233.676010131836,0,234.554760403103,,,3.24090279270903E-5,1.60072663146795E-6,3.24097511003526E-5,1.60072859710418E-6,0.928923606872559,0.929219365119934,25.4697742462158,,30,4,200,-0.00188618421088904,0.270316541194916,0.442083358764648,1,,,,,,,,,,,,,,,,
,3952593070.44859,231.557884216309,999.893371582031,,,6,,,,25.4331984494396,,,1,,,,,,,,,,,,,,,,,,,,,,230.765090942383,232.401321411133,999.893371582031,999.893371582031,,,7.09801483154297,,1,0,0,0,0,32.2580642700195,2,1,1,230.714447021484,0,231.612603081597,,,3.25579552766923E-5,1.60779481991356E-6,3.2559549862143E-5,1.60779949155646E-6,0.931472182273865,0.932144641876221,25.4692802429199,5.04671001434326,30,4,200,-0.00130872579757124,0.2239089012146,0.392767041921616,1,,,,,,,,,,,,,,,,
,3952593088.73693,228.523818969727,999.893371582031,,,6,,,,25.4210424406338,,,1,,,,,,,,,,,,,,,,,,,,,,227.675506591797,229.403869628906,999.893371582031,999.893371582031,,,7.08925104141235,,1,0,0,0,0,32.2580642700195,2,1,1,227.643768310547,0,228.541186862522,,,3.33403975263081E-5,1.64617457483822E-6,3.33405702631743E-5,1.64617506838095E-6,0.93380081653595,0.933874249458313,25.4328174591064,0,30,4,200,-0.00166407157666981,0.177751332521439,0.350498080253601,1,,,,,,,,,,,,,,,,
,3952593107.35071,225.465690612793,999.893371582031,,,6,,,,25.4092197442368,,,1,,,,,,,,,,,,,,,,,,,,,,224.689819335938,226.29475402832,999.893371582031,999.893371582031,,,7.08092546463013,,1,0,0,0,0.0128173828125,33.2355842590332,2,1,1,224.636627197266,0,225.519044664171,,,3.35155228413064E-5,1.65458845379365E-6,3.35157526911985E-5,1.65458948518472E-6,0.935953259468079,0.936050295829773,25.4225025177002,0,30,4,200,-0.00039294408634305,0.140795350074768,0.309745252132416,1,,,,,,,,,,,,,,,,
,3952593125.63215,222.446846008301,999.893371582031,,,6,,,,25.3975054140643,,,1,,,,,,,,,,,,,,,,,,,,,,221.618927001953,223.327056884766,999.893371582031,999.893371582031,,,7.07359933853149,,1,0,0,0,0,30.3030319213867,2,1,1,221.566635131836,0,222.487055460612,,,3.41309031053628E-5,1.68513567215759E-6,3.41310836334951E-5,1.68513655048206E-6,0.934424459934235,0.934496939182281,25.4091339111328,5.04074716567993,30,4,200,-0.000862608314491808,0.101437829434872,0.274858504533768,1,,,,,,,,,,,,,,,,
,3952593143.87808,219.206047058105,999.893371582031,,,6,,,,25.3862317166591,,,1,,,,,,,,,,,,,,,,,,,,,,218.423553466797,220.048629760742,999.893371582031,999.893371582031,,,7.06592750549316,,1,0,0,0,0.0128173828125,32.7468223571777,2,1,1,218.363464355469,0,219.214835272895,,,3.43540974509743E-5,1.69564349577767E-6,3.43541010412774E-5,1.69564340007179E-6,0.939186990261078,0.939189612865448,25.3840999603271,0,30,4,200,0.000171833366039209,0.0769944489002228,0.246085241436958,1,,,,,,,,,,,,,,,,
,3952593162.32101,216.183929443359,999.893371582031,,,6,,,,25.3751588521461,,,1,,,,,,,,,,,,,,,,,,,,,,215.370025634766,217.024368286133,999.893371582031,999.893371582031,,,7.05808067321777,,1,0,0,0,0,32.7468223571777,2,1,1,215.343490600586,0,216.219248453776,,,3.47362149784179E-5,1.71466724188648E-6,3.47364714605533E-5,1.71466743678458E-6,0.937648236751556,0.937764465808868,25.3608341217041,0,30,4,200,-0.000942931685131043,0.0390934981405735,0.217984169721603,1,,,,,,,,,,,,,,,,
,3952593180.65371,213.325950622559,999.893371582031,,,6,,,,25.3640284537706,,,1,,,,,,,,,,,,,,,,,,,,,,212.550201416016,214.101699829102,999.893371582031,999.893371582031,,,7.05112218856812,,1,0,0,0,0.0128173828125,32.2580642700195,2,1,1,212.550201416016,0,213.327529907227,,,3.56010419771824E-5,1.75675846591489E-6,3.56023818505724E-5,1.75676135102677E-6,0.943354070186615,0.943991005420685,25.3320751190186,2.10284770219005E-6,30,4,200,-0.00163712515495718,-0.0138799929991364,0.172085076570511,1,,,,,,,,,,,,,,,,
,3952593199.08106,210.123062133789,999.893371582031,,,6,,,,25.3532766866357,,,1,,,,,,,,,,,,,,,,,,,,,,209.380599975586,210.944488525391,999.893371582031,999.893371582031,,,7.04333543777466,,1,0,0,0,0,32.7468223571777,2,1,1,209.301635742187,0,210.203143649631,,,3.57112726774681E-5,1.76463410750151E-6,3.57127408142398E-5,1.76463735700867E-6,0.922798275947571,0.923305571079254,25.3865070343018,0,30,4,200,-2.05926098715281E-5,-0.0495814755558968,0.128505051136017,1,,,,,,,,,,,,,,,,
,3952593217.44794,207.016220092773,999.893371582031,,,6,,,,25.34203478775,,,1,,,,,,,,,,,,,,,,,,,,,,206.399887084961,207.851531982422,999.893371582031,999.893371582031,,,7.03650426864624,,1,0,0,0,0,32.2580642700195,2,1,1,206.180908203125,0,207.184803009033,,,3.76866131398569E-5,1.86296628820113E-6,3.76866392899709E-5,1.86296631336455E-6,0.917962253093719,0.917970538139343,25.3376350402832,0,30,4,200,-0.0019466852536425,-0.0855668187141418,0.1075459420681,1,,,,,,,,,,,,,,,,
,3952593235.9956,203.908004760742,999.893371582031,,,6,,,,25.3314604813981,,,1,,,,,,,,,,,,,,,,,,,,,,203.110992431641,204.765563964844,999.893371582031,999.893371582031,,,7.02959394454956,,1,0,0,0,0,32.2580642700195,2,1,1,203.050445556641,0,203.917114257813,,,3.80904843898168E-5,1.88181365627243E-6,3.80912867254397E-5,1.88181533562995E-6,0.925492942333221,0.92576265335083,25.3075046539307,0,30,4,200,-0.00176959054078907,-0.129885211586952,0.065482035279274,1,,,,,,,,,,,,,,,,
,3952593254.41328,200.850372314453,999.893371582031,,,6,,,,25.3206373362791,,,1,,,,,,,,,,,,,,,,,,,,,,200.188064575195,201.647689819336,999.893371582031,999.893371582031,,,7.02243089675903,,1,0,0,0,0.0128173828125,32.2580642700195,2,1,1,200.05305480957,0,200.930869208442,,,3.86859694948774E-5,1.91053836375081E-6,3.86873998949108E-5,1.91054195754896E-6,0.930513858795166,0.9310182929039,25.2890586853027,5.02882289886475,30,4,200,-0.00208826223388314,-0.179498732089996,0.0212074480950832,1,,,,,,,,,,,,,,,,
,3952593272.6853,197.782516479492,999.893371582031,,,6,,,,25.3103520780939,,,1,,,,,,,,,,,,,,,,,,,,,,196.919372558594,198.700531005859,999.893371582031,999.893371582031,,,7.01530599594116,,1,0,0,0,0.0128173828125,32.2580642700195,2,1,1,196.864501953125,0,197.822545369466,,,3.91058127609871E-5,1.93063098892101E-6,3.91067195661824E-5,1.93063164895734E-6,0.935454964637756,0.935808420181274,25.2849159240723,0,30,4,200,-0.00208356464281678,-0.227929338812828,-0.0254645254462957,1,,,,,,,,,,,,,,,,
,3952593291.11578,194.657730102539,999.893371582031,,,6,,,,25.3002232635903,,,1,,,,,,,,,,,,,,,,,,,,,,193.988250732422,195.38493347168,999.893371582031,999.893371582031,,,7.00829172134399,,1,0,0,0,0,32.7468223571777,2,1,1,193.930526733398,0,194.679477267795,,,3.97352124336535E-5,1.96179498646741E-6,3.97361349410344E-5,1.96179628259329E-6,0.934746026992798,0.935091137886047,25.2749710083008,3.75928289031435E-6,30,4,200,-0.00170810171402991,-0.274524837732315,-0.0721280127763748,1,,,,,,,,,,,,,,,,
,3952593309.45018,191.611198425293,999.893371582031,,,6,,,,25.2901396714251,,,1,,,,,,,,,,,,,,,,,,,,,,190.83805847168,192.384338378906,999.893371582031,999.893371582031,,,7.00185918807983,,1,0,0,0,0.0128173828125,32.2580642700195,2,1,1,190.83805847168,0,191.598080105252,,,4.03120421573244E-5,1.99007368771385E-6,4.03138894587989E-5,1.9900767864442E-6,0.936297595500946,0.936993479728699,25.2547645568848,5.02541208267212,30,4,200,-0.00192550756037235,-0.323649257421494,-0.116048514842987,1,,,,,,,,,,,,,,,,
,3952593327.82147,188.544441223145,999.893371582031,,,6,,,,25.2802065948299,,,1,,,,,,,,,,,,,,,,,,,,,,187.727523803711,189.414764404297,999.893371582031,999.893371582031,,,6.99491786956787,,1,0,0,0,0,32.7468223571777,2,1,1,187.674118041992,0,188.558961656359,,,4.10848553062645E-5,2.02783162663471E-6,4.10889024122707E-5,2.0278382917538E-6,0.939406514167786,0.940993010997772,25.2282772064209,,30,4,200,-0.00157194177154452,-0.371603906154633,-0.162167027592659,1,,,,,,,,,,,,,,,,
,3952593346.08543,185.630905151367,999.893371582031,,,6,,,,25.2705517062968,,,1,,,,,,,,,,,,,,,,,,,,,,185.006500244141,186.455703735352,999.893371582031,999.893371582031,,,6.98839902877808,,1,0,0,0,0,32.2580642700195,2,1,1,184.806106567383,0,185.765693664551,,,4.17917029255066E-5,2.06285634347264E-6,4.17957766599467E-5,2.06286420724761E-6,0.938326239585876,0.939858317375183,25.2190570831299,0,30,4,200,-0.000474095839308575,-0.405764400959015,-0.200262472033501,1,,,,,,,,,,,,,,,,
,3952593364.48527,182.583061218262,999.893371582031,,,6,,,,25.2607331852278,,,1,,,,,,,,,,,,,,,,,,,,,,181.785934448242,183.45085144043,999.893371582031,999.893371582031,,,6.98133993148804,,1,0,0,0,0,32.7468223571777,2,1,1,181.715270996094,0,182.601774427626,,,4.2672071612528E-5,2.10715390053967E-6,4.26753544173059E-5,2.10715955632178E-6,0.932179093360901,0.933277785778046,25.2149181365967,,30,4,200,-0.000667474116198719,-0.435916543006897,-0.222583636641502,1,,,,,,,,,,,,,,,,
,3952593382.89691,179.518859863281,999.893371582031,,,6,,,,25.2509182229563,,,1,,,,,,,,,,,,,,,,,,,,,,178.847457885742,180.366790771484,999.893371582031,999.893371582031,,,6.97524309158325,,1,0,0,0,0,32.2580642700195,2,1,1,178.670928955078,0,179.665340423584,,,4.35969933463079E-5,2.15188838612964E-6,4.36060973701379E-5,2.15190494571491E-6,0.938914954662323,0.9422886967659,25.1753768920898,0,30,4,200,-0.000629157410003245,-0.456894725561142,-0.24299131333828,1,,,,,,,,,,,,,,,,
,3952593401.40945,176.533180236816,999.893371582031,,,6,,,,25.2411350534855,,,1,,,,,,,,,,,,,,,,,,,,,,175.809631347656,177.31982421875,999.893371582031,999.893371582031,,,6.96848344802856,,1,0,0,0,0,32.2580642700195,2,1,1,175.746536254883,0,176.59034898546,,,4.42742322683364E-5,2.18551830979616E-6,4.42828675682537E-5,2.18553275206057E-6,0.937420904636383,0.940496027469635,25.1680812835693,0,30,4,200,-0.00026065856218338,-0.47420260310173,-0.258555471897125,1,,,,,,,,,,,,,,,,
,3952593419.67722,173.415710449219,999.893371582031,,,6,,,,25.2313848359884,,,1,,,,,,,,,,,,,,,,,,,,,,172.864837646484,174.186706542969,999.893371582031,999.893371582031,,,6.96201038360596,,1,0,0,0,0,32.2580642700195,2,1,1,172.644714355469,0,173.54471206665,,,4.49962334401113E-5,2.22159850599937E-6,4.50032545360462E-5,2.22161003645459E-6,0.934350907802582,0.936680257320404,25.1661548614502,0.18695367872715,30,4,200,-0.000496475317049772,-0.495452374219894,-0.272181391716003,1,,,,,,,,,,,,,,,,
,3952593438.03615,170.366767883301,999.893371582031,,,6,,,,25.221788160899,,,1,,,,,,,,,,,,,,,,,,,,,,169.530456542969,171.203079223633,999.893371582031,999.893371582031,,,6.95568418502808,,1,0,0,0,0,32.7468223571777,2,1,1,169.530456542969,0,170.420269436306,,,4.58005934003842E-5,2.26071868483374E-6,4.58123181444989E-5,2.26074007323323E-6,0.938454508781433,0.942584037780762,25.1383247375488,0,30,4,200,-0.000202798080863431,-0.516116261482239,-0.294572412967682,1,,,,,,,,,,,,,,,,
,3952593456.62666,167.207450866699,999.893371582031,,,6,,,,25.212324766581,,,1,,,,,,,,,,,,,,,,,,,,,,166.444519042969,168.079391479492,999.893371582031,999.893371582031,,,6.94898557662964,,1,0,0,0,0.000457763671875,32.2580642700195,2,1,1,166.335510253906,0,167.283286200629,,,4.68557941117457E-5,2.31531025781118E-6,4.68606715522E-5,2.31531929465696E-6,0.922903418540955,0.9242063164711,25.1591644287109,0,30,4,200,0.00147540494799614,-0.52819812297821,-0.297543674707413,1,,,,,,,,,,,,,,,,
,3952593475.03396,164.101539611816,999.893371582031,,,6,,,,25.2022174407116,,,1,,,,,,,,,,,,,,,,,,,,,,163.395965576172,164.888092041016,999.893371582031,999.893371582031,,,6.94241237640381,,1,0,0,0,0.0167083740234375,32.2580642700195,2,1,1,163.314987182617,0,164.177505493164,,,4.83146461859201E-5,2.38596694250311E-6,4.83337205569366E-5,2.3860028052139E-6,0.931073188781738,0.936795175075531,25.0983600616455,0,30,4,200,-0.00173975736834109,-0.542106211185455,-0.301377058029175,1,,,,,,,,,,,,,,,,
,3952593493.49451,161.097396850586,999.893371582031,,,6,,,,25.1930155498448,,,1,,,,,,,,,,,,,,,,,,,,,,160.337997436523,161.950942993164,999.893371582031,999.893371582031,,,6.93504667282104,,1,0,0,0,0.0174713134765625,32.2580642700195,2,1,1,160.243850708008,0,161.112397935655,,,4.93499137452077E-5,2.43750833247898E-6,4.9369475855624E-5,2.43753957278744E-6,0.928644597530365,0.934210956096649,25.0886478424072,0,30,4,200,-0.00206249533221126,-0.585307240486145,-0.337577551603317,1,,,,,,,,,,,,,,,,
,3952593512.46584,157.886566162109,999.893371582031,,,6,,,,25.1834948704888,,,1,,,,,,,,,,,,,,,,,,,,,,157.004837036133,158.832855224609,999.893371582031,999.893371582031,,,6.92892026901245,,1,0,0,0,0,32.7468223571777,2,1,1,156.940277099609,0,157.955029296875,,,5.02291448288256E-5,2.48023692136623E-6,5.02527086609411E-5,2.48027979369891E-6,0.932689368724823,0.939742684364319,25.0702991485596,5.00702524185181,30,4,200,-0.00144491123501211,-0.62377941608429,-0.375006258487701,1,,,,,,,,,,,,,,,,
,3952593531.51548,154.732978820801,999.893371582031,,,6,,,,25.1741721588684,,,1,,,,,,,,,,,,,,,,,,,,,,154.043930053711,155.505355834961,999.893371582031,999.893371582031,,,6.92185688018799,,1,0,0,0,0.0199127197265625,32.7468223571777,2,1,1,153.960601806641,0,154.790803697374,,,5.10710167956275E-5,2.5215245415838E-6,5.10938347085551E-5,2.52156565024373E-6,0.934372067451477,0.941266715526581,25.0638294219971,0,30,4,200,-0.000373399845557287,-0.64106684923172,-0.391925275325775,1,,,,,,,,,,,,,,,,
,3952593549.87169,151.555755615234,999.893371582031,,,6,,,,25.165025457119,,,1,,,,,,,,,,,,,,,,,,,,,,150.748275756836,152.449020385742,999.893371582031,999.893371582031,,,6.91613245010376,,1,0,0,0,0.01953125,32.2580642700195,2,1,1,150.662490844727,0,151.649181789822,,,5.21415544657614E-5,2.57441768164194E-6,5.21669361706519E-5,2.57446409679721E-6,0.934150397777557,0.94166886806488,25.0498867034912,0,30,4,200,-0.00056098768254742,-0.660202503204346,-0.405452311038971,1,,,,,,,,,,,,,,,,
,3952593568.24365,148.529525756836,999.893371582031,,,6,,,,25.155965857245,,,1,,,,,,,,,,,,,,,,,,,,,,147.795303344727,149.358535766602,999.893371582031,999.893371582031,,,6.90986156463623,,1,0,0,0,0.000152587890625,32.2580642700195,2,1,1,147.70051574707,0,148.614600287543,,,5.31474662814292E-5,2.62412781791999E-6,5.3175461185879E-5,2.62417393263499E-6,0.933891534805298,0.942067205905914,25.036018371582,0,30,4,200,-0.000559045642148703,-0.684172034263611,-0.423526912927628,1,,,,,,,,,,,,,,,,
,3952593586.84275,145.495658874512,999.893371582031,,,6,,,,25.1469384409454,,,1,,,,,,,,,,,,,,,,,,,,,,144.854339599609,146.290664672852,999.893371582031,999.893371582031,,,6.90218448638916,,1,0,0,0,0.0191497802734375,32.2580642700195,2,1,1,144.700653076172,0,145.587212456597,,,5.46067344715143E-5,2.69653110778328E-6,5.46437658600265E-5,2.69660291313547E-6,0.931953430175781,0.942268311977386,25.0111713409424,,30,4,200,-0.000757047149818391,-0.704382658004761,-0.438477426767349,1,,,,,,,,,,,,,,,,
,3952593605.75643,142.270668029785,999.893371582031,,,6,,,,25.1375702225936,,,1,,,,,,,,,,,,,,,,,,,,,,141.572631835938,143.048583984375,999.893371582031,999.893371582031,,,6.89543104171753,,1,0,0,0,0.0173187255859375,31.7693061828613,2,1,1,141.492752075195,0,142.394152832031,,,5.57731108021783E-5,2.75427799536516E-6,5.5811418860807E-5,2.7543560626082E-6,0.931158423423767,0.941451013088226,25.0011749267578,0,30,4,200,-0.000492544262669981,-0.728023529052734,-0.455410778522491,1,,,,,,,,,,,,,,,,
,3952593624.2911,139.275299072266,999.893371582031,,,6,,,,25.1282284197721,,,1,,,,,,,,,,,,,,,,,,,,,,138.549850463867,140.086303710938,999.893371582031,999.893371582031,,,6.88866138458252,,1,0,0,0,0.011444091796875,32.2580642700195,2,1,1,138.464294433594,0,139.323805067274,,,5.69168094095163E-5,2.81038415506294E-6,5.69639335064094E-5,2.81046437619359E-6,0.933114469051361,0.9463210105896,24.9778385162354,0,30,4,200,-0.000578406557906419,-0.748539447784424,-0.474183768033981,1,,,,,,,,,,,,,,,,
,3952593642.86913,136.092231750488,999.893371582031,,,6,,,,25.1192603945953,,,1,,,,,,,,,,,,,,,,,,,,,,135.392501831055,136.920440673828,999.893371582031,999.893371582031,,,6.88145208358765,,1,0,0,0,0.02044677734375,32.2580642700195,2,1,1,135.264022827148,0,136.215360853407,,,5.83806269851663E-5,2.88299082662447E-6,5.84336563417795E-5,2.88308725213762E-6,0.931436777114868,0.945606470108032,24.9619827270508,0,30,4,200,-0.000878960301633924,-0.770443081855774,-0.484965056180954,1,,,,,,,,,,,,,,,,
,3952593661.91873,133.01505279541,999.893371582031,,,6,,,,25.1100793692496,,,1,,,,,,,,,,,,,,,,,,,,,,132.159790039062,133.928085327148,999.893371582031,999.893371582031,,,6.8742938041687,,1,0,0,0,0.0165557861328125,32.2580642700195,2,1,1,132.102020263672,0,133.144839477539,,,5.99940363473408E-5,2.96307358840639E-6,6.00544841599176E-5,2.96318844989471E-6,0.929470181465149,0.944812715053558,24.9444751739502,0,30,4,200,-0.000828788324724883,-0.78813773393631,-0.49793952703476,1,,,,,,,,,,,,,,,,
,3952593680.85843,129.715682983398,999.893371582031,,,6,,,,25.1007576218545,,,1,,,,,,,,,,,,,,,,,,,,,,129.077407836914,130.466735839844,999.893371582031,999.893371582031,,,6.86642742156982,,1,0,0,0,0.02044677734375,32.2580642700195,2,1,1,128.964630126953,0,129.775807698568,,,6.1127528540322E-5,3.01853405231072E-6,6.11962617198569E-5,3.0186759054787E-6,0.93194979429245,0.950151205062866,24.9261684417725,0,30,4,200,-0.000896197510883212,-0.81415057182312,-0.518840312957764,1,,,,,,,,,,,,,,,,
,3952593699.23012,126.693710327148,999.893371582031,,,6,,,,25.091925130873,,,1,,,,,,,,,,,,,,,,,,,,,,126.104042053223,127.429420471191,999.893371582031,999.893371582031,,,6.85919046401978,,1,0,0,0,0.000152587890625,32.2580642700195,2,1,1,125.958000183105,0,126.787094116211,,,6.26158265118973E-5,3.09219881281883E-6,6.26943762512457E-5,3.09236672766797E-6,0.931146204471588,0.951517164707184,24.9076347351074,0,30,4,200,-0.00105587067082524,-0.834122896194458,0.581604480743408,1,,,,,,,,,,,,,,,,
,3952593717.8181,123.558090209961,999.893371582031,,,6,,,,25.0831670897567,,,1,,,,,,,,,,,,,,,,,,,,,,122.864372253418,124.39234161377,999.893371582031,999.893371582031,,,6.85108232498169,,1,0,0,0,0.000152587890625,32.7468223571777,2,1,1,122.723838806152,0,123.72790866428,,,6.43683153795911E-5,3.17929288570935E-6,6.44533466823921E-5,3.17945589982028E-6,0.928691625595093,0.949434697628021,24.8937740325928,0,30,4,200,-0.000679764547385275,0.263922840356827,0.575413882732391,1,,,,,,,,,,,,,,,,
,3952593736.70385,120.48335647583,999.893371582031,,,6,,,,25.0742900867538,,,1,,,,,,,,,,,,,,,,,,,,,,119.779426574707,121.273620605469,999.893371582031,999.893371582031,,,6.84338808059692,,1,0,0,0,0.0189208984375,31.7693061828613,2,1,1,119.693092346191,0,120.560856628418,,,6.60790697326108E-5,3.26397258688885E-6,6.61723336000297E-5,3.26415899158265E-6,0.927915632724762,0.950000166893005,24.8786678314209,0,30,4,200,-0.000899751263204962,0.24098764359951,0.56007981300354,1,,,,,,,,,,,,,,,,
,3952593755.50751,117.472732543945,999.893371582031,,,6,,,,25.0654318266381,,,1,,,,,,,,,,,,,,,,,,,,,,116.761642456055,118.320152282715,999.893371582031,999.893371582031,,,6.83514308929443,,1,0,0,0,0.01617431640625,32.2580642700195,2,1,1,116.625312805176,0,117.536565144857,,,6.77575628086823E-5,3.3470741830032E-6,6.78618252688827E-5,3.34729449673994E-6,0.92712414264679,0.951228082180023,24.8614253997803,0,30,4,200,-0.00121143704745919,0.210216656327248,0.53981214761734,1,,,,,,,,,,,,,,,,
,3952593774.70361,114.204807281494,999.893371582031,,,6,,,,25.0567160309925,,,1,,,,,,,,,,,,,,,,,,,,,,113.266098022461,115.222343444824,999.893371582031,999.893371582031,,,6.82552719116211,,1,0,0,0,0.000152587890625,32.2580642700195,2,1,1,113.187271118164,0,114.277079772949,,,6.97738664916095E-5,3.44702011197206E-6,6.98923240367214E-5,3.44726273060305E-6,0.925771713256836,0.952348530292511,24.8421821594238,8.22764121918502E36,30,4,200,-0.00143402745015919,0.186369732022285,0.524588108062744,1,,,,,,,,,,,,,,,,
,3952593793.677,110.947952270508,999.893371582031,,,6,,,,25.0478361868318,,,1,,,,,,,,,,,,,,,,,,,,,,110.385612487793,111.731994628906,999.893371582031,999.893371582031,,,6.81668949127197,,1,0,0,0,0.0128173828125,31.7693061828613,2,1,1,110.163909912109,0,111.039492289225,,,7.15731399872396E-5,3.53591997423626E-6,7.17010431569715E-5,3.5361759382156E-6,0.925738155841827,0.954154849052429,24.8277721405029,4.98274755477905,30,4,200,-0.000445194047642872,0.169056609272957,0.512147188186646,1,,,,,,,,,,,,,,,,
,3952593812.65386,107.869197845459,999.893371582031,,,6,,,,25.0392439783867,,,1,,,,,,,,,,,,,,,,,,,,,,107.100250244141,108.722946166992,999.893371582031,999.893371582031,,,6.80712413787842,,1,0,0,0,0.0211334228515625,32.2580642700195,2,1,1,107.015449523926,0,107.967308807373,,,7.35779082760832E-5,3.63535386563279E-6,7.37193166025307E-5,3.63563939891347E-6,0.924303948879242,0.95459908246994,24.8110179901123,0,30,4,200,-0.000201066650333814,0.148894712328911,0.500740706920624,1,,,,,,,,,,,,,,,,
,3952593831.35332,104.879081726074,999.893371582031,,,6,,,,25.030879435794,,,1,,,,,,,,,,,,,,,,,,,,,,104.131896972656,105.742561340332,999.893371582031,999.893371582031,,,6.79768180847168,,1,0,0,0,0.018768310546875,32.2580642700195,2,1,1,104.015602111816,0,104.897262573242,,,7.55885786665876E-5,3.73499089412767E-6,7.57445683040946E-5,3.73532335478076E-6,0.92327481508255,0.95576012134552,24.7947616577148,,30,4,200,-0.000858546642120928,0.134205088019371,0.497866213321686,1,,,,,,,,,,,,,,,,
,3952593850.32582,101.603298187256,999.893371582031,,,6,,,,25.0225456375073,,,1,,,,,,,,,,,,,,,,,,,,,,100.811920166016,102.448852539062,999.893371582031,999.893371582031,,,6.7881498336792,,1,0,0,0,0.0177764892578125,32.2580642700195,2,1,1,100.757743835449,0,101.665445709229,,,7.78188144436563E-5,3.84555696438755E-6,7.79899369551258E-5,3.84591962897044E-6,0.922056555747986,0.956555962562561,24.7786731719971,0,30,4,200,-0.00148353585973382,0.106408633291721,0.482265830039978,1,,,,,,,,,,,,,,,,
,3952593869.65311,98.4098052978516,999.893371582031,,,6,,,,25.014115957618,,,1,,,,,,,,,,,,,,,,,,,,,,97.648307800293,99.1713027954102,999.893371582031,999.893371582031,,,6.77737665176392,,1,0,0,0,0.0194549560546875,32.2580642700195,2,1,1,97.648307800293,0,98.4177612304688,,,8.02711501935441E-5,3.9671915779617E-6,8.04602494164068E-5,3.9675904429538E-6,0.920629978179932,0.957420885562897,24.7617435455322,4.9761176109314,30,4,200,-0.00100758962798864,0.0870957002043724,0.474755734205246,1,,,,,,,,,,,,,,,,
,3952593888.65947,95.3933982849121,999.893371582031,,,6,,,,25.0058080730723,,,1,,,,,,,,,,,,,,,,,,,,,,94.627815246582,96.2457122802734,999.893371582031,999.893371582031,,,6.76664209365845,,1,0,0,0,0.000152587890625,32.2580642700195,2,1,1,94.5410842895508,0,95.4252259996202,,,8.25920157900504E-5,4.08229475990674E-6,8.27987665294725E-5,4.08272163665639E-6,0.919407486915588,0.95848286151886,24.7455577850342,4.97449064254761,30,4,200,-0.00121972907800227,0.0642336308956146,0.462916702032089,1,,,,,,,,,,,,,,,,
,3952593907.6361,92.1480941772461,999.893371582031,,,6,,,,24.9976775779559,,,1,,,,,,,,,,,,,,,,,,,,,,91.4423294067383,93.086296081543,999.893371582031,999.893371582031,,,6.75506448745727,,1,0,0,0,0,32.2580642700195,2,1,1,91.2098922729492,0,92.2762688530816,,,8.5085368843035E-5,4.20605391237657E-6,8.531421181286E-5,4.20650589934714E-6,0.91790372133255,0.959946095943451,24.7276630401611,4.97269153594971,30,4,200,-0.000821480120066553,0.0418199263513088,0.448766618967056,1,,,,,,,,,,,,,,,,
,3952593927.00783,88.9152336120605,999.893371582031,,,6,,,,24.9894461002337,,,1,,,,,,,,,,,,,,,,,,,,,,88.3110733032227,89.7229919433594,999.893371582031,999.893371582031,,,6.74247264862061,,1,0,0,0,7.62939453125E-5,31.7693061828613,2,1,1,88.1074752807617,0,89.041862487793,,,8.80623840466942E-5,4.3542808928222E-6,8.83148456963594E-5,4.35478845199146E-6,0.91499799489975,0.958075761795044,24.7106132507324,5.34130334854126,30,4,200,-0.00249672261998057,-0.0118065746501088,0.418769419193268,1,,,,,,,,,,,,,,,,
,3952593945.92918,85.687183380127,999.893371582031,,,6,,,,24.9812498516736,,,1,,,,,,,,,,,,,,,,,,,,,,84.9792938232422,86.4397506713867,999.893371582031,999.893371582031,,,6.729567527771,,1,0,0,0,0.0205230712890625,32.2580642700195,2,1,1,84.9346160888672,0,85.7263824462891,,,9.07258715378773E-5,4.48632149917441E-6,9.10001605195382E-5,4.48689483426547E-6,0.914110720157623,0.959736406803131,24.6952819824219,0,30,4,200,-0.00109342148061842,-0.0442692823708057,0.38996759057045,1,,,,,,,,,,,,,,,,
,3952593964.6526,82.5055351257324,999.893371582031,,,6,,,,24.9734891201382,,,1,,,,,,,,,,,,,,,,,,,,,,81.7688446044922,83.3333206176758,999.893371582031,999.893371582031,,,6.7159571647644,,1,0,0,0,0.019378662109375,32.7468223571777,2,1,1,81.6777496337891,0,82.525276184082,,,9.35815574751924E-5,4.62806273074654E-6,9.38834387669399E-5,4.62868039412012E-6,0.912795662879944,0.961814165115356,24.6780242919922,0,30,4,200,-0.00116132793482393,-0.064600795507431,4.86373376846313,1,,,,,,,,,,,,,,,,
,3952593983.91839,79.2630729675293,999.893371582031,,,6,,,,24.9657861381855,,,1,,,,,,,,,,,,,,,,,,,,,,78.4431991577148,80.1670532226563,999.893371582031,999.893371582031,,,6.70053195953369,,1,0,0,0,0.0202178955078125,32.2580642700195,2,1,1,78.3590927124023,0,79.3992813110351,,,9.67160262967324E-5,4.78397389774528E-6,9.7044741782497E-5,4.78463652137825E-6,0.910686016082764,0.96128523349762,24.6623859405518,8.22764121918502E36,30,4,200,-0.00155167409684509,-0.0924978777766228,0.372889310121536,1,,,,,,,,,,,,,,,,
,3952594002.85994,75.9802017211914,999.893371582031,,,6,,,,24.9579373635203,,,1,,,,,,,,,,,,,,,,,,,,,,74.9982147216797,76.9621887207031,999.893371582031,999.893371582031,,,6.68527364730835,,1,0,0,0,0.0162506103515625,32.2580642700195,2,1,1,74.9982147216797,0,75.9983245849609,,,9.98469720669516E-5,4.93955870286101E-6,0.000100202439206362,4.94025724508823E-6,0.909095525741577,0.961632192134857,24.6473331451416,0,30,4,200,-0.00100974133238196,-0.114238500595093,0.363485425710678,1,,,,,,,,,,,,,,,,
,3952594021.69073,72.6532592773437,999.893371582031,,,6,,,,24.9504974942817,,,1,,,,,,,,,,,,,,,,,,,,,,71.8677291870117,73.4986114501953,999.893371582031,999.893371582031,,,6.66789627075195,,1,0,0,0,0.000152587890625,32.2580642700195,2,1,1,71.8079071044922,0,72.6999992370606,,,0.000103115344824219,5.10213416389159E-6,0.000103503841169149,5.10291924053211E-6,0.907224833965302,0.962182521820068,24.6312217712402,0,30,4,200,-0.00103977078106254,-0.133649468421936,0.358676195144653,1,,,,,,,,,,,,,,,,
,3952594040.35891,69.6408615112305,999.893371582031,,,6,,,,24.9432119622802,,,1,,,,,,,,,,,,,,,,,,,,,,68.8738098144531,70.5090408325195,999.893371582031,999.893371582031,,,6.65031290054321,,1,0,0,0,0.019989013671875,32.7468223571777,2,1,1,68.7726821899414,0,69.7024968465169,,,0.000106517461796131,5.27131546279017E-6,0.000106939441980262,5.27218440039965E-6,0.905525982379913,0.962763667106628,24.6159782409668,0,30,4,200,-0.000795558968093246,-0.150879889726639,0.356379896402359,1,,,,,,,,,,,,,,,,
,3952594059.44039,66.3252792358398,999.893371582031,,,6,,,,24.9360836200746,,,1,,,,,,,,,,,,,,,,,,,,,,65.4383087158203,67.2122497558594,999.893371582031,999.893371582031,,,6.63154745101929,,1,0,0,0,0,32.2580642700195,2,1,1,65.4383087158203,0,66.353685760498,,,0.000110206954498166,5.45494119548232E-6,0.000110670098521152,5.45587004172522E-6,0.903547644615173,0.963959753513336,24.5988521575928,0,30,4,200,-0.00112614361569285,-0.169002324342728,0.357640981674194,1,,,,,,,,,,,,,,,,
,3952594078.77496,63.1116027832031,999.893371582031,,,6,,,,24.9288520492346,,,1,,,,,,,,,,,,,,,,,,,,,,62.4350242614746,63.9165420532227,999.893371582031,999.893371582031,,,6.61186599731445,,1,0,0,0,0.0185394287109375,31.7693061828613,2,1,1,62.3066635131836,0,63.1702791849772,,,0.000113888533661856,5.63799823308981E-6,0.000114387559092194,5.63900405629984E-6,0.902044594287872,0.964597702026367,24.5846195220947,0,30,4,200,-0.00118616886902601,-0.189444720745087,0.354594767093658,1,,,,,,,,,,,,,,,,
,3952594097.09168,59.8567390441895,999.893371582031,,,6,,,,24.9220323826076,,,1,,,,,,,,,,,,,,,,,,,,,,59.2017135620117,60.6262626647949,999.893371582031,999.893371582031,,,6.59143495559692,,1,0,0,0,0.0154876708984375,32.2580642700195,2,1,1,59.087215423584,0,59.9299583435059,,,0.000117654211815741,5.82568654296414E-6,0.000118198184088123,5.82683734868462E-6,0.899866878986359,0.964703321456909,24.5688152313232,0,30,4,200,-0.000980007695034146,-0.210661932826042,0.351071298122406,1,,,,,,,,,,,,,,,,
,3952594115.45885,56.7940616607666,999.893371582031,,,6,,,,24.915584011358,,,1,,,,,,,,,,,,,,,,,,,,,,56.0928039550781,57.552906036377,999.893371582031,999.893371582031,,,6.5681095123291,,1,0,0,0,0,32.2580642700195,2,1,1,56.0352172851562,0,56.817810482449,,,0.000121499101720365,6.01705175229568E-6,0.000122086505396102,6.01826602433938E-6,0.898264408111572,0.965926766395569,24.5542411804199,8.22764121918502E36,30,4,200,-0.000819189008325338,-0.22998908162117,0.348411172628403,1,,,,,,,,,,,,,,,,
,3952594133.91751,53.596622467041,999.893371582031,,,6,,,,24.9092068205217,,,1,,,,,,,,,,,,,,,,,,,,,,52.885311126709,54.40234375,999.893371582031,999.893371582031,,,6.54226875305176,,1,0,0,0,0,32.2580642700195,2,1,1,52.790901184082,0,53.6542299058702,,,0.000125447967700614,6.21385640073598E-6,0.000126082391287166,6.21513549927186E-6,0.896337449550629,0.966443181037903,24.5394535064697,0.528640627861023,30,4,200,-0.000950684188865125,-0.249595299363136,0.347902804613113,1,,,,,,,,,,,,,,,,
,3952594152.28603,50.5474395751953,999.893371582031,,,6,,,,24.902997351333,,,1,,,,,,,,,,,,,,,,,,,,,,49.8606986999512,51.3518486022949,999.893371582031,999.893371582031,,,6.5144681930542,,1,0,0,0,0,32.7468223571777,2,1,1,49.7430305480957,0,50.6476830376519,,,0.000129555473812614,6.41853732058752E-6,0.000130237318876638,6.42001056654637E-6,0.894532144069672,0.966149806976318,24.5263748168945,0,30,4,200,-0.000233614395256154,-0.268707990646362,0.344587504863739,1,,,,,,,,,,,,,,,,
,3952594170.56699,47.4751052856445,999.893371582031,,,6,,,,24.8970541566066,,,1,,,,,,,,,,,,,,,,,,,,,,46.6834030151367,48.3381958007812,999.893371582031,999.893371582031,,,6.48369884490967,,1,0,0,0,0,32.2580642700195,2,1,1,46.6120147705078,0,47.4992417229546,,,0.000133835098881485,6.63146427167113E-6,0.000134556337733774,6.6329546867276E-6,0.893262326717377,0.965970277786255,24.5156898498535,0,30,4,200,-0.000264290632912889,-0.287478625774384,0.346972525119782,1,,,,,,,,,,,,,,,,
,3952594188.94222,44.3097858428955,999.893371582031,,,6,,,,24.891262526911,,,1,,,,,,,,,,,,,,,,,,,,,,43.651741027832,45.0964775085449,999.893371582031,999.893371582031,,,6.44858360290527,,1,0,0,0,0,32.2580642700195,2,1,1,43.5230941772461,0,44.4086108737522,,,0.000137972182921871,6.83743172972243E-6,0.000138740697855896,6.83910024482895E-6,0.891948223114014,0.966503620147705,24.504020690918,0,30,4,200,-0.000386047613574192,-0.307301342487335,0.347613394260406,1,,,,,,,,,,,,,,,,
,3952594207.34361,41.1066646575928,999.893371582031,,,6,,,,24.8855641467906,,,1,,,,,,,,,,,,,,,,,,,,,,40.3772850036621,41.9232864379883,999.893371582031,999.893371582031,,,6.40854358673096,,1,0,0,0,0,32.2580642700195,2,1,1,40.2900428771973,0,41.226434495714,,,0.000142138378970606,7.04510604274462E-6,0.000142955323345152,7.04680077903783E-6,0.89039021730423,0.966753125190735,24.4918556213379,0,30,4,200,-0.000508134602569044,-0.328154861927032,0.347478628158569,1,,,,,,,,,,,,,,,,
,3952594225.69884,37.9750156402588,999.893371582031,,,6,,,,24.8800541170195,,,1,,,,,,,,,,,,,,,,,,,,,,37.3451080322266,38.707893371582,999.893371582031,999.893371582031,,,6.36378574371338,,1,0,0,0,0,31.7693061828613,2,1,1,37.2421379089355,0,38.062671661377,,,0.000146339579673344,7.2542549493994E-6,0.000147201879764895,7.25603610812462E-6,0.889254331588745,0.967128753662109,24.4814071655273,0,30,4,200,-0.000359105877578258,-0.347399801015854,0.345889896154404,1,,,,,,,,,,,,,,,,
,3952594244.10846,34.8560466766357,999.893371582031,,,6,,,,24.8747978114755,,,1,,,,,,,,,,,,,,,,,,,,,,34.2107086181641,35.6060066223145,999.893371582031,999.893371582031,,,6.31158447265625,,1,0,0,0,0,32.2580642700195,2,1,1,34.106086730957,0,34.9315694173177,,,0.000150580539480245,7.46559319948873E-6,0.00015149667529107,7.46752689009154E-6,0.887942373752594,0.968020796775818,24.4699974060059,0,30,4,200,-0.000271573575446382,-0.365414381027222,0.347330898046494,1,,,,,,,,,,,,,,,,
,3952594262.4919,31.6747817993164,999.893371582031,,,6,,,,24.8696690155397,,,1,,,,,,,,,,,,,,,,,,,,,,30.918773651123,32.5082244873047,999.893371582031,999.893371582031,,,6.25038337707519,,1,0,0,0,0,32.2580642700195,2,1,1,30.8413391113281,0,31.7333564758301,,,0.000154802715094484,7.67601505138177E-6,0.000155768423152407,7.6780033481395E-6,0.886693239212036,0.968358993530273,24.4595336914062,4.9456582069397,30,4,200,-0.000477639201562852,-0.385577976703644,0.347968697547913,1,,,,,,,,,,,,,,,,
,3952594272.20135,30.0346775054932,999.893371582031,,,6,,,,24.8696690155397,,,1,,,,,,,,,,,,,,,,,,,,,,29.3877048492432,30.8099479675293,999.893371582031,999.893371582031,,,6.21403074264526,,1,0,0,0,0,32.2580642700195,2,1,1,29.259407043457,0,30.1002968682183,,,0.000157010696226564,7.78651463439107E-6,0.000158013822719163,7.78860609805159E-6,0.885564506053925,0.968671679496765,24.4547786712646,0,30,4,200,-0.000147517843288369,-0.393641114234924,0.349156349897385,1,,,,,,,,,,,,,,,,
,3952594290.73521,26.9378633499146,999.893371582031,,,6,,,,24.8622537530554,,,1,,,,,,,,,,,,,,,,,,,,,,26.0946979522705,27.7969875335693,999.893371582031,999.893371582031,,,6.13319110870361,,1,0,0,0,0,32.2580642700195,2,1,1,26.0787391662598,0,26.9712702433268,,,0.000161281575053529,7.99839547251243E-6,0.000162315838537676,8.00062299533451E-6,0.885478377342224,0.968794465065002,24.446891784668,0,30,4,200,-6.02995605731849E-5,-0.408144950866699,0.355026245117188,1,,,,,,,,,,,,,,,,
,3952594300.40699,25.2725238800049,999.893371582031,,,6,,,,24.8622537530554,,,1,,,,,,,,,,,,,,,,,,,,,,24.5377883911133,26.0787391662598,999.893371582031,999.893371582031,,,6.08474922180176,,1,0,0,0,0.0128173828125,32.2580642700195,2,1,1,24.46630859375,0,25.2852929433187,,,0.00016347057500626,8.10797674148819E-6,0.000164543053019325,8.11028497734203E-6,0.88439667224884,0.969266057014465,24.4421310424805,0,30,4,200,5.05844727740623E-5,-0.414615094661713,0.358963429927826,1,,,,,,,,,,,,,,,,
,3952594318.78683,22.2119626998901,999.893371582031,,,6,,,,24.8553226779445,,,1,,,,,,,,,,,,,,,,,,,,,,21.5047149658203,23.0552730560303,999.893371582031,999.893371582031,,,5.97009134292602,,1,0,0,0,0,32.2580642700195,2,1,1,21.36865234375,0,22.2893642849392,,,0.000167756032131149,8.32043068834529E-6,0.000168852592566224,8.32280287000563E-6,0.884501397609711,0.968877375125885,24.4360446929932,0,30,4,200,0.000119096446724143,-0.425744950771332,0.368563771247864,1,,,,,,,,,,,,,,,,
,3952594329.08233,20.535418510437,999.893371582031,,,6,,,,24.8553226779445,,,1,,,,,,,,,,,,,,,,,,,,,,19.8468723297119,21.3115215301514,999.893371582031,999.893371582031,,,5.89707517623901,,1,0,0,0,0.0147247314453125,32.2580642700195,2,1,1,19.7593154907227,0,20.607420179579,,,0.000170043212860674,8.43460838267745E-6,0.000171169266373785,8.43690175001091E-6,0.883755385875702,0.969217658042908,24.4327659606934,0,30,4,200,0.000223335810005665,-0.430902421474457,0.374130249023438,1,,,,,,,,,,,,,,,,
,3952594347.51966,17.432879447937,999.893371582031,,,6,,,,24.8487421484582,,,1,,,,,,,,,,,,,,,,,,,,,,16.7404193878174,18.2164669036865,999.893371582031,999.893371582031,,,5.7225136756897,,1,0,0,0,0.0171661376953125,31.7693061828613,2,1,1,16.6492919921875,0,17.5235835181342,,,0.000174171950025807,8.63887619181443E-6,0.000175315011085283,8.64122555015723E-6,0.884277582168579,0.969295620918274,24.4281139373779,0,30,4,200,0.000359472120180726,-0.437531530857086,0.386993765830994,1,,,,,,,,,,,,,,,,
,3952594357.16957,15.8939628601074,999.893371582031,,,6,,,,24.8487421484582,,,1,,,,,,,,,,,,,,,,,,,,,,15.2839994430542,16.6492919921875,999.893371582031,999.893371582031,,,5.59700965881348,,1,0,0,0,0,32.2580642700195,2,1,1,15.1386337280273,0,15.9749471876356,,,0.000176068037139946,8.73325740128157E-6,0.000177231574976535,8.73564311825585E-6,0.883948445320129,0.96947306394577,24.4266204833984,0,30,4,200,0.000490637088660151,-0.438179731369019,0.395149737596512,1,,,,,,,,,,,,,,,,
,3952594375.82529,12.8652639389038,999.893371582031,,,6,,,,24.8427359588617,,,1,,,,,,,,,,,,,,,,,,,,,,12.1203279495239,13.6618938446045,999.893371582031,999.893371582031,,,5.24360275268555,,1,0,0,0,0.020904541015625,32.2580642700195,2,1,1,12.0686340332031,0,12.9056986808777,,,0.000173273651034844,8.59260303020051E-6,0.000174368303974731,8.59486940415798E-6,0.885994970798492,0.968155562877655,24.4300155639648,4.87760098621948E-6,30,4,200,0.000462475494714454,-0.420690357685089,0.406397759914398,1,,,,,,,,,,,,,,,,
,3952594385.98441,11.2644257545471,999.893371582031,,,6,,,,24.8427359588617,,,1,,,,,,,,,,,,,,,,,,,,,,10.4602174758911,12.0686340332031,999.893371582031,999.893371582031,,,5.01818656921387,,1,0,0,0,0,32.2580642700195,2,1,1,10.4602174758911,0,11.2501885414124,,,0.000163691208089883,8.11659032159381E-6,0.00016468799266482,8.11859383273827E-6,0.886870741844177,0.964903175830841,24.4371395111084,0,30,4,200,0.000452631327789277,-0.378425270318985,0.40754771232605,1,,,,,,,,,,,,,,,,
,3952594405.29441,9.22756242752075,999.893371582031,,,6,,,,24.8369370741563,,,1,,,,,,,,,,,,,,,,,,,,,,8.94769191741943,9.54160213470459,999.893371582031,999.893371582031,,,4.69585657119751,,1,0,0,0,0.0189208984375,32.2580642700195,6,1,1,8.91352272033691,0,9.22628370920817,,,0.000151538737322081,7.51023513659829E-6,0.00015239617835955,7.51190460434794E-6,0.891353189945221,0.967847406864166,24.4454765319824,2.65732815023512E-5,30,4,200,0.000151512358570471,-0.3069788813591,0.41193875670433,1,,,,,,,,,,,,,,,,
,3952594415.25052,8.74009323120117,999.893371582031,,,6,,,,24.8369370741563,,,1,,,,,,,,,,,,,,,,,,,,,,8.59189128875732,8.90820693969727,999.893371582031,999.893371582031,,,4.59658479690552,,1,0,0,0,0.0170135498046875,32.2580642700195,6,1,1,8.57197952270508,0,8.74379221598307,,,0.000150046428779113,7.43580293274721E-6,0.000150882897912839,7.4374384178378E-6,0.891935586929321,0.96732884645462,24.4484348297119,1,30,4,200,-1.29722802739707E-5,-0.296587467193604,0.413819551467895,1,,,,,,,,,,,,,,,,
,3952594433.66711,8.44568681716919,999.893371582031,,,6,,,,24.8311499812869,,,1,,,,,,,,,,,,,,,,,,,,,,8.42907333374023,8.46318244934082,999.893371582031,999.893371582031,,,4.4887900352478,,1,0,0,0,7.62939453125E-5,32.7468223571777,6,1,1,8.46230030059814,0,8.45104991065131,,,0.000149120094405655,7.38904780596924E-6,0.000149936265549926,7.39063400670588E-6,0.892992258071899,0.967924535274506,24.4461307525635,0.193678706884384,30,4,200,-0.000258696061791852,-0.2901950776577,0.413548737764359,1,,,,,,,,,,,,,,,,
,3952594443.9267,8.41390228271484,999.893371582031,,,6,,,,24.8311499812869,,,1,,,,,,,,,,,,,,,,,,,,,,8.37795162200928,8.4604959487915,999.893371582031,999.893371582031,,,4.45166254043579,,1,0,0,0,0.000152587890625,32.2580642700195,6,1,1,8.36730861663818,0,8.42264270782471,,,0.000148884605227851,7.37737871366062E-6,0.000149697008556394,7.37905175843236E-6,0.892987608909607,0.967028498649597,24.4471607208252,8.22764121918502E36,30,4,200,-0.000347900349879637,-0.290516227483749,0.413285702466965,1,,,,,,,,,,,,,,,,
,3952594462.68703,7.81458497047424,999.893371582031,,,6,,,,24.8251599062161,,,1,,,,,,,,,,,,,,,,,,,,,,7.55498266220093,8.22485256195068,999.893371582031,999.893371582031,,,4.33472490310669,,1,0,0,0,0.0188446044921875,31.7693061828613,6,1,1,7.4043173789978,0,8.0245549943712,,,0.00014778826218886,7.32096461469952E-6,0.000148560340355019,7.32249592874383E-6,0.895661115646362,0.969293177127838,24.4489116668701,0,30,4,200,0.000716602255124599,-0.288612633943558,0.417153716087341,1,,,,,,,,,,,,,,,,
,3952594472.67858,6.57776594161987,999.893371582031,,,6,,,,24.8251599062161,,,1,,,,,,,,,,,,,,,,,,,,,,5.88165855407715,7.36643886566162,999.893371582031,999.893371582031,,,4.11873340606689,,1,0,0,0,0.000152587890625,32.2580642700195,6,1,1,5.78909301757812,0,6.62959427303738,,,0.000145894858287203,7.22541164219595E-6,0.000146595076857765,7.22685200120879E-6,0.89799827337265,0.964213132858276,24.4649143218994,0,30,4,200,0.00265012239105999,-0.269638687372208,0.445352226495743,1,,,,,,,,,,,,,,,,
,3952594483.15606,4.88790011405945,999.893371582031,,,6,,,,24.8251599062161,,,1,,,,,,,,,,,,,,,,,,,,,,4.22542333602905,5.57437658309937,999.893371582031,999.893371582031,,,3.72253632545471,,1,0,0,0,0.018310546875,32.2580642700195,6,1,1,4.20142364501953,0,4.82987356185913,,,0.000144754513365417,7.16834681887098E-6,0.000145463561512805,7.16976548472724E-6,0.898795783519745,0.969704508781433,24.4609527587891,5.33324384689331,30,4,200,0.00367530947551131,-0.232405588030815,0.479491144418716,1,,,,,,,,,,,,,,,,
,3952594492.82419,4.20103549957275,999.893371582031,,,6,,,,24.8251599062161,,,1,,,,,,,,,,,,,,,,,,,,,,4.19398164749146,4.20142364501953,999.893371582031,999.893371582031,,,3.65188217163086,,1,0,0,0,0.000152587890625,32.2580642700195,6,1,1,4.20064735412598,0,4.19840304056803,,,0.000145239896440076,7.19115782926676E-6,0.000145907513123477,7.19248133156465E-6,0.900477111339569,0.966098010540009,24.4720211029053,0,30,4,200,-0.00109082052949816,-0.21178063750267,0.476853728294373,1,,,,,,,,,,,,,,,,
,3952594502.54493,4.19777750968933,999.893371582031,,,6,,,,24.8251599062161,,,1,,,,,,,,,,,,,,,,,,,,,,4.17386817932129,4.21001386642456,999.893371582031,999.893371582031,,,3.58264255523682,,1,0,0,0,0.000152587890625,33.2355842590332,5,1,1,4.20116806030273,0,4.19802771674262,,,0.000145355355402723,7.1969377330356E-6,0.000146021494853596,7.19827420362801E-6,0.900391817092895,0.965398609638214,24.472599029541,0,30,4,200,-0.00114138401113451,-0.218244582414627,0.470676571130753,1,,,,,,,,,,,,,,,,
,3952594512.54747,4.20083546638489,999.893371582031,,,6,,,,24.8251599062161,,,1,,,,,,,,,,,,,,,,,,,,,,4.19770860671997,4.20171880722046,999.893371582031,999.893371582031,,,3.54587888717651,,1,0,0,0,0.0141143798828125,32.2580642700195,5,1,1,4.20083856582642,0,4.19999394416809,,,0.000145228109566534,7.19069335857649E-6,0.000145899819488501,7.19201328478641E-6,0.900310039520264,0.966456472873688,24.4708938598633,,30,4,200,-0.000981064513325691,-0.223342254757881,0.464374482631683,1,,,,,,,,,,,,,,,,
,3952594522.49389,4.2008900642395,999.893371582031,,,6,,,,24.8251599062161,,,1,,,,,,,,,,,,,,,,,,,,,,4.1983494758606,4.20168972015381,999.893371582031,999.893371582031,,,3.5377721786499,,1,0,0,0,0.000152587890625,33.7243423461914,5,1,1,4.20094156265259,0,4.19984489017063,,,0.00014522414591322,7.19052326154891E-6,0.000145894880546505,7.19187998940989E-6,0.900273382663727,0.966001749038696,24.4713802337646,5.33422088623047,30,4,200,-0.000895434175617993,-0.229588463902473,0.458154737949371,1,,,,,,,,,,,,,,,,
,3952594532.62001,4.20025753974915,999.893371582031,,,6,,,,24.8251599062161,,,1,,,,,,,,,,,,,,,,,,,,,,4.19841384887695,4.20167827606201,999.893371582031,999.893371582031,,,3.53578925132751,,1,0,0,0,0.000152587890625,31.7693061828613,5,1,1,4.20086765289307,0,4.19978512658013,,,0.000145210262148286,7.18987055104543E-6,0.000145885727822126,7.19121294824037E-6,0.900228381156921,0.96690434217453,24.4699764251709,5.33392286300659,30,4,200,-0.00065853341948241,-0.233557403087616,0.452866107225418,1,,,,,,,,,,,,,,,,
,3952594542.7116,4.20078420639038,999.893371582031,,,6,,,,24.8251599062161,,,1,,,,,,,,,,,,,,,,,,,,,,4.19834613800049,4.20190000534058,999.893371582031,999.893371582031,,,3.53663277626038,,1,0,0,0,0.000152587890625,32.7468223571777,5,1,1,4.20136880874634,0,4.19998629887899,,,0.000145244640608893,7.19159755139717E-6,0.000145918622111002,7.19298009853883E-6,0.900196194648743,0.9663046002388,24.4706573486328,3.14313340187073,30,4,200,-0.000789349607657641,-0.239245191216469,0.4480100274086,1,,,,,,,,,,,,,,,,
,3952594552.42315,4.20143866539001,999.893371582031,,,6,,,,24.8251599062161,,,1,,,,,,,,,,,,,,,,,,,,,,4.19807529449463,4.20137786865234,999.893371582031,999.893371582031,,,3.53655552864075,,1,0,0,0,0.000152587890625,32.2580642700195,5,1,1,4.20150852203369,0,4.1999372376336,,,0.000145225228893735,7.19072024114459E-6,0.000145901484006803,7.19208852684874E-6,0.900080144405365,0.966496586799622,24.469934463501,5.33400344848633,30,4,200,-0.000699011026881635,-0.243835136294365,0.443076640367508,1,,,,,,,,,,,,,,,,
,3952594562.10435,4.20092558860779,999.893371582031,,,6,,,,24.8251599062161,,,1,,,,,,,,,,,,,,,,,,,,,,4.19872093200684,4.20204973220825,999.893371582031,999.893371582031,,,3.53813743591309,,1,0,0,0,7.62939453125E-5,31.7693061828613,5,1,1,4.20110511779785,0,4.20013337665134,,,0.000145233425168671,7.19111885707238E-6,0.000145907846382642,7.19249225654985E-6,0.900087535381317,0.96611750125885,24.4704475402832,0,30,4,200,-0.000579820654820651,-0.247978955507278,0.438904583454132,1,,,,,,,,,,,,,,,,
,3952594572.57867,4.20042276382446,999.893371582031,,,6,,,,24.8251599062161,,,1,,,,,,,,,,,,,,,,,,,,,,4.19887590408325,4.20155382156372,999.893371582031,999.893371582031,,,3.53788065910339,,1,0,0,0,0.017547607421875,32.2580642700195,1,1,1,4.2013783454895,0,4.1999454498291,,,0.00014523494979918,7.19123230111795E-6,0.00014591389497375,7.19263031469412E-6,0.900038540363312,0.96679025888443,24.4693737030029,0.135719448328018,30,4,200,-0.000731833919417113,-0.251832902431488,0.435037076473236,1,,,,,,,,,,,,,,,,
