[Header]
; MPMS3 Data File (default extension .dat)
; Copyright (c) 2007, Quantum Design, Inc. All rights reserved.
TITLE,
FILEOPENTIME,3952665023.28486,04/01/2025,11:29 am
BYAPP,MPMS3 w/ AC,1.0,1.1
INFO,MPMS3 Measurement Release 1.2.2 Build 0, MultiVu Release 2.3.5.2,APPNAME
INFO,Linear Motor Servo Controller,MOTOR_MODULE_NAME
INFO,3101-100 N4,MOTOR_HW_VERSION
INFO,MMC1299,MOTOR_SERIAL_NUMBER
INFO,01.04.28,MOTOR_SOFTWARE_VERSION
INFO,Quantum Design Squid Module,SQUID_MODULE_NAME
INFO,3101-501 B0,SQUID_HW_VERSION
INFO,SQM364,SQUID_SERIAL_NUMBER
INFO,01.03.04,SQUID_SOFTWARE_VERSION
INFO,Quantum Design VSM Oven,OVEN_MODULE_NAME
INFO,3101-201 A3,OVEN_HW_VERSION
INFO,OVB387,OVEN_SERIAL_NUMBER
INFO,01.07.07,OVEN_SOFTWARE_VERSION
INFO,SQUID AC,AC_MODULE_NAME
INFO,3101-401 G0,AC_HW_VERSION
INFO,SAC242,AC_SERIAL_NUMBER
INFO,SQUID AC 00.95.11,AC_SOFTWARE_VERSION
INFO,TCI374,COIL_SERIAL_NUMBER
INFO,0,MOMENT_UNITS
INFO,RuCl3,SAMPLE_MATERIAL
INFO,Polycrystalline colder side TB002a,SAMPLE_COMMENT
INFO,3.9,SAMPLE_MASS
INFO,,SAMPLE_VOLUME
INFO,,SAMPLE_MOLECULAR_WEIGHT
INFO,,SAMPLE_SIZE
INFO,,SAMPLE_SHAPE
INFO,Straw,SAMPLE_HOLDER
INFO,Standard,SAMPLE_HOLDER_DETAIL
INFO,66.38,SAMPLE_OFFSET
DATATYPE,COMMENT,1
DATATYPE,TIME,2
STARTUPAXIS,X,2
STARTUPAXIS,Y1,5
FIELDGROUP, VSM,2,3,4,5,6,8,9,10,11,14,15
FIELDGROUP, DC, 2,3,4,14,56,57,58,59,60,61,62,63,64,65,66,67,68,69
FIELDGROUP, AC, 2,3,4,11,16,17,18,19,20,21,22,23,24,25,26,27,28,29,30
STARTUPGROUP, All
[Data]
Comment,Time Stamp (sec),Temperature (K),Magnetic Field (Oe),Moment (emu),M. Std. Err. (emu),Transport Action,Averaging Time (sec),Frequency (Hz),Peak Amplitude (mm),Center Position (mm),Lockin Signal' (V),Lockin Signal (V),Range,M. Quad. Signal (emu),AC Moment (emu),AC M. Std Err. (emu),AC Phase (deg),AC Phase Std. Err. (deg),AC Susceptibility (emu/Oe),AC Suscept. Std Err. (emu/Oe),AC X' (emu/Oe),AC X' Std Err. (emu/Oe),AC X'' (emu/Oe),AC X'' Std Err. (emu/Oe),AC Drive (Oe),AC Frequency (Hz),AC Averaging Time (sec),AC Cycles,AC Range,AC Measure Type,AC Signal' (V),AC Signal'' (V),AC Trim Coil Ratio,AC Trim Coil Phase,Min. Temperature (K),Max. Temperature (K),Min. Field (Oe),Max. Field (Oe),Mass (grams),Motor Lag (deg),Pressure (Torr),Measure Count,Measurement Number,SQUID Status (code),Motor Status (code),Measure Status (code),Motor Current (amps),Motor Temp. (C),Temp. Status (code),Field Status (code),Chamber Status (code),Chamber Temp (K),Redirection State,Average Temp (K),Rotation Angle (deg),Rotator state,DC Moment Fixed Ctr (emu),DC Moment Err Fixed Ctr (emu),DC Moment Free Ctr (emu),DC Moment Err Free Ctr (emu),DC Fixed Fit,DC Free Fit,DC Calculated Center (mm),DC Calculated Center Err (mm),DC Scan Length (mm),DC Scan Time (s),DC Number of Points,DC Squid Drift,DC Min V (V),DC Max V (V),DC Scans per Measure,Map 01,Map 02,Map 03,Map 04,Map 05,Map 06,Map 07,Map 08,Map 09,Map 10,Map 11,Map 12,Map 13,Map 14,Map 15,Map 16
,3952665039.37262,299.87858581543,999.808410644531,,,6,,,,21.4491100311279,,,1,,,,,,,,,,,,,,,,,,,,,,299.877105712891,299.888702392578,999.808410644531,999.808410644531,,,6.56858730316162,,1,0,0,0,0,33.2355842590332,1,1,1,299.876739501953,0,299.883809407552,,,2.60652461284522E-5,1.29264332441922E-6,2.60653324480784E-5,1.29264284192661E-6,0.885504066944122,0.885535836219788,21.438892364502,0,30,4,200,-0.00714153191074729,-0.134337112307549,0.0205887518823147,1,,,,,,,,,,,,,,,,
,3952665056.13015,299.756225585937,999.808410644531,,,6,,,,21.4491100311279,,,1,,,,,,,,,,,,,,,,,,,,,,299.643615722656,299.888214111328,999.808410644531,999.808410644531,,,6.63541316986084,,1,0,0,0,0,32.7468223571777,2,1,1,299.624237060547,0,299.788808186849,,,2.60515430702351E-5,1.29243589654725E-6,2.60523329889066E-5,1.29243613910632E-6,0.882396399974823,0.88264936208725,21.419885635376,4.6281623840332,30,4,200,-0.00714616617187858,-0.211267039179802,-0.0549285225570202,1,,,,,,,,,,,,,,,,
,3952665065.86502,299.344772338867,999.808410644531,,,6,,,,21.4491100311279,,,1,,,,,,,,,,,,,,,,,,,,,,299.120361328125,299.615478515625,999.808410644531,999.808410644531,,,6.66701412200928,,1,0,0,0,0,33.2355842590332,2,1,1,299.074066162109,0,299.377224392361,,,2.61276580339235E-5,1.29455405008239E-6,2.61279903907768E-5,1.29455387966959E-6,0.893688023090362,0.893807649612427,21.4300098419189,,30,4,200,-0.00680911680683494,-0.28230282664299,-0.126018643379211,1,,,,,,,,,,,,,,,,
,3952665084.11226,298.153167724609,999.808410644531,,,6,,,,21.4411402548622,,,1,,,,,,,,,,,,,,,,,,,,,,297.839019775391,298.526336669922,999.808410644531,999.808410644531,,,6.70949745178223,,1,0,0,0,0,33.7243423461914,2,1,1,297.779998779297,0,298.220136854384,,,2.6252550932056E-5,1.30323307109278E-6,2.62546232939149E-5,1.3032360193953E-6,0.877202093601227,0.877818644046783,21.3945140838623,,30,4,200,-0.00502469297498465,-0.383693635463715,-0.235675171017647,1,,,,,,,,,,,,,,,,
,3952665102.37535,296.509735107422,999.808410644531,,,6,,,,21.4327339845833,,,1,,,,,,,,,,,,,,,,,,,,,,296.039733886719,297.020721435547,999.808410644531,999.808410644531,,,6.7230167388916,,1,0,0,0,0,32.7468223571777,2,1,1,295.998748779297,0,296.542087131076,,,2.61216201333611E-5,1.29190486296266E-6,2.61221217968405E-5,1.29190637130936E-6,0.912236869335175,0.91244101524353,21.4554080963135,,30,4,200,-0.0043963878415525,-0.477288842201233,-0.332210540771484,1,,,,,,,,,,,,,,,,
,3952665120.61088,294.190322875977,999.808410644531,,,6,,,,21.4220050362831,,,1,,,,,,,,,,,,,,,,,,,,,,293.5888671875,294.844085693359,999.808410644531,999.808410644531,,,6.72622299194336,,1,0,0,0,0,32.7468223571777,2,1,1,293.536560058594,0,294.186208089193,,,2.64995337317433E-5,1.31259884048954E-6,2.64995916766027E-5,1.31259865880599E-6,0.896418929100037,0.896441161632538,21.4138927459717,0.18757589161396,30,4,200,-0.007027349434793,-0.583301544189453,-0.426005184650421,1,,,,,,,,,,,,,,,,
,3952665138.87161,291.442504882812,999.808410644531,,,6,,,,21.4083138704182,,,1,,,,,,,,,,,,,,,,,,,,,,290.681304931641,292.23681640625,999.808410644531,999.808410644531,,,6.72958469390869,,1,0,0,0,0,32.7468223571777,2,1,1,290.648193359375,0,291.454518636068,,,2.69160294194033E-5,1.33551603633179E-6,2.69200988933208E-5,1.33552166694638E-6,0.881195306777954,0.882421374320984,21.3437232971191,0.0595637038350105,30,4,200,-0.00479013985022902,-0.684636414051056,-0.536463916301727,1,,,,,,,,,,,,,,,,
,3952665157.32066,288.240295410156,999.808410644531,,,6,,,,21.3931273433691,,,1,,,,,,,,,,,,,,,,,,,,,,287.421630859375,289.119354248047,999.808410644531,999.808410644531,,,6.73394823074341,,1,0,0,0,0,32.7468223571777,2,1,1,287.361236572266,0,288.260108100043,,,2.71872361008049E-5,1.34775699667041E-6,2.71911264524441E-5,1.3477627667602E-6,0.88893711566925,0.890178620815277,21.3303928375244,0,30,4,200,-0.00547797093167901,0.342488527297974,0.494345903396606,1,,,,,,,,,,,,,,,,
,3952665175.64159,284.884429931641,999.808410644531,,,6,,,,21.3782776991713,,,1,,,,,,,,,,,,,,,,,,,,,,283.970855712891,285.798004150391,999.808410644531,999.808410644531,,,6.73839998245239,,1,0,0,0,0,32.7468223571777,2,1,1,283.970855712891,0,284.914211697049,,,2.77227031126543E-5,1.37255843727479E-6,2.77253614026389E-5,1.37256061802793E-6,0.900882184505463,0.901828825473785,21.3265056610107,1.51384210766992E-6,30,4,200,-0.0050618564710021,0.245513007044792,0.396957576274872,1,,,,,,,,,,,,,,,,
,3952665194.03731,281.558319091797,999.808410644531,,,6,,,,21.3640325201588,,,1,,,,,,,,,,,,,,,,,,,,,,280.670196533203,282.506652832031,999.808410644531,999.808410644531,,,6.7423210144043,,1,0,0,0,0,32.2580642700195,2,1,1,280.609985351562,0,281.592044406467,,,2.79885694356953E-5,1.38817826492626E-6,2.79937345322835E-5,1.3881868058167E-6,0.884561479091644,0.88609653711319,21.2928733825684,0,30,4,200,-0.00325824553146958,0.180288463830948,0.328381955623627,1,,,,,,,,,,,,,,,,
,3952665212.29602,278.097045898438,999.808410644531,,,6,,,,21.3494025503827,,,1,,,,,,,,,,,,,,,,,,,,,,277.212310791016,279.014190673828,999.808410644531,999.808410644531,,,6.74540758132935,,1,0,0,0,0,32.7468223571777,2,1,1,277.179901123047,0,278.118628607856,,,2.83885794456843E-5,1.40691722536406E-6,2.83925735512248E-5,1.40692342550858E-6,0.891459167003632,0.892707288265228,21.2871952056885,0.187673300504684,30,4,200,-0.00333044561557472,0.122301533818245,0.272024035453796,1,,,,,,,,,,,,,,,,
,3952665230.71955,274.736511230469,999.808410644531,,,6,,,,21.3346048977648,,,1,,,,,,,,,,,,,,,,,,,,,,274.031829833984,275.691650390625,999.808410644531,999.808410644531,,,6.74817943572998,,1,0,0,0,0.0113677978515625,32.7468223571777,2,1,1,273.781372070313,0,274.886455535889,,,2.87267298161816E-5,1.42350196747669E-6,2.8731418758124E-5,1.42350919053092E-6,0.892575025558472,0.894040286540985,21.2676029205322,0,30,4,200,-0.00373503239825368,0.0576893277466297,0.209949016571045,1,,,,,,,,,,,,,,,,
,3952665249.35079,271.203674316406,999.808410644531,,,6,,,,21.3201148383197,,,1,,,,,,,,,,,,,,,,,,,,,,270.357238769531,272.138580322266,999.808410644531,999.808410644531,,,6.75067234039307,,1,0,0,0,0,32.7468223571777,2,1,1,270.268768310547,0,271.315097384983,,,2.91577972554404E-5,1.44368869674276E-6,2.9162227307041E-5,1.44369640452253E-6,0.900339365005493,0.901806592941284,21.2555675506592,4.61037588119507,30,4,200,-0.00420289719477296,-0.0216897334903479,0.134309232234955,1,,,,,,,,,,,,,,,,
,3952665267.69451,267.797927856445,999.808410644531,,,6,,,,21.3056028201867,,,1,,,,,,,,,,,,,,,,,,,,,,267.032836914062,268.640533447266,999.808410644531,999.808410644531,,,6.7526216506958,,1,0,0,0,0,32.2580642700195,2,1,1,266.955322265625,0,267.809126112196,,,2.95576774951784E-5,1.46413610103377E-6,2.95633415782172E-5,1.46414613250276E-6,0.896037399768829,0.897810816764831,21.2331352233887,,30,4,200,-0.00380190997384489,-0.0829536318778992,0.073953166604042,1,,,,,,,,,,,,,,,,
,3952665285.909,264.72770690918,999.808410644531,,,6,,,,21.2918695593257,,,1,,,,,,,,,,,,,,,,,,,,,,263.948852539062,265.564544677734,999.808410644531,999.808410644531,,,6.75408363342285,,1,0,0,0,0,32.7468223571777,2,1,1,263.890869140625,0,264.804270426432,,,2.99516406307761E-5,1.48390398060233E-6,2.99580075780659E-5,1.48391613717209E-6,0.894429922103882,0.89636218547821,21.215669631958,,30,4,200,-0.00368008366785943,-0.144192725419998,0.0143128931522369,1,,,,,,,,,,,,,,,,
,3952665304.17856,261.53498840332,999.808410644531,,,6,,,,21.2783249749883,,,1,,,,,,,,,,,,,,,,,,,,,,260.696899414062,262.43017578125,999.808410644531,999.808410644531,,,6.75429630279541,,1,0,0,0,0,32.2580642700195,2,1,1,260.639801025391,0,261.594540066189,,,2.9979577951039E-5,1.48867329096318E-6,2.9991941199538E-5,1.48869401542702E-6,0.874949336051941,0.878126859664917,21.1719455718994,4.60129833221436,30,4,200,-0.00281002232804894,-0.203580409288406,-0.0437329225242138,1,,,,,,,,,,,,,,,,
,3952665322.72897,258.376052856445,999.808410644531,,,6,,,,21.2651829648782,,,1,,,,,,,,,,,,,,,,,,,,,,257.597778320313,259.211822509766,999.808410644531,999.808410644531,,,6.75591135025024,,1,0,0,0,0,32.7468223571777,2,1,1,257.540283203125,0,258.384199354384,,,3.02498041328852E-5,1.50194982826256E-6,3.02607747406038E-5,1.50197167659497E-6,0.87569534778595,0.878484308719635,21.1658210754395,3.59005252903444E-6,30,4,200,-0.00265313754789531,-0.261235773563385,-0.101361021399498,1,,,,,,,,,,,,,,,,
,3952665340.94242,255.341148376465,999.808410644531,,,6,,,,21.2521575643555,,,1,,,,,,,,,,,,,,,,,,,,,,254.601638793945,256.121520996094,999.808410644531,999.808410644531,,,6.75560998916626,,1,0,0,0,0,32.7468223571777,2,1,1,254.560775756836,0,255.399966769748,,,3.04134025636957E-5,1.51180321336538E-6,3.04214631155845E-5,1.51181872219677E-6,0.866942167282104,0.868836760520935,21.1674823760986,4.60081338882446,30,4,200,-0.00183451268821955,-0.305492281913757,-0.143677920103073,1,,,,,,,,,,,,,,,,
,3952665359.30752,252.27416229248,999.808410644531,,,6,,,,21.23981735457,,,1,,,,,,,,,,,,,,,,,,,,,,251.638809204102,253.119903564453,999.808410644531,999.808410644531,,,6.75576639175415,,1,0,0,0,0,31.7693061828613,2,1,1,251.428421020508,0,252.44149017334,,,3.10978567682608E-5,1.54146287945911E-6,3.11123307161858E-5,1.54148909507746E-6,0.889842331409454,0.893940806388855,21.1269588470459,0,30,4,200,-0.00361646362580359,-0.3734150826931,-0.207247078418732,1,,,,,,,,,,,,,,,,
,3952665377.77968,249.401817321777,999.808410644531,,,6,,,,21.2271721409324,,,1,,,,,,,,,,,,,,,,,,,,,,248.642562866211,250.190505981445,999.808410644531,999.808410644531,,,6.75458383560181,,1,0,0,0,0,32.7468223571777,2,1,1,248.613128662109,0,249.448705037435,,,3.10118165443572E-5,1.54254401313804E-6,3.10237312747703E-5,1.54256487099474E-6,0.862264752388001,0.864931225776672,21.1250190734863,0.535654783248901,30,4,200,-0.0018374762730673,-0.428579330444336,-0.262288749217987,1,,,,,,,,,,,,,,,,
,3952665396.12966,246.42057800293,999.808410644531,,,6,,,,21.2143580103386,,,1,,,,,,,,,,,,,,,,,,,,,,245.645706176758,247.236724853516,999.808410644531,999.808410644531,,,6.75381183624268,,1,0,0,0,0,32.2580642700195,2,1,1,245.604431152344,0,246.418936835395,,,3.13218184703456E-5,1.55821293012469E-6,3.13354123456523E-5,1.558238880484E-6,0.86113053560257,0.86411052942276,21.1058692932129,0.000453827116871253,30,4,200,-0.00221500149928033,-0.484040111303329,-0.314538776874542,1,,,,,,,,,,,,,,,,
,3952665414.59572,243.393135070801,999.808410644531,,,6,,,,21.2018172846117,,,1,,,,,,,,,,,,,,,,,,,,,,242.701705932617,244.131637573242,999.808410644531,999.808410644531,,,6.75204563140869,,1,0,0,0,0,32.2580642700195,2,1,1,242.654632568359,0,243.445573594835,,,3.18557943604542E-5,1.58262755859278E-6,3.18742387498382E-5,1.58266240210392E-6,0.871088206768036,0.875410616397858,21.0762710571289,0,30,4,200,-0.00220990646630526,-0.547635078430176,-0.377283602952957,1,,,,,,,,,,,,,,,,
,3952665433.10982,240.372779846191,999.808410644531,,,6,,,,21.1894827014101,,,1,,,,,,,,,,,,,,,,,,,,,,239.592163085938,241.250839233398,999.808410644531,999.808410644531,,,6.75066661834717,,1,0,0,0,0,32.2580642700195,2,1,1,239.494720458984,0,240.471486409505,,,3.20665763688937E-5,1.59877322991371E-6,3.20842372806822E-5,1.59880668629417E-6,0.846423149108887,0.849830329418182,21.0674839019775,0,30,4,200,-0.000997546827420592,-0.586002469062805,-0.415762573480606,1,,,,,,,,,,,,,,,,
,3952665451.45074,237.256301879883,999.808410644531,,,6,,,,21.1767903646999,,,1,,,,,,,,,,,,,,,,,,,,,,236.486465454102,238.108779907227,999.808410644531,999.808410644531,,,6.74841833114624,,1,0,0,0,0,32.7468223571777,2,1,1,236.403823852539,0,237.313517252604,,,3.28132815357085E-5,1.62801673323887E-6,3.28305913498682E-5,1.62804720056012E-6,0.881748974323273,0.886071622371674,21.0568180084229,4.58877086639404,30,4,200,-0.00187428412027657,-0.637748539447784,-0.466215401887894,1,,,,,,,,,,,,,,,,
,3952665469.73888,234.252059936523,999.808410644531,,,6,,,,21.1643615085071,,,1,,,,,,,,,,,,,,,,,,,,,,233.519073486328,235.078247070313,999.808410644531,999.808410644531,,,6.74650478363037,,1,0,0,0,0,32.2580642700195,2,1,1,233.425872802734,0,234.312730577257,,,3.30913604743332E-5,1.64510800836928E-6,3.3109146250925E-5,1.64514233812245E-6,0.866102337837219,0.869947493076324,21.0436782836914,0.0658011808991432,30,4,200,-0.000987192266620696,-0.675012648105621,-0.502261638641357,1,,,,,,,,,,,,,,,,
,3952665488.14878,231.205101013184,999.808410644531,,,6,,,,21.1520588428955,,,1,,,,,,,,,,,,,,,,,,,,,,230.422836303711,232.054977416992,999.808410644531,999.808410644531,,,6.7443904876709,,1,0,0,0,0,33.2355842590332,2,1,1,230.355224609375,0,231.200278388129,,,3.34480052291232E-5,1.66359830767405E-6,3.34664394752471E-5,1.66363201889904E-6,0.862794518470764,0.866645812988281,21.0297470092773,9.91593333310448E-5,30,4,200,-0.000564814312383533,-0.707291901111603,-0.534009993076324,1,,,,,,,,,,,,,,,,
,3952665506.41952,227.98120880127,999.808410644531,,,6,,,,21.1397243593292,,,1,,,,,,,,,,,,,,,,,,,,,,227.117004394531,228.873596191406,999.808410644531,999.808410644531,,,6.74157190322876,,1,0,0,0,0,32.2580642700195,2,1,1,227.088821411133,0,228.053507486979,,,3.42472393853637E-5,1.69901084534632E-6,3.42722501397784E-5,1.69905959309332E-6,0.882490694522858,0.888536334037781,20.9986515045166,0.187869533896446,30,4,200,-0.00114623724948615,0.383392870426178,0.558050096035004,1,,,,,,,,,,,,,,,,
,3952665524.78076,224.758369445801,999.808410644531,,,6,,,,21.1278292434918,,,1,,,,,,,,,,,,,,,,,,,,,,224.034820556641,225.567443847656,999.808410644531,999.808410644531,,,6.73904943466186,,1,0,0,0,0,32.7468223571777,2,1,1,223.949295043945,0,224.819137573242,,,3.45741688084612E-5,1.71585734212236E-6,3.45944925545064E-5,1.71589605976349E-6,0.879463732242584,0.884178578853607,21.00146484375,0.187928944826126,30,4,200,-0.000945492181926966,0.350070625543594,0.527953803539276,1,,,,,,,,,,,,,,,,
,3952665543.22019,221.821166992187,999.808410644531,,,6,,,,21.1158597320574,,,1,,,,,,,,,,,,,,,,,,,,,,221.007843017578,222.676345825195,999.808410644531,999.808410644531,,,6.73666715621948,,1,0,0,0,0,32.2580642700195,2,1,1,220.96598815918,0,221.843373616536,,,3.50480744153355E-5,1.73953964190984E-6,3.50687391530115E-5,1.73957724315658E-6,0.878699719905853,0.883405864238739,20.9892654418945,5.32085466384888,30,4,200,-0.00108536111656576,0.318144172430038,0.498838007450104,1,,,,,,,,,,,,,,,,
,3952665561.61255,218.691528320313,999.808410644531,,,6,,,,21.1039898684719,,,1,,,,,,,,,,,,,,,,,,,,,,217.951416015625,219.489242553711,999.808410644531,999.808410644531,,,6.7334132194519,,1,0,0,0,0,32.2580642700195,2,1,1,217.893814086914,0,218.686964246962,,,3.55070611385899E-5,1.76219315645473E-6,3.55346521497858E-5,1.76224771563535E-6,0.87929093837738,0.885545969009399,20.958589553833,,30,4,200,-0.000235989311477169,0.293689370155334,0.473719149827957,1,,,,,,,,,,,,,,,,
,3952665580.02355,215.729507446289,999.808410644531,,,6,,,,21.0925584550143,,,1,,,,,,,,,,,,,,,,,,,,,,215.014709472656,216.560134887695,999.808410644531,999.808410644531,,,6.73043775558472,,1,0,0,0,0,32.2580642700195,2,1,1,214.898880004883,0,215.820231119792,,,3.59644791687487E-5,1.78548327059732E-6,3.59822517456492E-5,1.78551714783113E-6,0.87662661075592,0.880480706691742,20.9768657684326,,30,4,200,5.09191431774525E-6,0.275812029838562,0.458189100027084,1,,,,,,,,,,,,,,,,
,3952665598.34832,212.802719116211,999.808410644531,,,6,,,,21.0809199521439,,,1,,,,,,,,,,,,,,,,,,,,,,212.102264404297,213.564834594727,999.808410644531,999.808410644531,,,6.72733354568481,,1,0,0,0,0,32.7468223571777,2,1,1,212.040603637695,0,212.839684380425,,,3.66561017780582E-5,1.81795425629921E-6,3.66844319292093E-5,1.81801163663906E-6,0.885111749172211,0.891668200492859,20.9359912872314,5.25738460055436E-6,30,4,200,-0.000827868527267128,0.251949518918991,0.438047498464584,1,,,,,,,,,,,,,,,,
,3952665616.66115,209.734756469727,999.808410644531,,,6,,,,21.0694844757553,,,1,,,,,,,,,,,,,,,,,,,,,,208.869888305664,210.65478515625,999.808410644531,999.808410644531,,,6.72384977340698,,1,0,0,0,0,32.7468223571777,2,1,1,208.814727783203,0,209.798736572266,,,3.67565151610511E-5,1.82614481722191E-6,3.6777154858199E-5,1.8261844109834E-6,0.870903968811035,0.875084698200226,20.9463672637939,0.0693161860108376,30,4,200,-0.000775113643612713,0.223283722996712,0.413676530122757,1,,,,,,,,,,,,,,,,
,3952665635.18979,206.440765380859,999.808410644531,,,6,,,,21.0580921447573,,,1,,,,,,,,,,,,,,,,,,,,,,205.721160888672,207.215606689453,999.808410644531,999.808410644531,,,6.7199535369873,,1,0,0,0,0,32.2580642700195,2,1,1,205.665924072266,0,206.49673292372,,,3.75134635726014E-5,1.86158856210898E-6,3.7538684207989E-5,1.86163844005338E-6,0.880084216594696,0.885514438152313,20.9231433868408,,30,4,200,-0.000440267671365291,0.193478792905807,0.384591698646545,1,,,,,,,,,,,,,,,,
,3952665653.51388,203.475173950195,999.808410644531,,,6,,,,21.0467095686547,,,1,,,,,,,,,,,,,,,,,,,,,,202.718154907227,204.321685791016,999.808410644531,999.808410644531,,,6.71624326705933,,1,0,0,0,0.0141143798828125,32.2580642700195,2,1,1,202.628662109375,0,203.532604641385,,,3.78590560924851E-5,1.88102956932329E-6,3.78827675516935E-5,1.8810746545042E-6,0.87046492099762,0.875121891498566,20.9165782928467,0,30,4,200,-0.000352430361090228,0.171925336122513,0.36767116189003,1,,,,,,,,,,,,,,,,
,3952665671.73409,200.388938903809,999.808410644531,,,6,,,,21.0353409071235,,,1,,,,,,,,,,,,,,,,,,,,,,199.833206176758,201.165100097656,999.808410644531,999.808410644531,,,6.71125841140747,,1,0,0,0,0.0141143798828125,32.7468223571777,2,1,1,199.612777709961,0,200.576965332031,,,3.86955109313748E-5,1.92021445601481E-6,3.87247458488702E-5,1.92027197271154E-6,0.880223095417023,0.886352598667145,20.8921947479248,INF,30,4,200,-0.000517726992256939,0.14643083512783,0.343587160110474,1,,,,,,,,,,,,,,,,
,3952665690.16906,197.394920349121,999.808410644531,,,6,,,,21.0243413896804,,,1,,,,,,,,,,,,,,,,,,,,,,196.535598754883,198.29670715332,999.808410644531,999.808410644531,,,6.70702791213989,,1,0,0,0,0.0128173828125,32.7468223571777,2,1,1,196.493133544922,0,197.428344726562,,,3.92583240867153E-5,1.94753565237981E-6,3.92837469585889E-5,1.94758809167392E-6,0.882820844650269,0.888168215751648,20.8921241760254,0,30,4,200,-0.000530483201146126,0.119862943887711,0.320615142583847,1,,,,,,,,,,,,,,,,
,3952665708.55116,194.195785522461,999.808410644531,,,6,,,,21.0131731307217,,,1,,,,,,,,,,,,,,,,,,,,,,193.532501220703,195.071716308594,999.808410644531,999.808410644531,,,6.70218706130982,,1,0,0,0,0.0141143798828125,32.2580642700195,2,1,1,193.319854736328,0,194.325395584106,,,3.96391271396084E-5,1.96815348399013E-6,3.96661678252223E-5,1.96820842075901E-6,0.875656843185425,0.880951464176178,20.8775005340576,0,30,4,200,-0.000654010858852416,0.0900106281042099,0.294902980327606,1,,,,,,,,,,,,,,,,
,3952665726.88179,191.221084594727,999.808410644531,,,6,,,,21.0021356368584,,,1,,,,,,,,,,,,,,,,,,,,,,190.425674438477,192.016494750977,999.808410644531,999.808410644531,,,6.6974401473999,,1,0,0,0,0.0141143798828125,32.7468223571777,2,1,1,190.425674438477,0,191.213812934028,,,4.04282156098853E-5,2.00605453938685E-6,4.04575667322647E-5,2.00611468122806E-6,0.880813777446747,0.88671875,20.8620853424072,0,30,4,200,-0.000658969976939261,0.0597233213484287,0.265831410884857,1,,,,,,,,,,,,,,,,
,3952665745.28357,188.17756652832,999.808410644531,,,6,,,,20.9913022152292,,,1,,,,,,,,,,,,,,,,,,,,,,187.427322387695,188.975112915039,999.808410644531,999.808410644531,,,6.69221258163452,,1,0,0,0,0.0141143798828125,32.2580642700195,2,1,1,187.380020141602,0,188.255427042643,,,4.12574350114085E-5,2.04260438730517E-6,4.12873652150205E-5,2.04266394463963E-6,0.901187837123871,0.908433556556702,20.8508529663086,0.0837239697575569,30,4,200,-0.000166152211022563,0.02377799898386,0.23030212521553,1,,,,,,,,,,,,,,,,
,3952665763.64145,184.975921630859,999.808410644531,,,6,,,,20.9802299214912,,,1,,,,,,,,,,,,,,,,,,,,,,184.164993286133,185.825271606445,999.808410644531,999.808410644531,,,6.68702554702759,,1,0,0,0,0,32.2580642700195,2,1,1,184.126571655273,0,185.047754923503,,,4.25000294950546E-5,2.10255332016134E-6,4.25358283178692E-5,2.10262697209153E-6,0.908981919288635,0.918253540992737,20.82887840271,0,30,4,200,-0.00218134908936918,-0.00451808935031295,0.208352640271187,1,,,,,,,,,,,,,,,,
,3952665782.01855,182.017288208008,999.808410644531,,,6,,,,20.9697064640345,,,1,,,,,,,,,,,,,,,,,,,,,,181.237091064453,182.858489990234,999.808410644531,999.808410644531,,,6.68168544769287,,1,0,0,0,0.0141143798828125,32.2580642700195,2,1,1,181.176086425781,0,182.065170288086,,,4.2956714032393E-5,2.12530023847634E-6,4.29883654974145E-5,2.12536170874944E-6,0.908196985721588,0.916193842887878,20.828125,0,30,4,200,-0.00168893567752093,-0.0461774840950966,0.169036746025085,1,,,,,,,,,,,,,,,,
,3952665800.42654,178.906700134277,999.808410644531,,,6,,,,20.9590027476566,,,1,,,,,,,,,,,,,,,,,,,,,,178.156433105469,179.68571472168,999.808410644531,999.808410644531,,,6.67674016952515,,1,0,0,0,0,32.2580642700195,2,1,1,178.127685546875,0,178.907363891602,,,4.35936576175398E-5,2.15756930108974E-6,4.36252157528747E-5,2.15762470914091E-6,0.904487133026123,0.912031054496765,20.8185043334961,0.187406927347183,30,4,200,-0.00160033768042922,-0.0859407037496567,0.133699640631676,1,,,,,,,,,,,,,,,,
,3952665818.91064,175.75016784668,999.808410644531,,,6,,,,20.9484018245383,,,1,,,,,,,,,,,,,,,,,,,,,,175.034362792969,176.525970458984,999.808410644531,999.808410644531,,,6.67107391357422,,1,0,0,0,0.0141143798828125,32.7468223571777,2,1,1,174.974365234375,0,175.831132676866,,,4.43191289923737E-5,2.19277089034396E-6,4.43483139219822E-5,2.19282518330381E-6,0.907878339290619,0.914974868297577,20.8146133422852,0,30,4,200,-0.0017201635055244,-0.128822714090347,0.0943318009376526,1,,,,,,,,,,,,,,,,
,3952665837.163,172.819976806641,999.808410644531,,,6,,,,20.9379607524737,,,1,,,,,,,,,,,,,,,,,,,,,,172.030975341797,173.652725219727,999.808410644531,999.808410644531,,,6.66612720489502,,1,0,0,0,0,31.7693061828613,2,1,1,171.987228393555,0,172.865846421984,,,4.5087730019736E-5,2.23113991161359E-6,4.51205468749557E-5,2.23119908513067E-6,0.906250476837158,0.913987159729004,20.7971878051758,9.23578500078293E-6,30,4,200,-0.000757492147386074,-0.162143498659134,0.0622590146958828,1,,,,,,,,,,,,,,,,
,3952665855.5972,169.670448303223,999.808410644531,,,6,,,,20.927644261366,,,1,,,,,,,,,,,,,,,,,,,,,,168.835418701172,170.55403137207,999.808410644531,999.808410644531,,,6.65992450714111,,1,0,0,0,0.0141143798828125,32.2580642700195,2,1,1,168.786865234375,0,169.700998942057,,,4.61720305120608E-5,2.28351211437167E-6,4.62131844286585E-5,2.28359047225483E-6,0.912399530410767,0.922719180583954,20.771692276001,0.187281057238579,30,4,200,-0.00169225560966879,-0.188285142183304,0.0414261110126972,1,,,,,,,,,,,,,,,,
,3952665873.93961,166.532775878906,999.808410644531,,,6,,,,20.9171618854457,,,1,,,,,,,,,,,,,,,,,,,,,,165.725219726562,167.391784667969,999.808410644531,999.808410644531,,,6.65466260910034,,1,0,0,0,0.0141143798828125,32.2580642700195,2,1,1,165.673767089844,0,166.61760796441,,,4.68093282785277E-5,2.31511726838727E-6,4.68399986338059E-5,2.3151723312968E-6,0.911972165107727,0.9194056391716,20.7836265563965,0,30,4,200,-0.000798507127910852,-0.217467337846756,0.0134238190948963,1,,,,,,,,,,,,,,,,
,3952665892.35349,163.585823059082,999.808410644531,,,6,,,,20.9069059048316,,,1,,,,,,,,,,,,,,,,,,,,,,162.834930419922,164.385757446289,999.808410644531,999.808410644531,,,6.64925384521484,,1,0,0,0,0.0141143798828125,32.2580642700195,2,1,1,162.785888671875,0,163.568506876628,,,4.75916136763961E-5,2.3542304499419E-6,4.76254061928256E-5,2.35429557057226E-6,0.909969627857208,0.917833566665649,20.768123626709,0.0788376554846764,30,4,200,-0.000256806029938161,-0.235924035310745,-0.00200808071531355,1,,,,,,,,,,,,,,,,
,3952665910.75715,160.419319152832,999.808410644531,,,6,,,,20.8967399836882,,,1,,,,,,,,,,,,,,,,,,,,,,159.756195068359,161.25048828125,999.808410644531,999.808410644531,,,6.6429967880249,,1,0,0,0,0,32.7468223571777,2,1,1,159.588150024414,0,160.516223907471,,,4.84638787134528E-5,2.39629076624029E-6,4.84965222920835E-5,2.39635121982963E-6,0.915122807025909,0.923081696033478,20.7614212036133,0,30,4,200,-0.000270304328296334,-0.253400772809982,-0.0162983797490597,1,,,,,,,,,,,,,,,,
,3952665929.10403,157.371070861816,999.808410644531,,,6,,,,20.8867044179353,,,1,,,,,,,,,,,,,,,,,,,,,,156.618621826172,158.254272460938,999.808410644531,999.808410644531,,,6.63747262954712,,1,0,0,0,0.014190673828125,32.2580642700195,2,1,1,156.487869262695,0,157.375188191732,,,4.94239326226212E-5,2.44388254600377E-6,4.94615717080534E-5,2.44395014175298E-6,0.914540946483612,0.92354291677475,20.7426280975342,,30,4,200,-0.000212692466448061,-0.267998844385147,-0.0260802414268255,1,,,,,,,,,,,,,,,,
,3952665947.40442,154.410446166992,999.808410644531,,,6,,,,20.8766657942992,,,1,,,,,,,,,,,,,,,,,,,,,,153.664428710938,155.182174682617,999.808410644531,999.808410644531,,,6.63146352767944,,1,0,0,0,0,32.2580642700195,2,1,1,153.638717651367,0,154.439431084527,,,5.03833550215839E-5,2.49034153931118E-6,5.04175746228699E-5,2.49041176294744E-6,0.919253766536713,0.927708268165588,20.7410583496094,0.187171682715416,30,4,200,0.000359863945050165,-0.27887949347496,-0.034879419952631,1,,,,,,,,,,,,,,,,
,3952665965.7999,151.259666442871,999.808410644531,,,6,,,,20.8670269380527,,,1,,,,,,,,,,,,,,,,,,,,,,150.678268432617,152.042572021484,999.808410644531,999.808410644531,,,6.62627172470093,,1,0,0,0,0.0141143798828125,32.7468223571777,2,1,1,150.476760864258,0,151.421644210815,,,5.13162631814069E-5,2.53769335575473E-6,5.13556477244266E-5,2.53776528903074E-6,0.913448631763458,0.922389268875122,20.7224559783936,0,30,4,200,0.000125686754472554,-0.284635812044144,-0.0352815240621567,1,,,,,,,,,,,,,,,,
,3952665984.10717,148.444755554199,999.808410644531,,,6,,,,20.8571632363231,,,1,,,,,,,,,,,,,,,,,,,,,,147.738723754883,149.150787353516,999.808410644531,999.808410644531,,,6.62031507492065,,1,0,0,0,0.0141143798828125,32.2580642700195,2,1,1,147.738723754883,0,148.474939982096,,,5.2277625873591E-5,2.58473265594967E-6,5.23172769567186E-5,2.58480894273933E-6,0.915704905986786,0.924782812595367,20.7136211395264,4.55122184753418,30,4,200,-0.00046878686407581,-0.301519691944122,-0.0459145717322826,1,,,,,,,,,,,,,,,,
,3952666002.56788,145.353393554687,999.808410644531,,,6,,,,20.8473328968315,,,1,,,,,,,,,,,,,,,,,,,,,,144.555145263672,146.151641845703,999.808410644531,999.808410644531,,,6.6139965057373,,1,0,0,0,0,32.7468223571777,2,1,1,144.555145263672,0,145.356463962131,,,5.34814808308498E-5,2.64460503791439E-6,5.3525294154903E-5,2.64468729948653E-6,0.914158999919891,0.923819422721863,20.6979656219482,0,30,4,200,-0.00063547131139785,-0.320707857608795,-0.0599433481693268,1,,,,,,,,,,,,,,,,
,3952666020.93767,142.259048461914,999.808410644531,,,6,,,,20.837533330172,,,1,,,,,,,,,,,,,,,,,,,,,,141.684509277344,143.041732788086,999.808410644531,999.808410644531,,,6.60842275619507,,1,0,0,0,0.0141143798828125,32.2580642700195,2,1,1,141.476364135742,0,142.344228744507,,,5.45767660847253E-5,2.69748158993018E-6,5.4620161282019E-5,2.69756625933155E-6,0.919855415821075,0.929964542388916,20.6904716491699,4.54867792129517,30,4,200,-0.00068239460233599,-0.344316512346268,-0.0776148736476898,1,,,,,,,,,,,,,,,,
,3952666039.21768,139.211380004883,999.808410644531,,,6,,,,20.8279019372081,,,1,,,,,,,,,,,,,,,,,,,,,,138.412796020508,140.009963989258,999.808410644531,999.808410644531,,,6.60233163833618,,1,0,0,0,0,32.2580642700195,2,1,1,138.412796020508,0,139.176961263021,,,5.57018472040429E-5,2.75273444349585E-6,5.57412413797694E-5,2.75280357375267E-6,0.921472072601318,0.930643141269684,20.6890659332275,4.54852342605591,30,4,200,-0.00045845317072235,-0.364067494869232,-0.0924563258886337,1,,,,,,,,,,,,,,,,
,3952666057.62384,136.042778015137,999.808410644531,,,6,,,,20.8183732357527,,,1,,,,,,,,,,,,,,,,,,,,,,135.445404052734,136.828857421875,999.808410644531,999.808410644531,,,6.59593915939331,,1,0,0,0,0,32.2580642700195,2,1,1,135.256698608398,0,136.18901570638,,,5.69239853583178E-5,2.81330150497611E-6,5.6968272477755E-5,2.81337654395076E-6,0.920707583427429,0.930764496326447,20.6725635528564,0,30,4,200,-0.000522373185958713,-0.382802248001099,-0.10589137673378,1,,,,,,,,,,,,,,,,
,3952666076.05493,133.055366516113,999.808410644531,,,6,,,,20.8089041750643,,,1,,,,,,,,,,,,,,,,,,,,,,132.262725830078,133.848007202148,999.808410644531,999.808410644531,,,6.58961820602417,,1,0,0,0,0.0141143798828125,32.7468223571777,2,1,1,132.262725830078,0,133.02567715115,,,5.85948137046212E-5,2.89411346357922E-6,5.86460841031562E-5,2.89420832708197E-6,0.928757011890411,0.941698908805847,20.6543121337891,0.000212492115679197,30,4,200,-0.00196051714010537,-0.403148233890533,-0.117715664207935,1,,,,,,,,,,,,,,,,
,3952666094.4286,130.025276184082,999.808410644531,,,6,,,,20.799327632233,,,1,,,,,,,,,,,,,,,,,,,,,,129.224914550781,130.825637817383,999.808410644531,999.808410644531,,,6.58270978927612,,1,0,0,0,0,32.2580642700195,2,1,1,129.224914550781,0,130.032321506076,,,5.97527696051306E-5,2.95063498281388E-6,5.9797221073729E-5,2.95071467368593E-6,0.932009696960449,0.943475604057312,20.6568069458008,0.0883281901478767,30,4,200,-0.00176724488846958,-0.44803124666214,-0.157392010092735,1,,,,,,,,,,,,,,,,
,3952666112.8987,126.828178405762,999.808410644531,,,6,,,,20.790067305133,,,1,,,,,,,,,,,,,,,,,,,,,,126.04564666748,127.689437866211,999.808410644531,999.808410644531,,,6.57529783248901,,1,0,0,0,0,32.7468223571777,2,1,1,125.966918945313,0,126.862411499023,,,6.10287152743353E-5,3.01414149362708E-6,6.10751279150693E-5,3.01422729840393E-6,0.929628193378449,0.940882563591003,20.6460590362549,0,30,4,200,-0.000855847727507353,-0.477410078048706,-0.182976990938187,1,,,,,,,,,,,,,,,,
,3952666131.36797,123.719921112061,999.808410644531,,,6,,,,20.7808511116213,,,1,,,,,,,,,,,,,,,,,,,,,,123.031852722168,124.468505859375,999.808410644531,999.808410644531,,,6.56865215301514,,1,0,0,0,0.0141143798828125,32.7468223571777,2,1,1,122.971336364746,0,123.706870185004,,,6.26293600306778E-5,3.09264094742926E-6,6.26843208141348E-5,3.09274829131662E-6,0.932210803031921,0.945992767810822,20.6261882781982,4.54160642623901,30,4,200,-0.00199755653738976,-0.504951477050781,-0.201174095273018,1,,,,,,,,,,,,,,,,
,3952666149.80639,120.795703887939,999.808410644531,,,6,,,,20.7717771498123,,,1,,,,,,,,,,,,,,,,,,,,,,120.039260864258,121.628150939941,999.808410644531,999.808410644531,,,6.56133222579956,,1,0,0,0,0,32.2580642700195,2,1,1,119.963256835938,0,120.833401150174,,,6.39871582523848E-5,3.1601896319542E-6,6.4038829142892E-5,3.16029428692451E-6,0.929926633834839,0.941960990428925,20.6237030029297,0.174765422940254,30,4,200,-0.000706611492205411,-0.521858870983124,-0.213713571429253,1,,,,,,,,,,,,,,,,
,3952666168.04074,117.652000427246,999.808410644531,,,6,,,,20.7626554453522,,,1,,,,,,,,,,,,,,,,,,,,,,116.846343994141,118.457656860352,999.808410644531,999.808410644531,,,6.5538330078125,,1,0,0,0,0,32.2580642700195,2,1,1,116.846343994141,0,117.630297342936,,,6.54452347505545E-5,3.23160067227457E-6,6.54958895547788E-5,3.23169657608551E-6,0.932617008686066,0.944700181484222,20.6174583435059,,30,4,200,-0.000951423484366387,-0.546328246593475,-0.231251880526543,1,,,,,,,,,,,,,,,,
,3952666186.37819,114.6286277771,999.808410644531,,,6,,,,20.7537625690396,,,1,,,,,,,,,,,,,,,,,,,,,,113.770980834961,115.513221740723,999.808410644531,999.808410644531,,,6.54563570022583,,1,0,0,0,0,32.7468223571777,2,1,1,113.744033813477,0,114.662165323893,,,6.70898958700201E-5,3.31298713527737E-6,6.71428908978563E-5,3.31309475961358E-6,0.931835949420929,0.943982124328613,20.6073150634766,0,30,4,200,-0.000863540277350694,-0.567156493663788,-0.244944542646408,1,,,,,,,,,,,,,,,,
,3952666204.69614,111.566898345947,999.808410644531,,,6,,,,20.7448193913144,,,1,,,,,,,,,,,,,,,,,,,,,,110.774513244629,112.414665222168,999.808410644531,999.808410644531,,,6.53734493255615,,1,0,0,0,0.0128173828125,32.2580642700195,2,1,1,110.719131469727,0,111.59659491645,,,6.88180378008383E-5,3.39814798116155E-6,6.88748074543707E-5,3.39825809918937E-6,0.932607233524323,0.945563137531281,20.5949554443359,0.186978802084923,30,4,200,-0.00142810400575399,-0.595763027667999,-0.263576418161392,1,,,,,,,,,,,,,,,,
,3952666223.08912,108.375671386719,999.808410644531,,,6,,,,20.7360561211626,,,1,,,,,,,,,,,,,,,,,,,,,,107.609497070312,109.168449401855,999.808410644531,999.808410644531,,,6.5287880897522,,1,0,0,0,0.0141143798828125,32.2580642700195,2,1,1,107.582893371582,0,108.442520989312,,,7.05354480500004E-5,3.48311593249687E-6,7.05964958914372E-5,3.48323464464275E-6,0.931909441947937,0.945405244827271,20.5825595855713,0,30,4,200,-0.00138908135704696,-0.622359871864319,-0.281659424304962,1,,,,,,,,,,,,,,,,
,3952666241.51052,105.274757385254,999.808410644531,,,6,,,,20.7273405440448,,,1,,,,,,,,,,,,,,,,,,,,,,104.521743774414,106.098556518555,999.808410644531,999.808410644531,,,6.51967525482178,,1,0,0,0,0,32.7468223571777,2,1,1,104.450958251953,0,105.283187866211,,,7.25450743161687E-5,3.58152177918903E-6,7.26078422442804E-5,3.58163725060573E-6,0.935396313667297,0.949860334396362,20.573616027832,,30,4,200,-0.00202054181136191,-0.649131894111633,-0.297967791557312,1,,,,,,,,,,,,,,,,
,3952666259.91273,102.330059051514,999.808410644531,,,6,,,,20.7187454369407,,,1,,,,,,,,,,,,,,,,,,,,,,101.538536071777,103.178901672363,999.808410644531,999.808410644531,,,6.51062917709351,,1,0,0,0,0.000457763671875,32.2580642700195,2,1,1,101.481216430664,0,102.360109965007,,,7.4436128560475E-5,3.67481671559553E-6,7.44982323445221E-5,3.67493428642127E-6,0.93567031621933,0.949604570865631,20.5679740905762,0,30,4,200,-0.00168357172515243,-0.683877468109131,-0.324569463729858,1,,,,,,,,,,,,,,,,
,3952666278.33199,99.2421531677246,999.808410644531,,,6,,,,20.7102664947557,,,1,,,,,,,,,,,,,,,,,,,,,,98.5469131469727,99.9941253662109,999.808410644531,999.808410644531,,,6.50089597702026,,1,0,0,0,0.0141143798828125,32.2580642700195,2,1,1,98.4901809692383,0,99.2706400553385,,,7.64967931560329E-5,3.77597413208652E-6,7.65597906885126E-5,3.7760995710453E-6,0.938069045543671,0.952457308769226,20.5606098175049,0.0998464971780777,30,4,200,-0.00186383165419102,-0.718806922435761,-0.350631952285767,1,,,,,,,,,,,,,,,,
,3952666296.59528,96.2572593688965,999.808410644531,,,6,,,,20.7019742906261,,,1,,,,,,,,,,,,,,,,,,,,,,95.4494705200195,97.0650482177734,999.808410644531,999.808410644531,,,6.49069023132324,,1,0,0,0,0.0141143798828125,33.2355842590332,2,1,1,95.4494705200195,0,96.2430021497938,,,7.85990425598962E-5,3.87994211237873E-6,7.86651177966188E-5,3.88006979291217E-6,0.937251150608063,0.951754033565521,20.5507011413574,4.53328800201416,30,4,200,-0.00150093692354858,-0.747518956661224,-0.370460569858551,1,,,,,,,,,,,,,,,,
,3952666314.93976,93.1690139770508,999.808410644531,,,6,,,,20.6937837922196,,,1,,,,,,,,,,,,,,,,,,,,,,92.5716705322266,93.9532089233398,999.808410644531,999.808410644531,,,6.48073530197144,,1,0,0,0,0,34.2131004333496,2,1,1,92.3848190307617,0,93.2900686264038,,,8.07961553119239E-5,3.98811279939173E-6,8.08647243210071E-5,3.98825281373264E-6,0.938405454158783,0.95339161157608,20.5419235229492,4.80282324133441E-5,30,4,200,-0.00174256949685514,-0.780963718891144,-0.392015606164932,1,,,,,,,,,,,,,,,,
,3952666333.26284,90.085262298584,999.808410644531,,,6,,,,20.6857532258791,,,1,,,,,,,,,,,,,,,,,,,,,,89.3371887207031,90.8333358764648,999.808410644531,999.808410644531,,,6.46959114074707,,1,0,0,0,0.0128173828125,31.7693061828613,2,1,1,89.3371887207031,0,90.0574145846897,,,8.30885059333517E-5,4.1011060178772E-6,8.31601427293706E-5,4.10123542698459E-6,0.939031898975372,0.954597234725952,20.5323371887207,,30,4,200,-0.00104435381945223,-0.808568835258484,-0.412670999765396,1,,,,,,,,,,,,,,,,
,3952666351.75654,87.0217933654785,999.808410644531,,,6,,,,20.6778821380835,,,1,,,,,,,,,,,,,,,,,,,,,,86.2447967529297,87.8474884033203,999.808410644531,999.808410644531,,,6.45760917663574,,1,0,0,0,0.0141143798828125,32.7468223571777,2,1,1,86.1960983276367,0,87.0691223144531,,,8.56739876086131E-5,4.2276545663564E-6,8.57483377406187E-5,4.22778779074291E-6,0.943303525447846,0.960673272609711,20.5238132476807,0,30,4,200,-0.00224581430666149,-0.837782382965088,-0.426621854305267,1,,,,,,,,,,,,,,,,
,3952666370.20654,83.8826026916504,999.808410644531,,,6,,,,20.6696646258338,,,1,,,,,,,,,,,,,,,,,,,,,,83.1243438720703,84.6983337402344,999.808410644531,999.808410644531,,,6.44528722763062,,1,0,0,0,0.0141143798828125,32.7468223571777,2,1,1,83.0668716430664,0,83.9236738416884,,,8.83157134523837E-5,4.35794818726891E-6,8.8393581950208E-5,4.35810503563057E-6,0.943563401699066,0.961290895938873,20.5147094726562,0,30,4,200,-0.00224029109813273,-0.885985493659973,-0.462313026189804,1,,,,,,,,,,,,,,,,
,3952666388.41212,80.853214263916,999.808410644531,,,6,,,,20.6618673455696,,,1,,,,,,,,,,,,,,,,,,,,,,80.1448669433594,81.7391815185547,999.808410644531,999.808410644531,,,6.43206739425659,,1,0,0,0,0.0128173828125,32.2580642700195,2,1,1,79.9672470092773,0,80.9230175018311,,,9.0851931381741E-5,4.4834139801341E-6,9.09321787557738E-5,4.48357927652385E-6,0.942336916923523,0.959537804126739,20.5069274902344,,30,4,200,-0.00106083799619228,-0.904742121696472,-0.47286719083786,1,,,,,,,,,,,,,,,,
,3952666406.85768,77.603084564209,999.808410644531,,,6,,,,20.6543018806961,,,1,,,,,,,,,,,,,,,,,,,,,,76.7747268676758,78.4771728515625,999.808410644531,999.808410644531,,,6.41812992095947,,1,0,0,0,0.0128173828125,32.7468223571777,2,1,1,76.7289962768555,0,77.6489741007487,,,9.36361421683851E-5,4.62054438744808E-6,9.37191927159047E-5,4.62071150068606E-6,0.943341970443726,0.961097955703735,20.4989318847656,0,30,4,200,-0.00167144660372287,-0.929757356643677,-0.482703477144241,1,,,,,,,,,,,,,,,,
,3952666425.29792,74.5714683532715,999.808410644531,,,6,,,,20.646640773717,,,1,,,,,,,,,,,,,,,,,,,,,,73.8379440307617,75.353630065918,999.808410644531,999.808410644531,,,6.40294456481934,,1,0,0,0,0.0128173828125,32.2580642700195,2,1,1,73.789306640625,0,74.5759251912435,,,9.65510714348782E-5,4.76390275188912E-6,9.66366516814303E-5,4.7640611771854E-6,0.945141732692718,0.963838398456573,20.4910659790039,INF,30,4,200,-0.00141897262074053,-0.959495007991791,-0.500556647777557,1,,,,,,,,,,,,,,,,
,3952666443.62616,71.4070625305176,999.808410644531,,,6,,,,20.6391882198959,,,1,,,,,,,,,,,,,,,,,,,,,,70.5617523193359,72.2947235107422,999.808410644531,999.808410644531,,,6.38725709915161,,1,0,0,0,0,32.2580642700195,2,1,1,70.519401550293,0,71.4185104370117,,,9.96385480235252E-5,4.91653070507746E-6,9.97299846743727E-5,4.9166910123911E-6,0.94408106803894,0.963100373744965,20.4807167053223,4.20583091909066E-5,30,4,200,-0.00165510666556656,-0.987830102443695,-0.513507127761841,1,,,,,,,,,,,,,,,,
,3952666461.98472,68.2286338806152,999.808410644531,,,6,,,,20.6319076071865,,,1,,,,,,,,,,,,,,,,,,,,,,67.4392395019531,69.0180282592773,999.808410644531,999.808410644531,,,6.3702278137207,,1,0,0,0,0,32.2580642700195,2,1,1,67.4392395019531,0,68.2038133409288,,,0.00010273553445133,5.06903476542753E-6,0.000102830180164538,5.06922483299502E-6,0.945192992687225,0.964773833751678,20.4735622406006,4.52477216720581,30,4,200,-0.0017807106487453,0.106170669198036,0.594427227973938,1,,,,,,,,,,,,,,,,
,3952666480.41705,65.1651039123535,999.808410644531,,,6,,,,20.6247696589032,,,1,,,,,,,,,,,,,,,,,,,,,,64.3338394165039,66.0237503051758,999.808410644531,999.808410644531,,,6.35205268859863,,1,0,0,0,0,32.2580642700195,2,1,1,64.3064575195313,0,65.1721564398871,,,0.000106061493921959,5.23313409169099E-6,0.000106162289285928,5.23333059590333E-6,0.945213377475738,0.965638756752014,20.4638233184814,0.163293763995171,30,4,200,-0.000946125423070043,0.0782028883695602,0.579537689685822,1,,,,,,,,,,,,,,,,
,3952666498.89551,61.9651203155518,999.808410644531,,,6,,,,20.6178182440483,,,1,,,,,,,,,,,,,,,,,,,,,,61.203010559082,62.7870178222656,999.808410644531,999.808410644531,,,6.33052158355713,,1,0,0,0,0.0128173828125,32.2580642700195,2,1,1,61.1432228088379,0,61.995120578342,,,0.000109493587762104,5.40243268396074E-6,0.000109600957974478,5.4026232526956E-6,0.945361018180847,0.966840207576752,20.4540023803711,2.3820264339447,30,4,200,-0.00169105362147093,0.0529618822038174,0.573404133319855,1,,,,,,,,,,,,,,,,
,3952666517.32797,58.7217826843262,999.808410644531,,,6,,,,20.6106933329984,,,1,,,,,,,,,,,,,,,,,,,,,,57.9567756652832,59.5507850646973,999.808410644531,999.808410644531,,,6.30926990509033,,1,0,0,0,0.0141143798828125,34.2131004333496,2,1,1,57.8927803039551,0,58.8023647732205,,,0.000113068241779447,5.57880357543826E-6,0.000113182865334352,5.57904006815794E-6,0.945366024971008,0.967641294002533,20.4445877075195,3.47010573022999E-5,30,4,200,-0.000669690722133964,0.0249343849718571,0.558844387531281,1,,,,,,,,,,,,,,,,
,3952666535.57517,55.6443786621094,999.808410644531,,,6,,,,20.6040314452411,,,1,,,,,,,,,,,,,,,,,,,,,,54.8762016296387,56.4668197631836,999.808410644531,999.808410644531,,,6.28497695922852,,1,0,0,0,0,32.7468223571777,2,1,1,54.8219375610352,0,55.70203060574,,,0.000116636162463295,5.75456099445422E-6,0.000116752483085092,5.75477857347697E-6,0.946278035640717,0.968826711177826,20.4389667510986,3.62298169420683E-6,30,4,200,-0.00141163682565093,-0.000467669451609254,0.551998257637024,1,,,,,,,,,,,,,,,,
,3952666554.04662,52.5350875854492,999.808410644531,,,6,,,,20.5974009468798,,,1,,,,,,,,,,,,,,,,,,,,,,51.8046531677246,53.3356056213379,999.808410644531,999.808410644531,,,6.2589955329895,,1,0,0,0,0,32.2580642700195,2,1,1,51.7345695495605,0,52.607666015625,,,0.000120428557395128,5.94164241013401E-6,0.000120552345465086,5.94188307961262E-6,0.946360468864441,0.969880104064941,20.4299411773682,0,30,4,200,-0.000714565918315202,-0.0235316045582294,0.544348239898682,1,,,,,,,,,,,,,,,,
,3952666572.43723,49.4366912841797,999.808410644531,,,6,,,,20.5909249552513,,,1,,,,,,,,,,,,,,,,,,,,,,48.7139587402344,50.2650032043457,999.808410644531,999.808410644531,,,6.22839546203613,,1,0,0,0,0,32.7468223571777,2,1,1,48.6083793640137,0,49.4829779730903,,,0.000124334929907408,6.13416574232103E-6,0.000124464097061347,6.13443280829045E-6,0.946990370750427,0.9712935090065,20.422794342041,0,30,4,200,-0.000574128061998636,-0.0443059504032135,0.541652679443359,1,,,,,,,,,,,,,,,,
,3952666590.80676,46.3677978515625,999.808410644531,,,6,,,,20.5846123497974,,,1,,,,,,,,,,,,,,,,,,,,,,45.5770950317383,47.1972007751465,999.808410644531,999.808410644531,,,6.19627523422241,,1,0,0,0,0,32.2580642700195,2,1,1,45.5383949279785,0,46.3535414801704,,,0.000128160599781138,6.32262338916504E-6,0.000128290925092276,6.32288348752152E-6,0.947847068309784,0.972199678421021,20.4181537628174,0.186804428696632,30,4,200,-0.000628801877610385,-0.067495085299015,0.536595046520233,1,,,,,,,,,,,,,,,,
,3952666609.22399,43.0760803222656,999.808410644531,,,6,,,,20.5784909491854,,,1,,,,,,,,,,,,,,,,,,,,,,42.3884315490723,43.8535041809082,999.808410644531,999.808410644531,,,6.15902042388916,,1,0,0,0,0,32.7468223571777,2,1,1,42.298656463623,0,43.1751361423069,,,0.000132057853630552,6.51497526181536E-6,0.000132194049483997,6.51521557803923E-6,0.94759738445282,0.97240138053894,20.4104309082031,0.13109578192234,30,4,200,-0.000710868916939944,-0.0929019972681999,0.529469609260559,1,,,,,,,,,,,,,,,,
,3952666627.53802,40.0145320892334,999.808410644531,,,6,,,,20.5725846103776,,,1,,,,,,,,,,,,,,,,,,,,,,39.3165092468262,40.7556076049805,999.808410644531,999.808410644531,,,6.1168532371521,,1,0,0,0,0,32.7468223571777,2,1,1,39.2734565734863,0,40.0155656602648,,,0.000135999517158919,6.70928331794173E-6,0.000136141038813894,6.70955342702421E-6,0.948027014732361,0.97344845533371,20.4040412902832,0,30,4,200,-0.000613666954450309,-0.119739472866058,0.521997570991516,1,,,,,,,,,,,,,,,,
,3952666645.78513,36.9564056396484,999.808410644531,,,6,,,,20.5668903142507,,,1,,,,,,,,,,,,,,,,,,,,,,36.1863059997559,37.7812728881836,999.808410644531,999.808410644531,,,6.06899070739746,,1,0,0,0,0.0141143798828125,32.2580642700195,2,1,1,36.1315383911133,0,36.9657016330295,,,0.000139927650650949,6.90344416753129E-6,0.000140077986427847,6.90373302551707E-6,0.94699764251709,0.972632169723511,20.3956661224365,0.187541261315346,30,4,200,-0.000427752762334421,-0.13678514957428,0.521890163421631,1,,,,,,,,,,,,,,,,
,3952666664.15299,33.7656192779541,999.808410644531,,,6,,,,20.5613660443312,,,1,,,,,,,,,,,,,,,,,,,,,,33.033016204834,34.5766525268555,999.808410644531,999.808410644531,,,6.01367425918579,,1,0,0,0,0,32.7468223571777,2,1,1,32.9545860290527,0,33.8285119798448,,,0.00014396259492563,7.10230273929895E-6,0.000144117939927083,7.10262251779538E-6,0.947548806667328,0.97377473115921,20.3900032043457,0.136789083480835,30,4,200,-0.000782101240474731,-0.162289589643478,0.51585990190506,1,,,,,,,,,,,,,,,,
,3952666682.42909,30.603419303894,999.808410644531,,,6,,,,20.5560357257746,,,1,,,,,,,,,,,,,,,,,,,,,,29.8270683288574,31.4075756072998,999.808410644531,999.808410644531,,,5.94871377944946,,1,0,0,0,0.0141143798828125,32.7468223571777,2,1,1,29.7992630004883,0,30.624536090427,,,0.000147960939054908,7.29971716224061E-6,0.000148122672167804,7.30003213041635E-6,0.947142541408539,0.973563134670258,20.3833541870117,5.35269975662231,30,4,200,-0.000572094868402928,-0.186048671603203,0.510358929634094,1,,,,,,,,,,,,,,,,
,3952666700.89873,27.4799499511719,999.808410644531,,,6,,,,20.5509704334867,,,1,,,,,,,,,,,,,,,,,,,,,,26.7119636535645,28.3041172027588,999.808410644531,999.808410644531,,,5.87077665328979,,1,0,0,0,0.0141143798828125,32.2580642700195,2,1,1,26.655782699585,0,27.5164623260498,,,0.000151995056479813,7.4987128097694E-6,0.000152162958909816,7.49904517153392E-6,0.947216391563416,0.974109411239624,20.3774356842041,0,30,4,200,-0.000347495602909476,-0.205926775932312,0.507942676544189,1,,,,,,,,,,,,,,,,
,3952666711.00121,25.8582496643066,999.808410644531,,,6,,,,20.5509704334867,,,1,,,,,,,,,,,,,,,,,,,,,,25.0607166290283,26.655782699585,999.808410644531,999.808410644531,,,5.82133817672729,,1,0,0,0,0.0140380859375,32.2580642700195,2,1,1,25.0607166290283,0,25.8984214782715,,,0.000154246036467416,7.61015305251805E-6,0.000154424143230416,7.61051411540502E-6,0.946264088153839,0.97395521402359,20.3736381530762,,30,4,200,-0.000277571729384363,-0.216400668025017,0.508421063423157,1,,,,,,,,,,,,,,,,
,3952666729.99518,22.6819267272949,999.808410644531,,,6,,,,20.5433332774929,,,1,,,,,,,,,,,,,,,,,,,,,,21.9754199981689,23.4810028076172,999.808410644531,999.808410644531,,,5.70821237564087,,1,0,0,0,0.0141143798828125,32.2580642700195,2,1,1,21.8828506469727,0,22.7524378034804,,,0.000158559796629256,7.82254068025036E-6,0.00015873727504003,7.8228984014951E-6,0.94732004404068,0.974842309951782,20.3687114715576,3.52314918927732E-6,30,4,200,-4.01464276365004E-5,-0.233436316251755,0.510344326496124,1,,,,,,,,,,,,,,,,
,3952666739.72549,21.0482931137085,999.808410644531,,,6,,,,20.5433332774929,,,1,,,,,,,,,,,,,,,,,,,,,,20.372371673584,21.8828506469727,999.808410644531,999.808410644531,,,5.63973808288574,,1,0,0,0,0.0128173828125,33.2355842590332,2,1,1,20.2137355804443,0,21.1827233632406,,,0.00016082769659521,7.93475972712907E-6,0.000161014946020826,7.93509940232973E-6,0.946538090705872,0.975090622901917,20.3648471832275,0.186820283532143,30,4,200,-0.000264141068328172,-0.242897763848305,0.511909306049347,1,,,,,,,,,,,,,,,,
,3952666758.30245,17.9850921630859,999.808410644531,,,6,,,,20.5363245451156,,,1,,,,,,,,,,,,,,,,,,,,,,17.2621116638184,18.7451667785645,999.808410644531,999.808410644531,,,5.46381330490112,,1,0,0,0,0.0128173828125,32.7468223571777,2,1,1,17.2250175476074,0,17.9958169725206,,,0.00016515930239901,8.14848668255905E-6,0.00016535245237477,8.14887971693172E-6,0.946495115756989,0.974988758563995,20.357852935791,4.51196765899658,30,4,200,-0.000319415761623532,-0.261253535747528,0.513705372810364,1,,,,,,,,,,,,,,,,
,3952666767.97422,16.4152235984802,999.808410644531,,,6,,,,20.5363245451156,,,1,,,,,,,,,,,,,,,,,,,,,,15.739520072937,17.2250175476074,999.808410644531,999.808410644531,,,5.3391580581665,,1,0,0,0,0.0128173828125,32.2580642700195,2,1,1,15.605429649353,0,16.4753470950656,,,0.000167322898219347,8.25534170305737E-6,0.000167523761434002,8.25571501212595E-6,0.946244776248932,0.975821375846863,20.3551578521729,0.147427096962929,30,4,200,1.6824636986712E-5,-0.269378572702408,0.514884471893311,1,,,,,,,,,,,,,,,,
,3952666786.22684,13.412257194519,999.808410644531,,,6,,,,20.5298150008844,,,1,,,,,,,,,,,,,,,,,,,,,,12.7721767425537,14.1272020339966,999.808410644531,999.808410644531,,,5.03079032897949,,1,0,0,0,0.0128173828125,32.7468223571777,2,1,1,12.6973123550415,0,13.4696807861328,,,0.000167652552440722,8.27210277338798E-6,0.000167860236100889,8.27252028017686E-6,0.945146560668945,0.97473818063736,20.3460521697998,0,30,4,200,-0.00013716945250053,-0.267219126224518,0.522034704685211,1,,,,,,,,,,,,,,,,
,3952666796.16201,11.874683380127,999.808410644531,,,6,,,,20.5298150008844,,,1,,,,,,,,,,,,,,,,,,,,,,11.1067724227905,12.6973123550415,999.808410644531,999.808410644531,,,4.81690883636475,,1,0,0,0,0.0128173828125,32.2580642700195,2,1,1,11.0520544052124,0,11.8447304725647,,,0.000160660227818021,7.92894263055297E-6,0.000160884290515556,7.92937551584459E-6,0.941067039966583,0.971703767776489,20.3346557617187,0,30,4,200,-0.000273761310381815,-0.240700975060463,0.520301163196564,1,,,,,,,,,,,,,,,,
,3952666814.93816,9.52408504486084,999.808410644531,,,6,,,,20.5234948484357,,,1,,,,,,,,,,,,,,,,,,,,,,9.2500467300415,9.82911109924316,999.808410644531,999.808410644531,,,4.4954252243042,,1,0,0,0,0.0141143798828125,32.7468223571777,6,1,1,9.21905899047852,0,9.57834476894802,,,0.0001487879657494,7.3437960660489E-6,0.000149018092984077,7.34425517022546E-6,0.9393070936203,0.973088562488556,20.3180713653564,1.52664470078889E-5,30,4,200,-9.19420344871469E-5,-0.181486308574677,0.519050061702728,1,,,,,,,,,,,,,,,,
,3952666824.70114,9.03709506988525,999.808410644531,,,6,,,,20.5234948484357,,,1,,,,,,,,,,,,,,,,,,,,,,8.85513114929199,9.21905899047852,999.808410644531,999.808410644531,,,4.40219783782959,,1,0,0,0,0.0141143798828125,32.2580642700195,6,1,1,8.85513114929199,0,9.02070760726929,,,0.000146899548001812,7.25074804541815E-6,0.000147132361552923,7.25122039380539E-6,0.938944458961487,0.973587989807129,20.3156070709229,,30,4,200,-0.000257816311204806,-0.171637147665024,0.518193662166595,1,,,,,,,,,,,,,,,,
,3952666843.31537,8.87413930892944,999.808410644531,,,6,,,,20.5165544148062,,,1,,,,,,,,,,,,,,,,,,,,,,8.85983276367187,8.89644718170166,999.808410644531,999.808410644531,,,4.32212162017822,,1,0,0,0,0.0141143798828125,32.7468223571777,6,1,1,8.85208225250244,0,8.88134932518005,,,0.00014630976482787,7.22123904461788E-6,0.000146533414721084,7.22168356847165E-6,0.939850687980652,0.973684728145599,20.3123111724854,0,30,4,200,-0.000590182607993484,-0.173858478665352,0.512232482433319,1,,,,,,,,,,,,,,,,
,3952666852.99425,8.77176761627197,999.808410644531,,,6,,,,20.5165544148062,,,1,,,,,,,,,,,,,,,,,,,,,,8.70843124389648,8.8504638671875,999.808410644531,999.808410644531,,,4.28716611862183,,1,0,0,0,0.0141143798828125,32.2580642700195,6,1,1,8.69307136535645,0,8.78345966339111,,,0.000145884558979509,7.20032826867057E-6,0.000146108604517099,7.20074591301602E-6,0.939676582813263,0.973691701889038,20.3115692138672,2.95658101094887E-5,30,4,200,-0.000654298113659024,-0.176067903637886,0.5081467628479,1,,,,,,,,,,,,,,,,
,3952666863.07039,8.5493803024292,999.808410644531,,,6,,,,20.5165544148062,,,1,,,,,,,,,,,,,,,,,,,,,,8.45382118225098,8.68589973449707,999.808410644531,999.808410644531,,,4.25491619110107,,1,0,0,0,0.0141143798828125,32.7468223571777,6,1,1,8.41286087036133,0,8.60802396138509,,,0.000145357278993062,7.17359976643795E-6,0.000145569259129252,7.17400349758672E-6,0.941320240497589,0.97456282377243,20.3168792724609,0,30,4,200,0.000414677982917055,-0.177763879299164,0.504232823848724,1,,,,,,,,,,,,,,,,
,3952666881.65911,6.12563991546631,999.808410644531,,,6,,,,20.5115502948991,,,1,,,,,,,,,,,,,,,,,,,,,,5.39777374267578,6.98201417922974,999.808410644531,999.808410644531,,,3.81792140007019,,1,0,0,0,0.0141143798828125,32.7468223571777,6,1,1,5.26926565170288,0,6.20131725735134,,,0.000142245957486618,7.02204003914432E-6,0.000142487826162874,7.02253053242339E-6,0.936696827411652,0.97248762845993,20.2961273193359,2.36128380493028E-5,30,4,200,0.00248333625495434,-0.150411576032639,0.528565526008606,1,,,,,,,,,,,,,,,,
,3952666891.44553,4.73424172401428,999.808410644531,,,6,,,,20.5115502948991,,,1,,,,,,,,,,,,,,,,,,,,,,4.19972515106201,5.26926565170288,999.808410644531,999.808410644531,,,3.53565788269043,,1,0,0,0,0.0128173828125,32.7468223571777,6,1,1,4.19921779632568,0,4.57129775153266,,,0.000142066854710127,7.01891115947613E-6,0.000142368211538822,7.01953075839476E-6,0.924973368644714,0.960222959518433,20.27099609375,5.34517908096313,30,4,200,0.00162479456048459,-0.116935014724731,0.567096829414368,1,,,,,,,,,,,,,,,,
,3952666901.08818,4.20659494400024,999.808410644531,,,6,,,,20.5115502948991,,,1,,,,,,,,,,,,,,,,,,,,,,4.17202758789063,4.21362590789795,999.808410644531,999.808410644531,,,3.46724987030029,,1,0,0,0,0.0128173828125,32.7468223571777,6,1,1,4.21465253829956,0,4.19671657350328,,,0.000142195056399009,7.02162457622639E-6,0.000142471556086107,7.02220448763371E-6,0.932157099246979,0.970120012760162,20.2813262939453,5.34803342819214,30,4,200,-0.00167730520479381,-0.110015392303467,0.560599088668823,1,,,,,,,,,,,,,,,,
,3952666911.03689,4.20779466629028,999.808410644531,,,6,,,,20.5115502948991,,,1,,,,,,,,,,,,,,,,,,,,,,4.19900941848755,4.21465253829956,999.808410644531,999.808410644531,,,3.39982008934021,,1,0,0,0,0.0128173828125,32.2580642700195,6,1,1,4.20093679428101,0,4.20250291824341,,,0.000142075130450822,7.0153651970902E-6,0.000142348621612389,7.01592682332045E-6,0.932869791984558,0.971187472343445,20.2823848724365,0,30,4,200,-0.00111742038279772,-0.117711693048477,0.549753785133362,1,,,,,,,,,,,,,,,,
,3952666920.98002,4.20137000083923,999.808410644531,,,6,,,,20.5115502948991,,,1,,,,,,,,,,,,,,,,,,,,,,4.1988468170166,4.20145845413208,999.808410644531,999.808410644531,,,3.37163281440735,,1,0,0,0,0.0141143798828125,32.7468223571777,5,1,1,4.20180320739746,0,4.19992971420288,,,0.000142080735391753,7.01550406922745E-6,0.00014235277970401,7.016054985104E-6,0.933159410953522,0.971563637256622,20.2829303741455,0.186971113085747,30,4,200,-0.0013033450813964,-0.127336710691452,0.540088534355164,1,,,,,,,,,,,,,,,,
,3952666930.63296,4.20159673690796,999.808410644531,,,6,,,,20.5115502948991,,,1,,,,,,,,,,,,,,,,,,,,,,4.19835996627808,4.20180320739746,999.808410644531,999.808410644531,,,3.36498975753784,,1,0,0,0,0.0128173828125,32.2580642700195,5,1,1,4.20139026641846,0,4.20011319054498,,,0.000142064141792147,7.0144026447785E-6,0.000142331715256657,7.01494256169406E-6,0.933764755725861,0.971946597099304,20.2847900390625,0,30,4,200,-0.00132382975425571,-0.138197809457779,0.529596924781799,1,,,,,,,,,,,,,,,,
,3952666940.70213,4.20074677467346,999.808410644531,,,6,,,,20.5115502948991,,,1,,,,,,,,,,,,,,,,,,,,,,4.19814157485962,4.20118093490601,999.808410644531,999.808410644531,,,3.3637843132019,,1,0,0,0,0.0128173828125,32.2580642700195,5,1,1,4.20031261444092,0,4.1997597694397,,,0.000142111662557894,7.01674482438628E-6,0.000142378664439177,7.01727614902459E-6,0.933771908283234,0.971842885017395,20.2849941253662,0,30,4,200,-0.00126803363673389,-0.148021534085274,0.519593119621277,1,,,,,,,,,,,,,,,,
,3952666950.72849,4.20043134689331,999.808410644531,,,6,,,,20.5115502948991,,,1,,,,,,,,,,,,,,,,,,,,,,4.19854784011841,4.20077896118164,999.808410644531,999.808410644531,,,3.36274242401123,,1,0,0,0,0.0128173828125,32.2580642700195,5,1,1,4.20075130462646,0,4.19980250464545,,,0.0001420903888378,7.01573629176435E-6,0.000142358290106666,7.01628177124045E-6,0.93367463350296,0.971775412559509,20.284725189209,4.50385665893555,30,4,200,-0.00114146526902914,-0.157437115907669,0.509905099868774,1,,,,,,,,,,,,,,,,
,3952666960.35822,4.20070004463196,999.808410644531,,,6,,,,20.5115502948991,,,1,,,,,,,,,,,,,,,,,,,,,,4.1984133720398,4.20131778717041,999.808410644531,999.808410644531,,,3.36351132392883,,1,0,0,0,0.0128173828125,32.7468223571777,5,1,1,4.20064878463745,0,4.19992680019802,,,0.000142089117556852,7.0156435895275E-6,0.000142356503228151,7.01621521768475E-6,0.933742821216583,0.971676707267761,20.2851676940918,1,30,4,200,-0.00111906579695642,-0.166285023093224,0.500995516777039,1,,,,,,,,,,,,,,,,
,3952666970.03435,4.20064330101013,999.808410644531,,,6,,,,20.5115502948991,,,1,,,,,,,,,,,,,,,,,,,,,,4.19874906539917,4.20140743255615,999.808410644531,999.808410644531,,,3.36198163032532,,1,0,0,0,0.0128173828125,32.7468223571777,1,1,1,4.20094585418701,0,4.20000484254625,,,0.000142120702679357,7.01733491881446E-6,0.000142389070054922,7.01788280461061E-6,0.933468043804169,0.971380293369293,20.2845363616943,1.03114725789055E-5,30,4,200,-0.000987974810414016,-0.174067199230194,0.493257939815521,1,,,,,,,,,,,,,,,,
