[Header]
; MPMS3 Data File (default extension .dat)
; Copyright (c) 2007, Quantum Design, Inc. All rights reserved.
TITLE,
FILEOPENTIME,3952317644.92102,03/28/2025,9:59 am
BYAPP,MPMS3 w/ AC,1.0,1.1
INFO,MPMS3 Measurement Release 1.2.2 Build 0, MultiVu Release 2.3.5.2,APPNAME
INFO,Linear Motor Servo Controller,MOTOR_MODULE_NAME
INFO,3101-100 N4,MOTOR_HW_VERSION
INFO,MMC1299,MOTOR_SERIAL_NUMBER
INFO,01.04.28,MOTOR_SOFTWARE_VERSION
INFO,Quantum Design Squid Module,SQUID_MODULE_NAME
INFO,3101-501 B0,SQUID_HW_VERSION
INFO,SQM364,SQUID_SERIAL_NUMBER
INFO,01.03.04,SQUID_SOFTWARE_VERSION
INFO,Quantum Design VSM Oven,OVEN_MODULE_NAME
INFO,3101-201 A3,OVEN_HW_VERSION
INFO,OVB387,OVEN_SERIAL_NUMBER
INFO,01.07.07,OVEN_SOFTWARE_VERSION
INFO,SQUID AC,AC_MODULE_NAME
INFO,3101-401 G0,AC_HW_VERSION
INFO,SAC242,AC_SERIAL_NUMBER
INFO,SQUID AC 00.95.11,AC_SOFTWARE_VERSION
INFO,TCI374,COIL_SERIAL_NUMBER
INFO,0,MOMENT_UNITS
INFO,RuCl3,SAMPLE_MATERIAL
INFO,TB001a,SAMPLE_COMMENT
INFO,1.8,SAMPLE_MASS
INFO,,SAMPLE_VOLUME
INFO,,SAMPLE_MOLECULAR_WEIGHT
INFO,,SAMPLE_SIZE
INFO,polycrystalline,SAMPLE_SHAPE
INFO,Straw,SAMPLE_HOLDER
INFO,Standard,SAMPLE_HOLDER_DETAIL
INFO,70.63,SAMPLE_OFFSET
DATATYPE,COMMENT,1
DATATYPE,TIME,2
STARTUPAXIS,X,2
STARTUPAXIS,Y1,5
FIELDGROUP, VSM,2,3,4,5,6,8,9,10,11,14,15
FIELDGROUP, DC, 2,3,4,14,56,57,58,59,60,61,62,63,64,65,66,67,68,69
FIELDGROUP, AC, 2,3,4,11,16,17,18,19,20,21,22,23,24,25,26,27,28,29,30
STARTUPGROUP, All
[Data]
Comment,Time Stamp (sec),Temperature (K),Magnetic Field (Oe),Moment (emu),M. Std. Err. (emu),Transport Action,Averaging Time (sec),Frequency (Hz),Peak Amplitude (mm),Center Position (mm),Lockin Signal' (V),Lockin Signal (V),Range,M. Quad. Signal (emu),AC Moment (emu),AC M. Std Err. (emu),AC Phase (deg),AC Phase Std. Err. (deg),AC Susceptibility (emu/Oe),AC Suscept. Std Err. (emu/Oe),AC X' (emu/Oe),AC X' Std Err. (emu/Oe),AC X'' (emu/Oe),AC X'' Std Err. (emu/Oe),AC Drive (Oe),AC Frequency (Hz),AC Averaging Time (sec),AC Cycles,AC Range,AC Measure Type,AC Signal' (V),AC Signal'' (V),AC Trim Coil Ratio,AC Trim Coil Phase,Min. Temperature (K),Max. Temperature (K),Min. Field (Oe),Max. Field (Oe),Mass (grams),Motor Lag (deg),Pressure (Torr),Measure Count,Measurement Number,SQUID Status (code),Motor Status (code),Measure Status (code),Motor Current (amps),Motor Temp. (C),Temp. Status (code),Field Status (code),Chamber Status (code),Chamber Temp (K),Redirection State,Average Temp (K),Rotation Angle (deg),Rotator state,DC Moment Fixed Ctr (emu),DC Moment Err Fixed Ctr (emu),DC Moment Free Ctr (emu),DC Moment Err Free Ctr (emu),DC Fixed Fit,DC Free Fit,DC Calculated Center (mm),DC Calculated Center Err (mm),DC Scan Length (mm),DC Scan Time (s),DC Number of Points,DC Squid Drift,DC Min V (V),DC Max V (V),DC Scans per Measure,Map 01,Map 02,Map 03,Map 04,Map 05,Map 06,Map 07,Map 08,Map 09,Map 10,Map 11,Map 12,Map 13,Map 14,Map 15,Map 16
,3952317658.78294,299.965942382812,999.917663574219,,,6,,,,17.2200489044189,,,1,,,,,,,,,,,,,,,,,,,,,,299.962219238281,299.97705078125,999.917663574219,999.917663574219,,,7.49175405502319,,1,0,0,0,0,30.3030319213867,1,1,1,299.961822509766,0,299.971720377604,,,3.76350247382728E-5,1.96573298115393E-6,3.76359775356822E-5,1.96573716226784E-6,0.667868733406067,0.667930841445923,17.2491607666016,0,30,4,200,-0.00307917105965316,-0.621548771858215,-0.431968003511429,1,,,,,,,,,,,,,,,,
,3952317675.54423,299.836074829102,999.917663574219,,,6,,,,17.2200489044189,,,1,,,,,,,,,,,,,,,,,,,,,,299.720733642578,299.968048095703,999.917663574219,999.917663574219,,,7.49358892440796,,1,0,0,0,0,30.7917900085449,2,1,1,299.7041015625,0,299.866980658637,,,3.76369523225203E-5,1.96531643798235E-6,3.76380525681105E-5,1.96532084223566E-6,0.668574810028076,0.668647348880768,17.2514457702637,0,30,4,200,-0.0022740054409951,-0.631550908088684,-0.447088420391083,1,,,,,,,,,,,,,,,,
,3952317685.25956,299.427597045898,999.917663574219,,,6,,,,17.2200489044189,,,1,,,,,,,,,,,,,,,,,,,,,,299.202026367188,299.689605712891,999.917663574219,999.917663574219,,,7.49337720870972,,1,0,0,0,0,30.3030319213867,2,1,1,299.165588378906,0,299.47400241428,,,3.77271440348774E-5,1.97017273476322E-6,3.77288551049298E-5,1.97017941826251E-6,0.668374061584473,0.668486714363098,17.2592163085938,0,30,4,200,-0.00220684963278472,-0.652627766132355,-0.467917501926422,1,,,,,,,,,,,,,,,,
,3952317703.45597,298.101501464844,999.917663574219,,,6,,,,17.2108941194192,,,1,,,,,,,,,,,,,,,,,,,,,,297.720642089844,298.505126953125,999.917663574219,999.917663574219,,,7.49029397964478,,1,0,0,0,0,29.8142719268799,2,1,1,297.697875976562,0,298.146657307943,,,3.77725590062497E-5,1.9720063684365E-6,3.77748933250236E-5,1.97201339629613E-6,0.669107615947723,0.669264376163483,17.257022857666,0,30,4,200,-0.00173294800333679,-0.687095940113068,-0.504320681095123,1,,,,,,,,,,,,,,,,
,3952317721.74314,296.309432983398,999.917663574219,,,6,,,,17.2017253725267,,,1,,,,,,,,,,,,,,,,,,,,,,295.790313720703,296.870727539063,999.917663574219,999.917663574219,,,7.48261165618897,,1,0,0,0,0,30.3030319213867,2,1,1,295.748138427734,0,296.360120985243,,,3.84606428719339E-5,2.01283250844844E-6,3.84613062753533E-5,2.01283466717538E-6,0.662623524665833,0.662666022777557,17.2260971069336,0.0698804706335068,30,4,200,-0.000944946950767189,-0.719360828399658,-0.530673921108246,1,,,,,,,,,,,,,,,,
,3952317740.0144,293.881011962891,999.917663574219,,,6,,,,17.190157835766,,,1,,,,,,,,,,,,,,,,,,,,,,293.37353515625,294.5859375,999.917663574219,999.917663574219,,,7.46690464019775,,1,0,0,0,0,29.8142719268799,2,1,1,293.176086425781,0,293.979309082031,,,3.8028522592253E-5,1.98462044957895E-6,3.80397743408145E-5,1.98465727231958E-6,0.67012494802475,0.670875072479248,17.2907409667969,,30,4,200,-0.00359946698881686,-0.751645386219025,-0.556977868080139,1,,,,,,,,,,,,,,,,
,3952317758.6071,290.781402587891,999.917663574219,,,6,,,,17.1755452405934,,,1,,,,,,,,,,,,,,,,,,,,,,290.003997802734,291.620666503906,999.917663574219,999.917663574219,,,7.4521279335022,,1,0,0,0,0,29.8142719268799,2,1,1,289.942138671875,0,290.82216389974,,,3.807464376347E-5,1.98929733086672E-6,3.80831526083877E-5,1.9893242132649E-6,0.667058765888214,0.667620003223419,17.2631816864014,0,30,4,200,-0.00213978649117053,0.330068737268448,0.515573978424072,1,,,,,,,,,,,,,,,,
,3952317776.89255,287.684692382813,999.917663574219,,,6,,,,17.1600561967275,,,1,,,,,,,,,,,,,,,,,,,,,,286.871398925781,288.5625,999.917663574219,999.917663574219,,,7.43989086151123,,1,0,0,0,0,29.8142719268799,2,1,1,286.806884765625,0,287.698184543186,,,3.81820878677619E-5,1.9953752135992E-6,3.81938182940867E-5,1.99541409824204E-6,0.666437268257141,0.667204916477203,17.2626476287842,0.197882041335106,30,4,200,-0.00203170091845095,0.293696373701096,0.478625804185867,1,,,,,,,,,,,,,,,,
,3952317795.15376,284.356002807617,999.917663574219,,,6,,,,17.1450090508598,,,1,,,,,,,,,,,,,,,,,,,,,,283.478240966797,285.233764648438,999.917663574219,999.917663574219,,,7.42819595336914,,1,0,0,0,0,30.3030319213867,2,1,1,283.478240966797,0,284.353624131944,,,3.83526283312339E-5,2.00442198339663E-6,3.83712928948885E-5,2.00448160003265E-6,0.666259706020355,0.667478740215302,17.2742652893066,0,30,4,200,-0.0017390021821484,0.260748326778412,0.444987386465073,1,,,,,,,,,,,,,,,,
,3952317813.57032,280.971450805664,999.917663574219,,,6,,,,17.1307892006809,,,1,,,,,,,,,,,,,,,,,,,,,,280.106719970703,281.867767333984,999.917663574219,999.917663574219,,,7.41746759414673,,1,0,0,0,0,30.3030319213867,2,1,1,280.075134277344,0,280.926310221354,,,3.84390521280909E-5,2.00981916032665E-6,3.8465116707006E-5,2.009896385185E-6,0.665095388889313,0.666795909404755,17.2837619781494,0.197999626398087,30,4,200,-0.00182756956201047,0.227755188941956,0.413091748952866,1,,,,,,,,,,,,,,,,
,3952317831.93495,277.580825805664,999.917663574219,,,6,,,,17.1158257050926,,,1,,,,,,,,,,,,,,,,,,,,,,276.983642578125,278.48779296875,999.917663574219,999.917663574219,,,7.40803527832031,,1,0,0,0,0,29.8142719268799,2,1,1,276.673858642578,0,277.705576578776,,,3.86424547289886E-5,2.02104956111107E-6,3.86752633197305E-5,2.02115459506134E-6,0.664315700531006,0.666429996490478,17.2865867614746,0.0723326876759529,30,4,200,-0.00147926795762032,0.198229432106018,0.381847470998764,1,,,,,,,,,,,,,,,,
,3952317850.33507,274.102081298828,999.917663574219,,,6,,,,17.1003258499271,,,1,,,,,,,,,,,,,,,,,,,,,,273.168121337891,275.068481445313,999.917663574219,999.917663574219,,,7.39890050888062,,1,0,0,0,0,28.8367557525635,2,1,1,273.135681152344,0,274.169498019748,,,3.88102145056803E-5,2.03064187744378E-6,3.88514089388148E-5,2.03077747998524E-6,0.66325181722641,0.665881991386414,17.291088104248,0.00913170073181391,30,4,200,-0.00176965072751045,0.167926594614983,0.354405134916306,1,,,,,,,,,,,,,,,,
,3952317868.78985,270.486526489258,999.917663574219,,,6,,,,17.0856661082013,,,1,,,,,,,,,,,,,,,,,,,,,,269.544616699219,271.458038330078,999.917663574219,999.917663574219,,,7.38961029052734,,1,0,0,0,0,29.8142719268799,2,1,1,269.515014648438,0,270.478023952908,,,3.88968294269697E-5,2.0358198568518E-6,3.8949792094285E-5,2.03599257524102E-6,0.66241729259491,0.665787041187286,17.3017902374268,0.198192551732063,30,4,200,-0.00133701844606549,0.14284411072731,0.327212363481522,1,,,,,,,,,,,,,,,,
,3952317887.2235,267.03108215332,999.917663574219,,,6,,,,17.0713182823754,,,1,,,,,,,,,,,,,,,,,,,,,,266.303436279297,267.819152832031,999.917663574219,999.917663574219,,,7.38157224655151,,1,0,0,0,0,30.3030319213867,2,1,1,266.243011474609,0,267.072899712457,,,3.90762390156071E-5,2.04548267508467E-6,3.9137943561894E-5,2.04567743325433E-6,0.662068068981171,0.665982842445374,17.3042469024658,0.00997953489422798,30,4,200,-0.00190793548244983,0.120837189257145,0.309732556343079,1,,,,,,,,,,,,,,,,
,3952317905.61355,263.98664855957,999.917663574219,,,6,,,,17.0578018976557,,,1,,,,,,,,,,,,,,,,,,,,,,263.253479003906,264.816925048828,999.917663574219,999.917663574219,,,7.37340211868286,,1,0,0,0,0,29.8142719268799,2,1,1,263.156372070313,0,264.023566351997,,,3.91780854344042E-5,2.05219038188674E-6,3.92498374400268E-5,2.05242489588508E-6,0.660314798355103,0.664819836616516,17.3084774017334,4.16034603118897,30,4,200,-0.00165373866911978,0.105342611670494,0.293046802282333,1,,,,,,,,,,,,,,,,
,3952317924.03023,260.837463378906,999.917663574219,,,6,,,,17.0441315344008,,,1,,,,,,,,,,,,,,,,,,,,,,260.021728515625,261.712310791016,999.917663574219,999.917663574219,,,7.3654351234436,,1,0,0,0,0,29.8142719268799,2,1,1,259.962615966797,0,260.912587483724,,,3.90366369672816E-5,2.04591953593227E-6,3.91126470477265E-5,2.04616152147147E-6,0.658869206905365,0.663643717765808,17.3028182983398,0.0105480756610632,30,4,200,-0.00201519182883203,0.0780042931437492,0.268451809883118,1,,,,,,,,,,,,,,,,
,3952317942.32237,257.828826904297,999.917663574219,,,6,,,,17.0309920364443,,,1,,,,,,,,,,,,,,,,,,,,,,257.228393554687,258.633758544922,999.917663574219,999.917663574219,,,7.3581109046936,,1,0,0,0,0,29.3255138397217,2,1,1,257.023895263672,0,257.899982452393,,,3.89112156080779E-5,2.03935341969506E-6,3.89932544786516E-5,2.03960114584829E-6,0.658860445022583,0.664050877094269,17.3003158569336,0.00207010190933943,30,4,200,-0.000682297628372908,0.051559753715992,0.2403784096241,1,,,,,,,,,,,,,,,,
,3952317960.7829,254.717109680176,999.917663574219,,,6,,,,17.0182931809348,,,1,,,,,,,,,,,,,,,,,,,,,,253.856826782227,255.626373291016,999.917663574219,999.917663574219,,,7.350022315979,,1,0,0,0,0,29.8142719268799,2,1,1,253.807846069336,0,254.752344767253,,,3.895959304232E-5,2.03979835251591E-6,3.90629695639077E-5,2.04012025881321E-6,0.661526799201965,0.668126702308655,17.3194026947021,0,30,4,200,-0.000824460876174271,0.0336832404136658,0.224370121955872,1,,,,,,,,,,,,,,,,
,3952317979.11711,251.6630859375,999.917663574219,,,6,,,,17.0057065296086,,,1,,,,,,,,,,,,,,,,,,,,,,250.836959838867,252.523315429687,999.917663574219,999.917663574219,,,7.34306335449219,,1,0,0,0,0,29.3255138397217,2,1,1,250.802856445313,0,251.70435418023,,,3.91503015980141E-5,2.05646288283589E-6,3.92432044760028E-5,2.05675916554752E-6,0.653147101402283,0.658852517604828,17.2916240692139,0,30,4,200,-0.000782964576501399,0.00366154196672142,0.193922430276871,1,,,,,,,,,,,,,,,,
,3952317997.46531,248.640251159668,999.917663574219,,,6,,,,16.9930028695116,,,1,,,,,,,,,,,,,,,,,,,,,,247.869415283203,249.441909790039,999.917663574219,999.917663574219,,,7.33516883850098,,1,0,0,0,0,32.7468223571777,2,1,1,247.838592529297,0,248.664538913303,,,3.89884699789936E-5,2.04510484507396E-6,3.91030818540735E-5,2.04545959366084E-6,0.656711876392365,0.663904070854187,17.3102416992187,,30,4,200,-0.000473299442091957,-0.0180837381631136,0.174177780747414,1,,,,,,,,,,,,,,,,
,3952318015.88973,245.695266723633,999.917663574219,,,6,,,,16.9803755928483,,,1,,,,,,,,,,,,,,,,,,,,,,244.967727661133,246.50178527832,999.917663574219,999.917663574219,,,7.32847929000855,,1,0,0,0,0,30.3030319213867,2,1,1,244.888748168945,0,245.75648159451,,,3.92551464499198E-5,2.06194245124976E-6,3.93835805991999E-5,2.06234510225944E-6,0.653181791305542,0.661086022853851,17.3155269622803,,30,4,200,-0.000405628437874839,-0.0440511852502823,0.147682890295982,1,,,,,,,,,,,,,,,,
,3952318034.23734,242.621589660645,999.917663574219,,,6,,,,16.9679854602175,,,1,,,,,,,,,,,,,,,,,,,,,,241.858169555664,243.416275024414,999.917663574219,999.917663574219,,,7.32110643386841,,1,0,0,0,0,29.8142719268799,2,1,1,241.826904296875,0,242.670420328776,,,3.93112284349213E-5,2.06574728923973E-6,3.9461589198309E-5,2.06622670405728E-6,0.652128100395203,0.66134238243103,17.3299236297607,,30,4,200,8.07202959549613E-5,-0.0633945986628532,0.127871423959732,1,,,,,,,,,,,,,,,,
,3952318052.63167,239.587997436523,999.917663574219,,,6,,,,16.9554370140162,,,1,,,,,,,,,,,,,,,,,,,,,,238.797149658203,240.425262451172,999.917663574219,999.917663574219,,,7.31371974945068,,1,0,0,0,0,28.8367557525635,2,1,1,238.750732421875,0,239.641267564562,,,3.98160867248504E-5,2.09403323732487E-6,3.9963226854349E-5,2.09448077724626E-6,0.6500164270401,0.658871591091156,17.3124504089355,INF,30,4,200,-0.000505720090586692,-0.0842722877860069,0.10835699737072,1,,,,,,,,,,,,,,,,
,3952318071.05002,236.383346557617,999.917663574219,,,6,,,,16.9429953758771,,,1,,,,,,,,,,,,,,,,,,,,,,235.590713500977,237.203277587891,999.917663574219,999.917663574219,,,7.30689430236816,,1,0,0,0,0,30.3030319213867,2,1,1,235.563415527344,0,236.396369086372,,,3.95619389255375E-5,2.07828290793175E-6,3.9761952879791E-5,2.07888712936245E-6,0.652905941009522,0.665224134922028,17.3586311340332,4.16636896133423,30,4,200,0.000253422214882448,-0.0955594852566719,0.0973783358931542,1,,,,,,,,,,,,,,,,
,3952318089.37305,233.441444396973,999.917663574219,,,6,,,,16.9306133144737,,,1,,,,,,,,,,,,,,,,,,,,,,232.75634765625,234.262985229492,999.917663574219,999.917663574219,,,7.29985094070435,,1,0,0,0,0,27.8592376708984,2,1,1,232.619903564453,0,233.464040120443,,,3.96999345438341E-5,2.08856726043586E-6,3.9908956698381E-5,2.08920427600385E-6,0.64924556016922,0.661902189254761,17.3552665710449,,30,4,200,0.000515648396685719,-0.105097159743309,0.0880534648895264,1,,,,,,,,,,,,,,,,
,3952318107.9396,230.401206970215,999.917663574219,,,6,,,,16.9184299676247,,,1,,,,,,,,,,,,,,,,,,,,,,229.706039428711,231.157348632813,999.917663574219,999.917663574219,,,7.29250431060791,,1,0,0,0,0,29.3255138397217,2,1,1,229.645065307617,0,230.404659695095,,,3.97578369522424E-5,2.09247496487303E-6,3.99921114921228E-5,2.09319107811981E-6,0.648218214511871,0.662361323833466,17.3671951293945,0.0121276080608368,30,4,200,0.000215969761484303,-0.11953230202198,0.0761733800172806,1,,,,,,,,,,,,,,,,
,3952318126.22599,227.213073730469,999.917663574219,,,6,,,,16.9060269742033,,,1,,,,,,,,,,,,,,,,,,,,,,226.430038452148,228.051147460938,999.917663574219,999.917663574219,,,7.2857837677002,,1,0,0,0,0,29.8142719268799,2,1,1,226.375,0,227.242565578885,,,3.99715612801117E-5,2.10621453460134E-6,4.02341643852654E-5,2.10701464181783E-6,0.645285427570343,0.660926282405853,17.3802070617676,0.00251287501305342,30,4,200,0.000153016153490171,-0.136892750859261,0.0592619515955448,1,,,,,,,,,,,,,,,,
,3952318144.58347,224.287048339844,999.917663574219,,,6,,,,16.8940829667446,,,1,,,,,,,,,,,,,,,,,,,,,,223.485733032227,225.117477416992,999.917663574219,999.917663574219,,,7.27849388122559,,1,0,0,0,0,29.8142719268799,2,1,1,223.456619262695,0,224.280665079753,,,4.00705602078504E-5,2.11215254647716E-6,4.03579360615988E-5,2.11302441156399E-6,0.6444451212883,0.661510288715363,17.389066696167,0,30,4,200,0.000281815009657294,-0.149385347962379,0.0478143692016602,1,,,,,,,,,,,,,,,,
,3952318162.86619,221.280494689941,999.917663574219,,,6,,,,16.8821457797766,,,1,,,,,,,,,,,,,,,,,,,,,,220.641174316406,222.102294921875,999.917663574219,999.917663574219,,,7.27204704284668,,1,0,0,0,0,29.8142719268799,2,1,1,220.458694458008,0,221.448505401611,,,4.02355930198866E-5,2.12227419195852E-6,4.05648744122647E-5,2.12324539893349E-6,0.642802596092224,0.662267446517944,17.4109153747559,5.00605583190918,30,4,200,7.84493822720833E-5,-0.16451670229435,0.0346339643001556,1,,,,,,,,,,,,,,,,
,3952318181.27778,218.110534667969,999.917663574219,,,6,,,,16.870458977592,,,1,,,,,,,,,,,,,,,,,,,,,,217.38899230957,219.005233764648,999.917663574219,999.917663574219,,,7.26489639282227,,1,0,0,0,0,28.3479976654053,2,1,1,217.215835571289,0,218.237085342407,,,4.02541005213224E-5,2.12450424814625E-6,4.06145112631553E-5,2.1255782766976E-6,0.641364395618439,0.662594854831696,17.4227046966553,0,30,4,200,1.10278460851987E-5,-0.17931866645813,0.0215669479221106,1,,,,,,,,,,,,,,,,
,3952318199.59734,215.106292724609,999.917663574219,,,6,,,,16.8586814751778,,,1,,,,,,,,,,,,,,,,,,,,,,214.257202148438,215.982925415039,999.917663574219,999.917663574219,,,7.2582426071167,,1,0,0,0,0,29.8142719268799,2,1,1,214.22966003418,0,215.101304796007,,,4.09669067847624E-5,2.16368940483475E-6,4.13447469862549E-5,2.16483672071025E-6,0.639611959457398,0.66133451461792,17.4202461242676,0,30,4,200,-0.000659777957480401,-0.203823536634445,-0.00267849094234407,1,,,,,,,,,,,,,,,,
,3952318218.05153,212.037223815918,999.917663574219,,,6,,,,16.8473123236552,,,1,,,,,,,,,,,,,,,,,,,,,,211.258972167969,212.868301391602,999.917663574219,999.917663574219,,,7.2511305809021,,1,0,0,0,0,29.8142719268799,2,1,1,211.206146240234,0,212.095221625434,,,4.02758640066141E-5,2.13219270017787E-6,4.06967768088854E-5,2.13346838380662E-6,0.633998513221741,0.658213436603546,17.4436492919922,0,30,4,200,0.000679263088386506,-0.208586126565933,-0.00552608910948038,1,,,,,,,,,,,,,,,,
,3952318236.351,208.907180786133,999.917663574219,,,6,,,,16.8356226246631,,,1,,,,,,,,,,,,,,,,,,,,,,208.111541748047,209.731262207031,999.917663574219,999.917663574219,,,7.24410247802734,,1,0,0,0,0,29.3255138397217,2,1,1,208.083099365234,0,208.923049926758,,,4.11875804247165E-5,2.18019274801853E-6,4.16460229564086E-5,2.18158716272551E-6,0.634288012981415,0.660167872905731,17.4522399902344,4.17758750915527,30,4,200,-6.22520747128874E-5,-0.227552965283394,-0.0257241763174534,1,,,,,,,,,,,,,,,,
,3952318254.6958,205.816879272461,999.917663574219,,,6,,,,16.8239450414584,,,1,,,,,,,,,,,,,,,,,,,,,,204.967086791992,206.721817016602,999.917663574219,999.917663574219,,,7.23682737350464,,1,0,0,0,0,29.8142719268799,2,1,1,204.91194152832,0,205.856758965386,,,4.18313876792887E-5,2.21375439357376E-6,4.23606838938713E-5,2.21532233475453E-6,0.634841799736023,0.664548754692078,17.4808235168457,,30,4,200,-0.00110559491440654,-0.244354948401451,-0.0418762117624283,1,,,,,,,,,,,,,,,,
,3952318273.2061,202.775848388672,999.917663574219,,,6,,,,16.8126674978234,,,1,,,,,,,,,,,,,,,,,,,,,,202.007217407227,203.604019165039,999.917663574219,999.917663574219,,,7.22958374023437,,1,0,0,0,0,29.3255138397217,2,1,1,201.947677612305,0,202.783218383789,,,4.17711958736377E-5,2.21425979833466E-6,4.23401821679231E-5,2.21595845257583E-6,0.630910217761993,0.662516176700592,17.4938583374023,0,30,4,200,-0.000944261031690985,-0.266734093427658,-0.0613827407360077,1,,,,,,,,,,,,,,,,
,3952318291.63447,199.633865356445,999.917663574219,,,6,,,,16.8013428079197,,,1,,,,,,,,,,,,,,,,,,,,,,198.816055297852,200.508590698242,999.917663574219,999.917663574219,,,7.22198152542114,,1,0,0,0,0,29.3255138397217,2,1,1,198.759140014648,0,199.707716200087,,,4.183146865682E-5,2.21955581909627E-6,4.24581685934271E-5,2.22140952023929E-6,0.628702342510223,0.663372874259949,17.5148601531982,4.1850757598877,30,4,200,-0.00100553582888097,-0.289807289838791,-0.0823536962270737,1,,,,,,,,,,,,,,,,
,3952318309.91676,196.53279876709,999.917663574219,,,6,,,,16.7902967901798,,,1,,,,,,,,,,,,,,,,,,,,,,195.810729980469,197.324752807617,999.917663574219,999.917663574219,,,7.21473789215088,,1,0,0,0,0,28.3479976654053,2,1,1,195.740844726562,0,196.535590277778,,,4.20460718366065E-5,2.23375970559222E-6,4.27440070303505E-5,2.23584902802623E-6,0.625787496566772,0.663981199264526,17.5401458740234,0,30,4,200,-0.000963367696385831,-0.311666071414948,-0.10316363722086,1,,,,,,,,,,,,,,,,
,3952318328.29534,193.44994354248,999.917663574219,,,6,,,,16.7793012182436,,,1,,,,,,,,,,,,,,,,,,,,,,192.68342590332,194.216461181641,999.917663574219,999.917663574219,,,7.20672178268433,,1,0,0,0,0,29.3255138397217,2,1,1,192.68342590332,0,193.496699015299,,,4.2092021558111E-5,2.23629231402863E-6,4.28702574446127E-5,2.23864445057343E-6,0.625693500041962,0.668506741523743,17.567684173584,0,30,4,200,-0.000404732301831245,-0.333597153425217,-0.12407048791647,1,,,,,,,,,,,,,,,,
,3952318346.73856,190.431495666504,999.917663574219,,,6,,,,16.7685799202016,,,1,,,,,,,,,,,,,,,,,,,,,,189.83039855957,191.211380004883,999.917663574219,999.917663574219,,,7.19925975799561,,1,0,0,0,0.0128173828125,29.3255138397217,2,1,1,189.651611328125,0,190.547573513455,,,4.23851419896249E-5,2.25568626791373E-6,4.32354492654567E-5,2.25821542398969E-6,0.621825218200684,0.667911291122436,17.5899333953857,0.0778798535466194,30,4,200,-0.0005204823683016,-0.352482169866562,-0.141383454203606,1,,,,,,,,,,,,,,,,
,3952318365.21742,187.364624023438,999.917663574219,,,6,,,,16.7578659157806,,,1,,,,,,,,,,,,,,,,,,,,,,186.55583190918,188.201675415039,999.917663574219,999.917663574219,,,7.19236707687378,,1,0,0,0,0,29.8142719268799,2,1,1,186.527572631836,0,187.395728217231,,,4.25785722214605E-5,2.26883889789084E-6,4.34933365608004E-5,2.27158924877466E-6,0.618982434272766,0.668024122714996,17.606954574585,0.00236890325322747,30,4,200,-0.000316703110001981,-0.366920799016953,-0.155308201909065,1,,,,,,,,,,,,,,,,
,3952318383.57581,184.217308044434,999.917663574219,,,6,,,,16.7471108242431,,,1,,,,,,,,,,,,,,,,,,,,,,183.506759643555,184.984268188477,999.917663574219,999.917663574219,,,7.18495082855225,,1,0,0,0,0,29.3255138397217,2,1,1,183.450347900391,0,184.203845553928,,,4.2740983580016E-5,2.27994263301799E-6,4.37452633753561E-5,2.28294359859333E-6,0.616581380367279,0.670149564743042,17.6334323883057,0,30,4,200,-0.000185124721610919,-0.377929836511612,-0.164883092045784,1,,,,,,,,,,,,,,,,
,3952318402.0505,181.171859741211,999.917663574219,,,6,,,,16.7364697930363,,,1,,,,,,,,,,,,,,,,,,,,,,180.406539916992,181.977203369141,999.917663574219,999.917663574219,,,7.1775393486023,,1,0,0,0,0,28.8367557525635,2,1,1,180.366516113281,0,181.19802347819,,,4.28701430403914E-5,2.29220432444493E-6,4.39457182735806E-5,2.29540128876498E-6,0.611408412456513,0.667808592319489,17.6523590087891,0.0111202709376812,30,4,200,-0.000153665925608948,-0.391457140445709,-0.176611691713333,1,,,,,,,,,,,,,,,,
,3952318420.43592,178.162246704102,999.917663574219,,,6,,,,16.7259998939118,,,1,,,,,,,,,,,,,,,,,,,,,,177.470092773438,178.8857421875,999.917663574219,999.917663574219,,,7.17041778564453,,1,0,0,0,0,28.8367557525635,2,1,1,177.438751220703,0,178.17461988661,,,4.3172237714411E-5,2.31047826241292E-6,4.43394385992734E-5,2.31394347841123E-6,0.609408497810364,0.670159161090851,17.6751365661621,0.0698804706335068,30,4,200,-0.000437668903032318,-0.405727922916412,-0.188777089118958,1,,,,,,,,,,,,,,,,
,3952318438.7979,175.081436157227,999.917663574219,,,6,,,,16.7155346141808,,,1,,,,,,,,,,,,,,,,,,,,,,174.36279296875,175.863632202148,999.917663574219,999.917663574219,,,7.16219472885132,,1,0,0,0,0,29.3255138397217,2,1,1,174.299240112305,0,175.158079359266,,,4.33766968147023E-5,2.32462651343122E-6,4.46422142339945E-5,2.32836461375808E-6,0.606429874897003,0.671765029430389,17.7000503540039,0.00206576916389167,30,4,200,-0.000124368918477558,-0.418590813875198,-0.201090559363365,1,,,,,,,,,,,,,,,,
,3952318457.16585,172.015869140625,999.917663574219,,,6,,,,16.7050231344185,,,1,,,,,,,,,,,,,,,,,,,,,,171.229904174805,172.801834106445,999.917663574219,999.917663574219,,,7.15511512756348,,1,0,0,0,0,27.8592376708984,2,1,1,171.229904174805,0,172.032189263238,,,4.37369047737368E-5,2.34958325513468E-6,4.50888981470531E-5,2.35357243951073E-6,0.601303815841675,0.669566988945007,17.7185840606689,0,30,4,200,-0.00055269367294386,-0.429753482341766,-0.209081470966339,1,,,,,,,,,,,,,,,,
,3952318475.66136,168.953811645508,999.917663574219,,,6,,,,16.6945795414382,,,1,,,,,,,,,,,,,,,,,,,,,,168.165008544922,169.79704284668,999.917663574219,999.917663574219,,,7.14743900299072,,1,0,0,0,0.0128173828125,27.3704795837402,2,1,1,168.110580444336,0,168.999126858181,,,4.38538970399885E-5,2.35932284534307E-6,4.53641477095759E-5,2.36380182470103E-6,0.598228693008423,0.6743243932724,17.7603759765625,,30,4,200,-0.000724195153452456,-0.446218997240067,-0.223825141787529,1,,,,,,,,,,,,,,,,
,3952318494.10322,165.821990966797,999.917663574219,,,6,,,,16.6842192856822,,,1,,,,,,,,,,,,,,,,,,,,,,165.021560668945,166.668548583984,999.917663574219,999.917663574219,,,7.14010047912598,,1,0,0,0,0,29.3255138397217,2,1,1,164.975433349609,0,165.871224297418,,,4.40655241834335E-5,2.37432477786247E-6,4.56758830216712E-5,2.37903103325771E-6,0.595064520835876,0.67549741268158,17.7805080413818,0,30,4,200,-0.000122497425763868,-0.460788875818253,-0.237253844738007,1,,,,,,,,,,,,,,,,
,3952318512.38991,162.735389709473,999.917663574219,,,6,,,,16.6740367050271,,,1,,,,,,,,,,,,,,,,,,,,,,162.076843261719,163.558929443359,999.917663574219,999.917663574219,,,7.13244962692261,,1,0,0,0,0,29.3255138397217,2,1,1,161.911849975586,0,162.860662460327,,,4.43734460629909E-5,2.39640920338886E-6,4.60983313937948E-5,2.40147280915732E-6,0.590364754199982,0.67499440908432,17.8032474517822,4.88763332366943,30,4,200,-0.000143726821988821,-0.473383814096451,-0.24723145365715,1,,,,,,,,,,,,,,,,
,3952318530.79644,159.610328674316,999.917663574219,,,6,,,,16.6639307302789,,,1,,,,,,,,,,,,,,,,,,,,,,158.923751831055,160.359771728516,999.917663574219,999.917663574219,,,7.12452793121338,,1,0,0,0,0,29.3255138397217,2,1,1,158.860885620117,0,159.654193454319,,,4.46016711602993E-5,2.41339363417275E-6,4.64753572479222E-5,2.41885353242701E-6,0.586465239524841,0.677577376365662,17.8352432250977,0,30,4,200,-0.000128976593259722,-0.483544856309891,-0.255783140659332,1,,,,,,,,,,,,,,,,
,3952318549.16369,156.617225646973,999.917663574219,,,6,,,,16.6538536920179,,,1,,,,,,,,,,,,,,,,,,,,,,155.825561523438,157.434951782227,999.917663574219,999.917663574219,,,7.11679553985596,,1,0,0,0,0,29.3255138397217,2,1,1,155.799499511719,0,156.626641167535,,,4.49521935125618E-5,2.43751465838274E-6,4.696890584914E-5,2.44334951285671E-6,0.582252025604248,0.678935170173645,17.8623180389404,0,30,4,200,0.000196624197997153,-0.492332100868225,-0.263103663921356,1,,,,,,,,,,,,,,,,
,3952318567.64705,153.697486877441,999.917663574219,,,6,,,,16.6440617809478,,,1,,,,,,,,,,,,,,,,,,,,,,152.982269287109,154.477066040039,999.917663574219,999.917663574219,,,7.10881805419922,,1,0,0,0,0,29.8142719268799,2,1,1,152.917907714844,0,153.746931287977,,,4.51207625575695E-5,2.45362506320754E-6,4.728617307894E-5,2.45990128975221E-6,0.576684057712555,0.678881585597992,17.8913116455078,0.00133037543855608,30,4,200,6.29381465842016E-5,-0.496232211589813,-0.264214217662811,1,,,,,,,,,,,,,,,,
,3952318586.05058,150.617340087891,999.917663574219,,,6,,,,16.6340852571656,,,1,,,,,,,,,,,,,,,,,,,,,,149.815979003906,151.469512939453,999.917663574219,999.917663574219,,,7.10113573074341,,1,0,0,0,0,29.8142719268799,2,1,1,149.765167236328,0,150.665874905056,,,4.53779966546354E-5,2.47665797225954E-6,4.76502113237105E-5,2.48330053031457E-6,0.569673717021942,0.673906624317169,17.9092178344727,0,30,4,200,5.84788676860626E-6,-0.506795287132263,-0.272065013647079,1,,,,,,,,,,,,,,,,
,3952318604.4008,147.680458068848,999.917663574219,,,6,,,,16.6242094989402,,,1,,,,,,,,,,,,,,,,,,,,,,146.976196289062,148.445846557617,999.917663574219,999.917663574219,,,7.09332656860352,,1,0,0,0,0,30.3030319213867,2,1,1,146.915069580078,0,147.694669935438,,,4.59027929902458E-5,2.50977146196567E-6,4.83790039388311E-5,2.51696783932021E-6,0.566316843032837,0.678642272949219,17.9434223175049,0.0724451020359993,30,4,200,-0.000519594876095653,-0.516262471675873,-0.278531461954117,1,,,,,,,,,,,,,,,,
,3952318622.70552,144.624397277832,999.917663574219,,,6,,,,16.6144116657827,,,1,,,,,,,,,,,,,,,,,,,,,,143.787948608398,145.505172729492,999.917663574219,999.917663574219,,,7.08526468276978,,1,0,0,0,0,29.3255138397217,2,1,1,143.743621826172,0,144.650436401367,,,4.61473755118651E-5,2.5287492083182E-6,4.88594161261185E-5,2.53663189843848E-6,0.562191784381866,0.684566676616669,17.984395980835,0,30,4,200,-4.96511529490817E-5,-0.523690342903137,-0.284032106399536,1,,,,,,,,,,,,,,,,
,3952318641.14152,141.452514648438,999.917663574219,,,6,,,,16.6047562175385,,,1,,,,,,,,,,,,,,,,,,,,,,140.698440551758,142.261596679688,999.917663574219,999.917663574219,,,7.07707262039185,,1,0,0,0,0,29.3255138397217,2,1,1,140.643432617188,0,141.520097520616,,,4.63950525952329E-5,2.55037079888846E-6,4.93206963879656E-5,2.55879059593786E-6,0.556411504745483,0.68656998872757,18.0199317932129,0,30,4,200,-5.694088031305E-5,-0.528767168521881,-0.286469846963882,1,,,,,,,,,,,,,,,,
,3952318659.42724,138.391677856445,999.917663574219,,,6,,,,16.5950858151556,,,1,,,,,,,,,,,,,,,,,,,,,,137.554916381836,139.228439331055,999.917663574219,999.917663574219,,,7.0690541267395,,1,0,0,0,0,29.8142719268799,2,1,1,137.554916381836,0,138.437177870009,,,4.66971345960956E-5,2.57515807656184E-6,4.98379844199144E-5,2.58425290101698E-6,0.550704300403595,0.688104689121246,18.0524368286133,0.108344316482544,30,4,200,0.000108248350443318,-0.53481787443161,-0.290019989013672,1,,,,,,,,,,,,,,,,
,3952318678.01496,135.270385742188,999.917663574219,,,6,,,,16.5856636884887,,,1,,,,,,,,,,,,,,,,,,,,,,134.439300537109,136.157592773438,999.917663574219,999.917663574219,,,7.06059312820435,,1,0,0,0,0,29.8142719268799,2,1,1,134.383178710938,0,135.30246480306,,,4.75702169407858E-5,2.63146132010759E-6,5.08664224680448E-5,2.64106587112101E-6,0.545239806175232,0.684310495853424,18.0671329498291,1.28238987922668,30,4,200,-0.00134705344680697,-0.538774847984314,-0.288298457860947,1,,,,,,,,,,,,,,,,
,3952318696.28758,132.1982421875,999.917663574219,,,6,,,,16.5758465028558,,,1,,,,,,,,,,,,,,,,,,,,,,131.370208740234,133.054382324219,999.917663574219,999.917663574219,,,7.05216884613037,,1,0,0,0,0,29.3255138397217,2,1,1,131.342102050781,0,132.168506198459,,,4.7657009133894E-5,2.64642512735852E-6,5.12455386623438E-5,2.65681643432093E-6,0.538603246212006,0.688565194606781,18.1127490997314,4.75153255462646,30,4,200,-0.00056086212862283,-0.556877970695496,-0.304759353399277,1,,,,,,,,,,,,,,,,
,3952318714.65047,129.086456298828,999.917663574219,,,6,,,,16.5665203372303,,,1,,,,,,,,,,,,,,,,,,,,,,128.278015136719,129.949371337891,999.917663574219,999.917663574219,,,7.04294157028198,,1,0,0,0,0,28.8367557525635,2,1,1,128.223541259766,0,129.175611707899,,,4.80886951778488E-5,2.67877647950184E-6,5.1956244840978E-5,2.68992036063799E-6,0.533306002616882,0.692629337310791,18.1491737365723,,30,4,200,-0.000453288608696312,-0.570584297180176,-0.31587079167366,1,,,,,,,,,,,,,,,,
,3952318732.98559,126.090915679932,999.917663574219,,,6,,,,16.5573032187444,,,1,,,,,,,,,,,,,,,,,,,,,,125.307426452637,126.929840087891,999.917663574219,999.917663574219,,,7.03482007980347,,1,0,0,0,0,29.3255138397217,2,1,1,125.251991271973,0,126.083146837023,,,4.85313544301115E-5,2.71418065223749E-6,5.2620169583019E-5,2.72597668933537E-6,0.5267294049263,0.690815627574921,18.1748867034912,,30,4,200,-0.000957002048380673,-0.583519220352173,-0.32305246591568,1,,,,,,,,,,,,,,,,
,3952318751.27516,122.979248046875,999.917663574219,,,6,,,,16.5482321368575,,,1,,,,,,,,,,,,,,,,,,,,,,122.259780883789,123.761795043945,999.917663574219,999.917663574219,,,7.02590417861938,,1,0,0,0,0,29.3255138397217,2,1,1,122.196701049805,0,123.020083109538,,,4.88300927947455E-5,2.74086640987534E-6,5.32532095523033E-5,2.75362462137315E-6,0.52080774307251,0.696336984634399,18.2164993286133,0,30,4,200,-0.000161750911502168,-0.58527946472168,-0.32291379570961,1,,,,,,,,,,,,,,,,
,3952318769.65928,119.861553192139,999.917663574219,,,6,,,,16.5391957525038,,,1,,,,,,,,,,,,,,,,,,,,,,119.07022857666,120.680763244629,999.917663574219,999.917663574219,,,7.01646900177002,,1,0,0,0,0,29.3255138397217,2,1,1,119.042343139648,0,119.867678324382,,,4.92656688164066E-5,2.77784813234578E-6,5.40246642675444E-5,2.79152671150171E-6,0.513625502586365,0.698475897312164,18.2558479309082,0.000204923271667212,30,4,200,-0.000584938388783485,-0.594477593898773,-0.327606737613678,1,,,,,,,,,,,,,,,,
,3952318788.16097,116.958862304687,999.917663574219,,,6,,,,16.5300845186091,,,1,,,,,,,,,,,,,,,,,,,,,,116.185424804687,117.761131286621,999.917663574219,999.917663574219,,,7.00624132156372,,1,0,0,0,0,29.3255138397217,2,1,1,116.156593322754,0,116.941929287381,,,4.97397673886599E-5,2.81717503163922E-6,5.48570193001936E-5,2.83180187172768E-6,0.506672561168671,0.701400399208069,18.2955188751221,4.65768146514893,30,4,200,-0.000747037876863033,-0.609254717826843,-0.337531328201294,1,,,,,,,,,,,,,,,,
,3952318806.46906,113.868667602539,999.917663574219,,,6,,,,16.5210178816601,,,1,,,,,,,,,,,,,,,,,,,,,,113.246368408203,114.674697875977,999.917663574219,999.917663574219,,,6.9964280128479,,1,0,0,0,0,29.3255138397217,2,1,1,113.062637329102,0,113.998338487413,,,5.01907400871649E-5,2.85659839400451E-6,5.56639915827617E-5,2.87214741138193E-6,0.499293237924576,0.702797293663025,18.3323078155518,0,30,4,200,-0.000725553720258176,-0.622142672538757,-0.34666433930397,1,,,,,,,,,,,,,,,,
,3952318824.92884,110.786449432373,999.917663574219,,,6,,,,16.5122196301346,,,1,,,,,,,,,,,,,,,,,,,,,,110.029014587402,111.599983215332,999.917663574219,999.917663574219,,,6.98585176467896,,1,0,0,0,0,29.8142719268799,2,1,1,109.972915649414,0,110.825731065538,,,5.06865934689867E-5,2.89840234172704E-6,5.65739379632931E-5,2.91501918587926E-6,0.49234527349472,0.707125186920166,18.373233795166,,30,4,200,-0.00049920316087082,-0.631972253322601,-0.352173566818237,1,,,,,,,,,,,,,,,,
,3952318843.34996,107.796077728271,999.917663574219,,,6,,,,16.5034452321601,,,1,,,,,,,,,,,,,,,,,,,,,,106.991241455078,108.658409118652,999.917663574219,999.917663574219,,,6.97558450698852,,1,0,0,0,0,30.3030319213867,2,1,1,106.933746337891,0,107.883776346842,,,5.12839644485933E-5,2.94852577137592E-6,5.75760107941171E-5,2.96628966630317E-6,0.484510570764542,0.707506775856018,18.4103221893311,4.29072523117065,30,4,200,-0.00122295541223139,-0.640137135982513,-0.353248745203018,1,,,,,,,,,,,,,,,,
,3952318861.69799,104.791351318359,999.917663574219,,,6,,,,16.4946951199023,,,1,,,,,,,,,,,,,,,,,,,,,,104.03588104248,105.588638305664,999.917663574219,999.917663574219,,,6.96491861343384,,1,0,0,0,0,28.3479976654053,2,1,1,103.994064331055,0,104.782740275065,,,5.18018542056022E-5,2.99404960136002E-6,5.85959803502531E-5,3.0132029891984E-6,0.477091073989868,0.713417768478394,18.4546165466309,0,30,4,200,-0.000994353089481592,-0.654455482959747,-0.36291515827179,1,,,,,,,,,,,,,,,,
,3952318879.91422,101.688770294189,999.917663574219,,,6,,,,16.4862263549454,,,1,,,,,,,,,,,,,,,,,,,,,,100.84741973877,102.560089111328,999.917663574219,999.917663574219,,,6.95327472686768,,1,0,0,0,0,29.3255138397217,2,1,1,100.817451477051,0,101.665144178602,,,5.24013295652617E-5,3.05122250247565E-6,5.98019720287596E-5,3.07210516972334E-6,0.466970026493073,0.716685235500336,18.5088043212891,0,30,4,200,-0.00117186084389687,-0.672055006027222,-0.37427419424057,1,,,,,,,,,,,,,,,,
,3952318898.29309,98.5401496887207,999.917663574219,,,6,,,,16.4779205202603,,,1,,,,,,,,,,,,,,,,,,,,,,97.7583923339844,99.321907043457,999.917663574219,999.917663574219,,,6.94174146652222,,1,0,0,0,0,29.3255138397217,2,1,1,97.7583923339844,0,98.5918646918403,,,5.29790123138201E-5,3.10338345954701E-6,6.09351916048053E-5,3.12569764163218E-6,0.459036499261856,0.721530914306641,18.5521392822266,0,30,4,200,-0.001027527381666,-0.681582450866699,-0.378145694732666,1,,,,,,,,,,,,,,,,
,3952318916.77961,95.375244140625,999.917663574219,,,6,,,,16.4696437588195,,,1,,,,,,,,,,,,,,,,,,,,,,94.6282348632813,96.1815567016602,999.917663574219,999.917663574219,,,6.92927265167236,,1,0,0,0,0,28.8367557525635,2,1,1,94.5689315795898,0,95.4074376424154,,,5.36235066432674E-5,3.16111053339004E-6,6.21568251333227E-5,3.18504371828877E-6,0.450862199068069,0.725005745887756,18.5940361022949,0,30,4,200,-0.00140877650119364,-0.695611298084259,-0.385519295930862,1,,,,,,,,,,,,,,,,
,3952318935.01745,92.4272155761719,999.917663574219,,,6,,,,16.4614304282314,,,1,,,,,,,,,,,,,,,,,,,,,,91.67333984375,93.1810913085938,999.917663574219,999.917663574219,,,6.91684436798096,,1,0,0,0,0,29.3255138397217,2,1,1,91.67333984375,0,92.4342685275608,,,5.42646171274193E-5,3.21856378236078E-6,6.33906683474531E-5,3.24389288440805E-6,0.443170845508575,0.72958117723465,18.6342239379883,4.83752955915406E-5,30,4,200,-0.000764066819101572,-0.711771547794342,-0.396256297826767,1,,,,,,,,,,,,,,,,
,3952318953.54728,89.2323570251465,999.917663574219,,,6,,,,16.4534716894921,,,1,,,,,,,,,,,,,,,,,,,,,,88.40283203125,90.107063293457,999.917663574219,999.917663574219,,,6.90278720855713,,1,0,0,0,0,29.3255138397217,2,1,1,88.3576507568359,0,89.2461234198676,,,5.5061052727672E-5,3.28934037106559E-6,6.48349084319592E-5,3.31652252175136E-6,0.434404850006103,0.730903387069702,18.6769351959229,0,30,4,200,-0.00220527919009328,-0.73397696018219,-0.409336596727371,1,,,,,,,,,,,,,,,,
,3952318971.8786,86.0731544494629,999.917663574219,,,6,,,,16.4451163188591,,,1,,,,,,,,,,,,,,,,,,,,,,85.3056793212891,86.8888778686523,999.917663574219,999.917663574219,,,6.88887786865234,,1,0,0,0,0,29.3255138397217,2,1,1,85.2574310302734,0,86.1148206922743,,,5.57285235187382E-5,3.35213242662262E-6,6.61918835395992E-5,3.38108290920492E-6,0.426270812749863,0.735901892185211,18.7185916900635,0.0885564759373665,30,4,200,-0.00153608678374439,-0.768876373767853,-0.438693672418594,1,,,,,,,,,,,,,,,,
,3952318990.24254,82.9881820678711,999.917663574219,,,6,,,,16.4372899129919,,,1,,,,,,,,,,,,,,,,,,,,,,82.226936340332,83.8219985961914,999.917663574219,999.917663574219,,,6.87384271621704,,1,0,0,0,0,29.8142719268799,2,1,1,82.1543655395508,0,82.9916127522786,,,5.63921977350477E-5,3.41534465536587E-6,6.75734648796357E-5,3.44625184473158E-6,0.418378084897995,0.741485893726349,18.7584781646729,0.000121887234854512,30,4,200,-0.000839862215798348,-0.775913536548615,-0.439708948135376,1,,,,,,,,,,,,,,,,
,3952319008.69603,79.9606132507324,999.917663574219,,,6,,,,16.4295445726863,,,1,,,,,,,,,,,,,,,,,,,,,,79.1880416870117,80.7890319824219,999.917663574219,999.917663574219,,,6.8578839302063,,1,0,0,0,0,29.3255138397217,2,1,1,79.132194519043,0,79.9688034057617,,,5.71594511939921E-5,3.48808401307552E-6,6.91198365094994E-5,3.52096003318993E-6,0.409903317689896,0.745786368846893,18.8000087738037,,30,4,200,-0.00126059364993125,-0.789321720600128,-0.444015085697174,1,,,,,,,,,,,,,,,,
,3952319027.05768,76.8629684448242,999.917663574219,,,6,,,,16.4218123962348,,,1,,,,,,,,,,,,,,,,,,,,,,76.1617889404297,77.5915374755859,999.917663574219,999.917663574219,,,6.84108781814575,,1,0,0,0,0,29.3255138397217,2,1,1,76.1343994140625,0,76.856807284885,,,5.79278527602595E-5,3.56273000818145E-6,7.07189692975588E-5,3.59779338567517E-6,0.401393204927444,0.75056529045105,18.8426074981689,4.34080696105957,30,4,200,-0.00124912417959422,-0.805778324604034,-0.453256547451019,1,,,,,,,,,,,,,,,,
,3952319045.26917,73.8725814819336,999.917663574219,,,6,,,,16.4142706615976,,,1,,,,,,,,,,,,,,,,,,,,,,73.0581741333008,74.6869888305664,999.917663574219,999.917663574219,,,6.82313251495361,,1,0,0,0,0.0128173828125,29.8142719268799,2,1,1,73.0581741333008,0,73.8644154866536,,,5.88413306870879E-5,3.64648097780975E-6,7.24916042665865E-5,3.68369173439482E-6,0.393373191356659,0.754979133605957,18.8815402984619,0,30,4,200,-0.00135564617812634,-0.824318826198578,-0.462850153446198,1,,,,,,,,,,,,,,,,
,3952319063.87872,70.6026039123535,999.917663574219,,,6,,,,16.4069695682375,,,1,,,,,,,,,,,,,,,,,,,,,,69.8449478149414,71.4429779052734,999.917663574219,999.917663574219,,,6.80494976043701,,1,0,0,0,0,29.3255138397217,2,1,1,69.7622299194336,0,70.6280831231011,,,5.96894554642584E-5,3.73043669102536E-6,7.42918118383531E-5,3.7701861465612E-6,0.384703874588013,0.760107934474945,18.9239139556885,0,30,4,200,-0.00123457575682551,-0.839112937450409,-0.468932330608368,1,,,,,,,,,,,,,,,,
,3952319082.27998,67.5042190551758,999.917663574219,,,6,,,,16.3995983782064,,,1,,,,,,,,,,,,,,,,,,,,,,66.6529083251953,68.4094924926758,999.917663574219,999.917663574219,,,6.78532123565674,,1,0,0,0,0,29.3255138397217,2,1,1,66.5989456176758,0,67.5140838623047,,,6.07714309842942E-5,3.83677084556886E-6,7.65269456108688E-5,3.87955754782283E-6,0.374646991491318,0.764254808425903,18.972957611084,0,30,4,200,-0.000992480549030006,-0.858183205127716,-0.476947963237762,1,,,,,,,,,,,,,,,,
,3952319100.64857,64.4527721405029,999.917663574219,,,6,,,,16.3925951063141,,,1,,,,,,,,,,,,,,,,,,,,,,63.7292022705078,65.2072677612305,999.917663574219,999.917663574219,,,6.76359701156616,,1,0,0,0,0.0128173828125,29.8142719268799,2,1,1,63.6982765197754,0,64.4560237460666,,,6.17482380110531E-5,3.932974135307E-6,7.85876365617241E-5,3.97846875542937E-6,0.366192013025284,0.769922494888306,19.0139350891113,0.00207149609923363,30,4,200,-0.0014394351746887,-0.875144481658936,-0.482320547103882,1,,,,,,,,,,,,,,,,
,3952319118.93653,61.1889495849609,999.917663574219,,,6,,,,16.3856330187315,,,1,,,,,,,,,,,,,,,,,,,,,,60.4583320617676,62.045337677002,999.917663574219,999.917663574219,,,6.74051713943481,,1,0,0,0,0,29.3255138397217,2,1,1,60.3325614929199,0,61.2293874952528,,,6.26844985802803E-5,4.02553757331503E-6,8.05538967564593E-5,4.07369246840649E-6,0.358547985553741,0.774329543113709,19.0495433807373,0,30,4,200,-0.000911605195142329,-0.889844417572022,-0.488461345434189,1,,,,,,,,,,,,,,,,
,3952319137.31254,58.100025177002,999.917663574219,,,6,,,,16.3789081878748,,,1,,,,,,,,,,,,,,,,,,,,,,57.4702377319336,58.9348983764648,999.917663574219,999.917663574219,,,6.71487522125244,,1,0,0,0,0.0141143798828125,29.3255138397217,2,1,1,57.2651519775391,0,58.1878662109375,,,6.37038129523533E-5,4.12520009344121E-6,8.26681162631888E-5,4.17629764885324E-6,0.351016163825989,0.778716564178467,19.0849285125732,0,30,4,200,-0.0010576982749626,-0.904449582099914,-0.492623001337051,1,,,,,,,,,,,,,,,,
,3952319155.66993,54.9208736419678,999.917663574219,,,6,,,,16.3722953358156,,,1,,,,,,,,,,,,,,,,,,,,,,54.1130142211914,55.7575912475586,999.917663574219,999.917663574219,,,6.68784141540527,,1,0,0,0,0,29.8142719268799,2,1,1,54.084156036377,0,54.9130083719889,,,6.478940428131E-5,4.22962027764999E-6,8.48720323329983E-5,4.28326008810295E-6,0.343889206647873,0.783155143260956,19.1183414459229,0,30,4,200,-0.00102787581272423,-0.918800234794617,-0.496265649795532,1,,,,,,,,,,,,,,,,
,3952319174.08186,51.8271446228027,999.917663574219,,,6,,,,16.3659410119568,,,1,,,,,,,,,,,,,,,,,,,,,,51.1527976989746,52.6639022827148,999.917663574219,999.917663574219,,,6.65709257125854,,1,0,0,0,0.0128173828125,29.3255138397217,2,1,1,50.9903869628906,0,51.8836042616102,,,6.59154564341189E-5,4.33790359567303E-6,8.71657927367321E-5,4.39459147036668E-6,0.336995393037796,0.787632167339325,19.1502456665039,0,30,4,200,-0.000918476609513164,-0.935804724693298,-0.501619219779968,1,,,,,,,,,,,,,,,,
,3952319192.4595,48.6876049041748,999.917663574219,,,6,,,,16.3596585167735,,,1,,,,,,,,,,,,,,,,,,,,,,47.8613739013672,49.5658721923828,999.917663574219,999.917663574219,,,6.62351608276367,,1,0,0,0,0,29.3255138397217,2,1,1,47.8093376159668,0,48.7029270595974,,,6.71294545802895E-5,4.45813003725036E-6,8.97184017292602E-5,4.51829490540957E-6,0.32942607998848,0.792661488056183,19.1860332489014,3.96782255172729,30,4,200,-0.000825483468361199,-0.953113377094269,-0.506918966770172,1,,,,,,,,,,,,,,,,
,3952319210.83761,45.5592632293701,999.917663574219,,,6,,,,16.353569293045,,,1,,,,,,,,,,,,,,,,,,,,,,44.7616882324219,46.3849868774414,999.917663574219,999.917663574219,,,6.58768558502197,,1,0,0,0,0,29.8142719268799,2,1,1,44.7335395812988,0,45.5576951768663,,,6.82017185456256E-5,4.56814673778689E-6,9.20688794956491E-5,4.63159846352298E-6,0.322519242763519,0.797776997089386,19.2179107666016,0.0724451020359993,30,4,200,-0.000724347657524049,-0.969171166419983,-0.511855959892273,1,,,,,,,,,,,,,,,,
,3952319229.1966,42.4546756744385,999.917663574219,,,6,,,,16.3477183670203,,,1,,,,,,,,,,,,,,,,,,,,,,41.6539764404297,43.2849388122559,999.917663574219,999.917663574219,,,6.54860591888428,,1,0,0,0,0,27.8592376708984,2,1,1,41.6244125366211,0,42.4556524488661,,,6.92760397330024E-5,4.68407383902553E-6,9.45336421352828E-5,4.75102513707674E-6,0.315099000930786,0.802389800548553,19.2526092529297,4.38777923583984,30,4,200,-0.000470878294436261,-0.984956860542297,0.609943211078644,1,,,,,,,,,,,,,,,,
,3952319247.55177,39.3094635009766,999.917663574219,,,6,,,,16.342032325672,,,1,,,,,,,,,,,,,,,,,,,,,,38.4489669799805,40.1699600219727,999.917663574219,999.917663574219,,,6.50328826904297,,1,0,0,0,0.014190673828125,29.8142719268799,2,1,1,38.4489669799805,0,39.2991557651096,,,7.04498901766408E-5,4.80473988721776E-6,9.70940014026806E-5,4.87505352769103E-6,0.308496862649918,0.807084500789642,19.2834167480469,0,30,4,200,-0.000530522083863616,-0.999255478382111,0.606871604919434,1,,,,,,,,,,,,,,,,
,3952319266.00309,36.1107444763184,999.917663574219,,,6,,,,16.3365106498424,,,1,,,,,,,,,,,,,,,,,,,,,,35.2912063598633,37.0076904296875,999.917663574219,999.917663574219,,,6.45329284667969,,1,0,0,0,0,29.3255138397217,2,1,1,35.2137985229492,0,36.1125954522027,,,7.16031151366495E-5,4.92511707132172E-6,9.96533635048793E-5,4.99914725322609E-6,0.30215972661972,0.811541438102722,19.3125305175781,0,30,4,200,-0.000349269801517948,-1.01290237903595,0.605735599994659,1,,,,,,,,,,,,,,,,
,3952319284.30792,33.0213394165039,999.917663574219,,,6,,,,16.3311815385739,,,1,,,,,,,,,,,,,,,,,,,,,,32.198974609375,33.8806343078613,999.917663574219,999.917663574219,,,6.39473533630371,,1,0,0,0,0,29.3255138397217,2,1,1,32.1620445251465,0,33.0173030429416,,,7.27923203495013E-5,5.04521429524204E-6,0.000102185615896482,5.12219548445565E-6,0.296622037887573,0.815564930438995,19.3373432159424,0,30,4,200,-0.000333550735376775,-1.02498030662537,0.605767726898193,1,,,,,,,,,,,,,,,,
,3952319302.64394,29.8976316452026,999.917663574219,,,6,,,,16.3260988862897,,,1,,,,,,,,,,,,,,,,,,,,,,29.0782814025879,30.7169818878174,999.917663574219,999.917663574219,,,6.3253378868103,,1,0,0,0,0,29.8142719268799,2,1,1,29.048620223999,0,29.8731038835314,,,7.40352013798182E-5,5.17137990836574E-6,0.000104863013729601,5.25250093313857E-6,0.291106164455414,0.81950181722641,19.3617935180664,0.345828801393509,30,4,200,-0.000281789252767339,-1.0365651845932,0.606623768806457,1,,,,,,,,,,,,,,,,
,3952319312.34323,28.2393026351929,999.917663574219,,,6,,,,16.3260988862897,,,1,,,,,,,,,,,,,,,,,,,,,,27.5595417022705,29.03125,999.917663574219,999.917663574219,,,6.28454828262329,,1,0,0,0,0,29.3255138397217,2,1,1,27.4473552703857,0,28.3484776814779,,,7.47743093895011E-5,5.23895985313828E-6,0.000106281822514692,5.32147028888175E-6,0.288975983858109,0.821629464626312,19.3733539581299,,30,4,200,-0.000134781119413674,-1.04332458972931,0.607037663459778,1,,,,,,,,,,,,,,,,
,3952319330.56495,25.2225522994995,999.917663574219,,,6,,,,16.3187076190041,,,1,,,,,,,,,,,,,,,,,,,,,,24.4815788269043,26.0097465515137,999.917663574219,999.917663574219,,,6.1935544013977,,1,0,0,0,0,29.3255138397217,2,1,1,24.4353580474854,0,25.2327416737874,,,7.59586817569285E-5,5.36690946525169E-6,0.000108993863425253,5.45359253905725E-6,0.2831971347332,0.825318396091461,19.3976516723633,0,30,4,200,-4.00559365516529E-5,-1.05174386501312,0.611822903156281,1,,,,,,,,,,,,,,,,
,3952319340.5846,23.504391670227,999.917663574219,,,6,,,,16.3187076190041,,,1,,,,,,,,,,,,,,,,,,,,,,22.6990432739258,24.3692607879639,999.917663574219,999.917663574219,,,6.1333498954773,,1,0,0,0,0,29.3255138397217,2,1,1,22.6395225524902,0,23.4885408401489,,,7.67186816852192E-5,5.4380983437238E-6,0.000110489089363374,5.52637142140064E-6,0.281022191047668,0.82737398147583,19.4090518951416,0,30,4,200,5.76409729546867E-5,-1.05567073822021,0.614727675914764,1,,,,,,,,,,,,,,,,
,3952319359.48383,20.2865076065063,999.917663574219,,,6,,,,16.3116466082556,,,1,,,,,,,,,,,,,,,,,,,,,,19.6358814239502,21.0638885498047,999.917663574219,999.917663574219,,,5.99868869781494,,1,0,0,0,0,29.8142719268799,2,1,1,19.509126663208,0,20.3326282501221,,,7.80356250101469E-5,5.57444990939779E-6,0.000113366497827013,5.66640271757446E-6,0.275877565145493,0.831276416778564,19.4307479858398,0,30,4,200,0.000134124187752604,-1.06081891059875,0.621912837028503,1,,,,,,,,,,,,,,,,
,3952319369.15422,18.7096652984619,999.917663574219,,,6,,,,16.3116466082556,,,1,,,,,,,,,,,,,,,,,,,,,,18.1051464080811,19.4748096466064,999.917663574219,999.917663574219,,,5.91631031036377,,1,0,0,0,0,29.8142719268799,2,1,1,17.9445209503174,0,18.8225667741564,,,7.87517062907314E-5,5.64052151046906E-6,0.000114755537717821,5.73408072401768E-6,0.274144619703293,0.833043873310089,19.4394245147705,0.0127265825867653,30,4,200,0.00026603473816067,-1.06258988380432,0.627281308174133,1,,,,,,,,,,,,,,,,
,3952319387.64906,15.6706218719482,999.917663574219,,,6,,,,16.305212603665,,,1,,,,,,,,,,,,,,,,,,,,,,15.0213565826416,16.4738864898682,999.917663574219,999.917663574219,,,5.69227933883667,,1,0,0,0,0,29.8142719268799,2,1,1,14.8422679901123,0,15.7836008071899,,,7.99021869896765E-5,5.75383687183415E-6,0.000117142476188477,5.85080724558014E-6,0.270660430192947,0.835595786571503,19.4523811340332,4.41048526763916,30,4,200,0.000333580479491502,-1.0632551908493,0.637313544750214,1,,,,,,,,,,,,,,,,
,3952319397.3717,14.0914525985718,999.917663574219,,,6,,,,16.305212603665,,,1,,,,,,,,,,,,,,,,,,,,,,13.4249935150146,14.8422679901123,999.917663574219,999.917663574219,,,5.54463720321655,,1,0,0,0,0,29.8142719268799,2,1,1,13.3406372070312,0,14.1480582555135,,,7.996717402326E-5,5.74646758006591E-6,0.000116955446035389,5.8425167893597E-6,0.272008776664734,0.834535241127014,19.4448261260986,,30,4,200,-2.18018285522703E-5,-1.06009864807129,-0.482136964797974,1,,,,,,,,,,,,,,,,
,3952319415.55207,11.1841735839844,999.917663574219,,,6,,,,16.2992392010393,,,1,,,,,,,,,,,,,,,,,,,,,,10.502161026001,11.9586448669434,999.917663574219,999.917663574219,,,5.12988185882568,,1,0,0,0,0,29.8142719268799,2,1,1,10.4097023010254,0,11.1949838002523,,,7.65053995574792E-5,5.34081097430264E-6,0.000108320046788404,5.42422442910415E-6,0.291515529155731,0.820927739143372,19.3331203460693,0,30,4,200,1.02241283457261E-5,-1.01787257194519,-0.478141188621521,1,,,,,,,,,,,,,,,,
,3952319425.16299,9.98152160644531,999.917663574219,,,6,,,,16.2992392010393,,,1,,,,,,,,,,,,,,,,,,,,,,9.6125545501709,10.4097023010254,999.917663574219,999.917663574219,,,4.94985437393188,,1,0,0,0,0,29.8142719268799,2,1,1,9.55334091186523,0,9.92895730336507,,,7.478957254462E-5,5.13441053802869E-6,0.00010394764819963,5.21139695925119E-6,0.303577482700348,0.814686179161072,19.2671642303467,,30,4,200,0.000266675255261362,-0.98857581615448,-0.475283563137054,1,,,,,,,,,,,,,,,,
,3952319443.32747,8.74287605285645,999.917663574219,,,6,,,,16.2942051259186,,,1,,,,,,,,,,,,,,,,,,,,,,8.59390354156494,8.90939521789551,999.917663574219,999.917663574219,,,4.7122917175293,,1,0,0,0,0,29.3255138397217,6,1,1,8.57635688781738,0,8.74659495883518,,,7.40786119886581E-5,5.0421616726448E-6,0.0001019462754184,5.11571205318347E-6,0.310005813837051,0.810008525848389,19.2275238037109,0.00784805882722139,30,4,200,-0.000286964088445529,-0.976011395454407,-0.47311133146286,1,,,,,,,,,,,,,,,,
,3952319453.23118,8.40536117553711,999.917663574219,,,6,,,,16.2942051259186,,,1,,,,,,,,,,,,,,,,,,,,,,8.25862789154053,8.57635688781738,999.917663574219,999.917663574219,,,4.61321258544922,,1,0,0,0,0,29.8142719268799,6,1,1,8.23436546325684,0,8.40795907974243,,,7.39539501972817E-5,5.02027787420815E-6,0.000101468157575053,5.09286998780842E-6,0.312037855386734,0.808865427970886,19.2165203094482,0,30,4,200,-9.74576541921124E-5,-0.973843514919281,-0.472829550504684,1,,,,,,,,,,,,,,,,
,3952319472.07098,8.13276863098145,999.917663574219,,,6,,,,16.2880680720323,,,1,,,,,,,,,,,,,,,,,,,,,,7.81895589828491,8.84210395812988,999.917663574219,999.917663574219,,,4.49178171157837,,1,0,0,0,0,29.3255138397217,6,1,1,7.87003135681152,0,8.32515674167209,,,7.40091359177653E-5,5.01294796053054E-6,0.000101224688018945,5.08487672658382E-6,0.313733458518982,0.804722189903259,19.195104598999,0.00712673924863338,30,4,200,-0.000497163331601769,-0.977887392044067,-0.465533316135406,1,,,,,,,,,,,,,,,,
,3952319481.80052,7.82815814018249,999.917663574219,,,6,,,,16.2880680720323,,,1,,,,,,,,,,,,,,,,,,,,,,7.78804874420166,7.88726711273193,999.917663574219,999.917663574219,,,4.425368309021,,1,0,0,0,0,29.3255138397217,6,1,1,7.78628492355347,0,7.82925510406494,,,7.36565564487923E-5,4.97906255213867E-6,0.000100580831351829,5.0502740531687E-6,0.315285503864288,0.806938230991364,19.1921730041504,,30,4,200,-0.000246949843131006,-0.970750689506531,-0.474131524562836,1,,,,,,,,,,,,,,,,
,3952319500.34293,7.58846616744995,999.917663574219,,,6,,,,16.2824620755151,,,1,,,,,,,,,,,,,,,,,,,,,,7.52826547622681,7.65349340438843,999.917663574219,999.917663574219,,,4.36063003540039,,1,0,0,0,0,29.8142719268799,6,1,1,7.52343893051148,0,7.58320596483019,,,7.34051040204817E-5,4.96140523251014E-6,0.000100220382604932,5.0322394731388E-6,0.315388739109039,0.806875467300415,19.1865215301514,0.265877425670624,30,4,200,-0.000434902322012931,-0.970443427562714,-0.47573134303093,1,,,,,,,,,,,,,,,,
,3952319510.49901,6.80596351623535,999.917663574219,,,6,,,,16.2824620755151,,,1,,,,,,,,,,,,,,,,,,,,,,6.08848810195923,7.51829147338867,999.917663574219,999.917663574219,,,4.1837420463562,,1,0,0,0,0,29.3255138397217,6,1,1,6.08848810195923,0,6.91098127365112,,,7.35795161396723E-5,4.94750915079745E-6,9.9856589357874E-5,5.01686522117796E-6,0.319440007209778,0.804022789001465,19.1642932891846,0,30,4,200,0.00172459043096751,-0.963623404502869,-0.463426858186722,1,,,,,,,,,,,,,,,,
,3952319520.51368,5.20599985122681,999.917663574219,,,6,,,,16.2824620755151,,,1,,,,,,,,,,,,,,,,,,,,,,4.52881479263306,6.02276802062988,999.917663574219,999.917663574219,,,3.8275134563446,,1,0,0,0,0,29.8142719268799,6,1,1,4.38923168182373,0,5.28205177519057,,,7.40296907838351E-5,4.94989921820893E-6,9.9832823063443E-5,5.01811646348551E-6,0.323910534381866,0.801649212837219,19.1412734985352,0,30,4,200,0.00455584423616529,-0.934196293354034,-0.430357933044434,1,,,,,,,,,,,,,,,,
,3952319530.18262,4.29523539543152,999.917663574219,,,6,,,,16.2824620755151,,,1,,,,,,,,,,,,,,,,,,,,,,4.19354677200317,4.38923168182373,999.917663574219,999.917663574219,,,3.70863747596741,,1,0,0,0,0,29.3255138397217,2,1,1,4.20123910903931,0,4.22108115090264,,,7.43343927338286E-5,4.95752140088493E-6,9.99671107417074E-5,5.0253479410101E-6,0.325981557369232,0.801184356212616,19.1296215057373,4.37374210357666,30,4,200,-0.00101500342134386,-0.902792513370514,-0.41007587313652,1,,,,,,,,,,,,,,,,
,3952319539.86637,4.20630574226379,999.917663574219,,,6,,,,16.2824620755151,,,1,,,,,,,,,,,,,,,,,,,,,,4.16744184494019,4.20922327041626,999.917663574219,999.917663574219,,,3.64555931091309,,1,0,0,0,0,29.8142719268799,5,1,1,4.21137237548828,0,4.19495026270549,,,7.44689003996093E-5,4.95768100875246E-6,9.99574506661356E-5,5.02509398169532E-6,0.32742315530777,0.800961196422577,19.1206455230713,0,30,4,200,-0.0012326876167208,-0.908796489238739,-0.414824306964874,1,,,,,,,,,,,,,,,,
,3952319549.9994,4.20548415184021,999.917663574219,,,6,,,,16.2824620755151,,,1,,,,,,,,,,,,,,,,,,,,,,4.19849586486816,4.20972013473511,999.917663574219,999.917663574219,,,3.60117602348328,,1,0,0,0,0,29.8142719268799,6,1,1,4.20124816894531,0,4.20175881385803,,,7.4403139060513E-5,4.96135848249146E-6,0.000100050218543242,5.02931402856462E-6,0.326103508472443,0.801387310028076,19.1287384033203,1.15994656085968,30,4,200,-0.000809298129752278,-0.914680302143097,-0.421121656894684,1,,,,,,,,,,,,,,,,
,3952319559.83439,4.20072197914124,999.917663574219,,,6,,,,16.2824620755151,,,1,,,,,,,,,,,,,,,,,,,,,,4.19891834259033,4.20143556594849,999.917663574219,999.917663574219,,,3.59080624580383,,1,0,0,0,0,29.8142719268799,5,1,1,4.20023584365845,0,4.20019298129612,,,7.44246605957378E-5,4.96386136939815E-6,0.000100100193312826,5.03182753897208E-6,0.325929343700409,0.80138623714447,19.1299266815186,1,30,4,200,-0.000806977623142302,-0.920016765594482,-0.426406532526016,1,,,,,,,,,,,,,,,,
,3952319569.56002,4.20064949989319,999.917663574219,,,6,,,,16.2824620755151,,,1,,,,,,,,,,,,,,,,,,,,,,4.19838047027588,4.20125007629395,999.917663574219,999.917663574219,,,3.58664083480835,,1,0,0,0,0.0140380859375,29.8142719268799,5,1,1,4.20095109939575,0,4.19998624589708,,,7.43814598200206E-5,4.96022098310498E-6,0.000100026835480006,5.02802323036457E-6,0.326053082942963,0.80149781703949,19.1290760040283,0.253079205751419,30,4,200,-0.000889760151039809,-0.924775540828705,-0.431486666202545,1,,,,,,,,,,,,,,,,
,3952319579.58334,4.20085096359253,999.917663574219,,,6,,,,16.2824620755151,,,1,,,,,,,,,,,,,,,,,,,,,,4.19869565963745,4.20145130157471,999.917663574219,999.917663574219,,,3.58962416648865,,1,0,0,0,0,29.3255138397217,5,1,1,4.20075082778931,0,4.200017786026,,,7.43426104394284E-5,4.95834851049274E-6,9.99877492162853E-5,5.02620311976676E-6,0.325936019420624,0.80135989189148,19.1294593811035,0,30,4,200,-0.000717174494639039,-0.930453538894653,-0.436203718185425,1,,,,,,,,,,,,,,,,
,3952319589.64821,4.20042943954468,999.917663574219,,,6,,,,16.2824620755151,,,1,,,,,,,,,,,,,,,,,,,,,,4.19828081130981,4.20157527923584,999.917663574219,999.917663574219,,,3.58998823165894,,1,0,0,0,0,29.3255138397217,5,1,1,4.20010805130005,0,4.19993209838867,,,7.43534304697109E-5,4.95967798161266E-6,0.000100015613966654,5.02756750420433E-6,0.32583674788475,0.80139434337616,19.1302852630615,0.0970560610294342,30,4,200,-0.000997991883195937,-0.935852527618408,-0.442820221185684,1,,,,,,,,,,,,,,,,
,3952319599.41335,4.19988536834717,999.917663574219,,,6,,,,16.2824620755151,,,1,,,,,,,,,,,,,,,,,,,,,,4.19857978820801,4.20174503326416,999.917663574219,999.917663574219,,,3.59117937088013,,1,0,0,0,0,29.3255138397217,5,1,1,4.20026636123657,0,4.19998375574748,,,7.43216260168774E-5,4.95783372728704E-6,9.99829659651319E-5,5.02585502198939E-6,0.325791329145431,0.80146199464798,19.1304206848145,0.0152213051915169,30,4,200,-0.000885238638147712,-0.942440688610077,-0.449557304382324,1,,,,,,,,,,,,,,,,
,3952319609.39707,4.20037174224854,999.917663574219,,,6,,,,16.2824620755151,,,1,,,,,,,,,,,,,,,,,,,,,,4.19835996627808,4.20105218887329,999.917663574219,999.917663574219,,,3.59148907661438,,1,0,0,0,0,29.3255138397217,1,1,1,4.2004771232605,0,4.1999119758606,,,7.43187561057878E-5,4.9588503984043E-6,0.000100000643371457,5.02670514995721E-6,0.325594305992126,0.80149918794632,19.1319255828857,,30,4,200,-0.000839090964291245,-0.94885927438736,-0.456435471773148,1,,,,,,,,,,,,,,,,
